0 0.866406 0.457031 0.042188 0.109375
0 0.791406 0.455078 0.042188 0.113281
0 0.834375 0.460938 0.021875 0.109375
0 0.846875 0.456055 0.018750 0.099609
0 0.831250 0.412109 0.021875 0.039062
0 0.610938 0.408203 0.009375 0.031250
0 0.640625 0.408203 0.009375 0.031250
0 0.667188 0.409180 0.015625 0.033203
0 0.113281 0.437500 0.017188 0.078125
0 0.076563 0.437500 0.018750 0.074219
2 0.659375 0.460938 0.200000 0.074219
2 0.736719 0.437500 0.101562 0.062500
2 0.441406 0.445312 0.064062 0.062500
2 0.421094 0.429688 0.048438 0.050781
2 0.396094 0.424805 0.023438 0.037109
2 0.380469 0.418945 0.017188 0.029297
2 0.370312 0.413086 0.009375 0.017578
2 0.363281 0.410156 0.007812 0.015625
2 0.357031 0.408203 0.007812 0.015625
2 0.336719 0.408203 0.014063 0.015625
2 0.328125 0.402344 0.006250 0.007812
2 0.318750 0.404297 0.012500 0.011719
2 0.291406 0.425781 0.045312 0.046875
2 0.220312 0.484375 0.112500 0.117188
2 0.178906 0.434570 0.079687 0.080078
2 0.233594 0.412109 0.045312 0.042969
2 0.264062 0.419922 0.025000 0.042969
2 0.310937 0.406250 0.009375 0.011719
11 0.049219 0.313477 0.039062 0.048828
11 0.050781 0.345703 0.014063 0.015625
11 0.957812 0.348633 0.028125 0.056641
11 0.956250 0.384766 0.015625 0.015625
