9 0.758594 0.390625 0.004687 0.015625
11 0.807031 0.414062 0.014063 0.023438
3 0.598437 0.540039 0.056250 0.099609
2 0.051562 0.576172 0.090625 0.070312
2 0.060156 0.532227 0.120313 0.091797
2 0.038281 0.747070 0.076563 0.185547
2 0.142969 0.538086 0.042188 0.037109
2 0.197656 0.534180 0.045312 0.037109
2 0.234375 0.568359 0.062500 0.105469
2 0.774219 0.462891 0.029687 0.035156
2 0.757031 0.474609 0.026562 0.046875
2 0.729688 0.488281 0.062500 0.062500
2 0.391406 0.522461 0.264062 0.251953
2 0.544531 0.503906 0.064062 0.062500
2 0.588281 0.491211 0.051562 0.060547
2 0.635156 0.486328 0.048438 0.035156
2 0.681250 0.556641 0.150000 0.175781
0 0.596875 0.515625 0.043750 0.101562
