9 0.229687 0.383789 0.006250 0.021484
9 0.287500 0.376953 0.006250 0.019531
9 0.389062 0.393555 0.006250 0.017578
9 0.494531 0.422852 0.007812 0.021484
9 0.370312 0.425781 0.003125 0.007812
9 0.398438 0.425781 0.003125 0.007812
9 0.415625 0.426758 0.003125 0.005859
9 0.479687 0.432617 0.006250 0.017578
11 0.276562 0.375977 0.012500 0.013672
11 0.429688 0.415039 0.018750 0.005859
11 0.981250 0.439453 0.012500 0.019531
0 0.716406 0.482422 0.029687 0.066406
2 0.204687 0.487305 0.118750 0.091797
2 0.821875 0.485352 0.053125 0.037109
2 0.921094 0.494141 0.070312 0.042969
2 0.881250 0.489258 0.065625 0.041016
2 0.288281 0.473633 0.026562 0.025391
2 0.360156 0.476562 0.023438 0.023438
