5 0.444531 0.488281 0.010937 0.015625
0 0.264844 0.485352 0.017188 0.068359
0 0.240625 0.486328 0.018750 0.054688
0 0.215625 0.500977 0.012500 0.041016
2 0.418750 0.512695 0.015625 0.017578
2 0.508594 0.511719 0.017188 0.019531
2 0.356250 0.499023 0.050000 0.041016
2 0.403906 0.509766 0.017188 0.019531
2 0.387500 0.507812 0.012500 0.023438
2 0.454688 0.496094 0.009375 0.007812
2 0.475781 0.491211 0.007812 0.005859
2 0.465625 0.467773 0.006250 0.005859
2 0.451562 0.477539 0.006250 0.005859
0 0.589844 0.425781 0.014063 0.027344
78 0.580469 0.460938 0.089063 0.140625
