9 0.700781 0.368164 0.007812 0.021484
9 0.166406 0.361328 0.042188 0.113281
9 0.185938 0.518555 0.015625 0.044922
9 0.436719 0.411133 0.007812 0.017578
9 0.564063 0.451172 0.006250 0.015625
9 0.546875 0.451172 0.006250 0.023438
11 0.473438 0.433594 0.012500 0.035156
11 0.053125 0.498047 0.062500 0.078125
11 0.053906 0.547852 0.045312 0.033203
11 0.364844 0.418945 0.029687 0.037109
11 0.365625 0.456055 0.031250 0.037109
11 0.367969 0.483398 0.026562 0.013672
11 0.978906 0.405273 0.014063 0.025391
3 0.550000 0.517578 0.031250 0.046875
3 0.375781 0.702148 0.142187 0.259766
2 0.649219 0.473633 0.014063 0.017578
2 0.671094 0.485352 0.032813 0.037109
2 0.700000 0.496094 0.050000 0.054688
2 0.773438 0.479492 0.115625 0.146484
2 0.989062 0.483398 0.018750 0.068359
2 0.024219 0.591797 0.048438 0.097656
2 0.175781 0.551758 0.092188 0.068359
2 0.275000 0.527344 0.106250 0.066406
2 0.236719 0.528320 0.042188 0.048828
2 0.418750 0.514648 0.050000 0.048828
2 0.455469 0.500977 0.032813 0.033203
2 0.499219 0.495117 0.032813 0.037109
2 0.514062 0.492188 0.025000 0.027344
2 0.476562 0.497070 0.021875 0.029297
2 0.573438 0.486328 0.028125 0.031250
2 0.545312 0.502930 0.050000 0.048828
2 0.617969 0.514648 0.082812 0.095703
2 0.356250 0.588867 0.190625 0.162109
2 0.066406 0.576172 0.092188 0.085938
0 0.550000 0.502930 0.025000 0.056641
0 0.379688 0.606445 0.118750 0.240234
