11 0.041406 0.461914 0.023438 0.029297
11 0.466406 0.434570 0.004687 0.009766
0 0.724219 0.473633 0.026562 0.041016
0 0.673438 0.466797 0.018750 0.042969
0 0.582812 0.443359 0.012500 0.035156
2 0.923438 0.490234 0.150000 0.117188
2 0.604688 0.548828 0.109375 0.132812
2 0.446875 0.688477 0.393750 0.431641
2 0.074219 0.482422 0.092188 0.070312
2 0.199219 0.457031 0.054688 0.023438
2 0.407813 0.441406 0.031250 0.027344
2 0.369531 0.441406 0.032813 0.031250
2 0.845313 0.434570 0.037500 0.017578
2 0.767188 0.445312 0.037500 0.015625
2 0.724219 0.437500 0.032813 0.019531
2 0.689844 0.437500 0.032813 0.019531
2 0.654687 0.430664 0.025000 0.017578
2 0.262500 0.444336 0.062500 0.029297
10 0.824219 0.589844 0.029687 0.082031
