5 0.577344 0.516602 0.035937 0.060547
0 0.003906 0.554688 0.007812 0.054688
0 0.210156 0.546875 0.010937 0.035156
0 0.254688 0.545898 0.012500 0.041016
0 0.364844 0.540039 0.007812 0.021484
0 0.371875 0.540039 0.006250 0.025391
0 0.423438 0.558594 0.015625 0.062500
0 0.639844 0.535156 0.010937 0.031250
0 0.730469 0.521484 0.010937 0.023438
0 0.796094 0.520508 0.007812 0.017578
0 0.814844 0.519531 0.010937 0.015625
0 0.627344 0.527344 0.007812 0.015625
0 0.644531 0.528320 0.010937 0.033203
2 0.480469 0.536133 0.014063 0.013672
2 0.470313 0.535156 0.012500 0.015625
2 0.547656 0.540039 0.064062 0.021484
2 0.346094 0.547852 0.026562 0.044922
2 0.319531 0.549805 0.045312 0.048828
2 0.297656 0.560547 0.054688 0.042969
2 0.529687 0.658203 0.196875 0.226562
2 0.735156 0.577148 0.085938 0.099609
2 0.807031 0.590820 0.148438 0.130859
