5 0.889062 0.374023 0.218750 0.052734
5 0.669531 0.428711 0.157812 0.095703
5 0.519531 0.449219 0.067187 0.085938
5 0.423438 0.454102 0.075000 0.041016
0 0.084375 0.471680 0.015625 0.029297
0 0.105469 0.493164 0.010937 0.041016
0 0.114844 0.492188 0.014063 0.050781
0 0.128125 0.489258 0.012500 0.029297
0 0.171094 0.488281 0.014063 0.050781
0 0.357812 0.466797 0.006250 0.019531
0 0.361719 0.464844 0.004687 0.019531
0 0.372656 0.463867 0.004687 0.021484
0 0.375781 0.463867 0.004687 0.021484
0 0.379688 0.464844 0.006250 0.023438
0 0.384375 0.463867 0.006250 0.021484
0 0.550781 0.460938 0.010937 0.042969
0 0.559375 0.456055 0.009375 0.037109
0 0.571094 0.453125 0.004687 0.035156
0 0.578125 0.458984 0.009375 0.046875
0 0.587500 0.457031 0.012500 0.046875
0 0.622656 0.465820 0.023438 0.107422
0 0.645312 0.468750 0.021875 0.093750
0 0.766406 0.475586 0.039062 0.173828
1 0.461719 0.473633 0.007812 0.021484
2 0.448437 0.462891 0.018750 0.023438
2 0.478125 0.465820 0.018750 0.017578
2 0.775000 0.439453 0.121875 0.078125
2 0.850000 0.446289 0.143750 0.103516
2 0.915625 0.448242 0.165625 0.134766
2 0.951562 0.486328 0.093750 0.109375
0 0.461719 0.462891 0.007812 0.042969
0 0.467187 0.460938 0.012500 0.046875
0 0.426563 0.472656 0.031250 0.082031
10 0.340625 0.477539 0.006250 0.017578
78 0.425000 0.513672 0.009375 0.003906
78 0.467969 0.484375 0.007812 0.003906
