11 0.528906 0.401367 0.020313 0.025391
11 0.242188 0.378906 0.021875 0.019531
0 0.968750 0.547852 0.059375 0.244141
0 0.964063 0.413086 0.068750 0.212891
0 0.877344 0.489258 0.057813 0.154297
0 0.850781 0.541016 0.139063 0.234375
0 0.732031 0.537109 0.085938 0.195312
0 0.769531 0.497070 0.073438 0.154297
0 0.658594 0.497070 0.051562 0.115234
0 0.635156 0.499023 0.039062 0.119141
0 0.582031 0.507812 0.085938 0.281250
0 0.488281 0.476562 0.023438 0.054688
0 0.466406 0.464844 0.020313 0.070312
1 0.523438 0.490234 0.046875 0.074219
2 0.436719 0.462891 0.039062 0.035156
2 0.410938 0.470703 0.031250 0.066406
2 0.341406 0.484375 0.132812 0.156250
