9 0.547656 0.445312 0.004687 0.011719
9 0.553906 0.452148 0.004687 0.013672
9 0.505469 0.435547 0.004687 0.011719
9 0.478906 0.432617 0.007812 0.013672
9 0.446875 0.427734 0.009375 0.015625
9 0.381250 0.467773 0.006250 0.013672
9 0.411719 0.461914 0.004687 0.017578
11 0.648438 0.343750 0.037500 0.089844
11 0.650000 0.418945 0.031250 0.048828
11 0.590625 0.425781 0.018750 0.023438
11 0.590625 0.441406 0.015625 0.007812
11 0.572656 0.432617 0.020313 0.021484
11 0.549219 0.456055 0.007812 0.009766
11 0.521094 0.447266 0.017188 0.003906
11 0.491406 0.431641 0.007812 0.011719
11 0.407813 0.446289 0.018750 0.005859
11 0.430469 0.429688 0.010937 0.011719
0 0.705469 0.492188 0.035937 0.101562
0 0.692187 0.443359 0.018750 0.062500
0 0.128125 0.493164 0.021875 0.048828
0 0.150000 0.498047 0.021875 0.046875
0 0.142969 0.497070 0.010937 0.048828
0 0.167969 0.493164 0.017188 0.052734
0 0.182031 0.492188 0.010937 0.046875
0 0.216406 0.494141 0.007812 0.039062
0 0.231250 0.490234 0.015625 0.042969
0 0.246094 0.487305 0.010937 0.037109
0 0.266406 0.490234 0.007812 0.031250
0 0.275000 0.488281 0.009375 0.031250
0 0.281250 0.487305 0.006250 0.029297
0 0.294531 0.486328 0.007812 0.031250
0 0.302344 0.486328 0.007812 0.031250
1 0.207031 0.500000 0.017188 0.031250
2 0.532031 0.490234 0.026562 0.074219
2 0.482031 0.516602 0.117188 0.126953
2 0.335156 0.484375 0.057813 0.054688
0 0.870313 0.502930 0.046875 0.119141
0 0.206250 0.487305 0.018750 0.048828
78 0.869531 0.523438 0.045312 0.085938
