9 0.210938 0.074219 0.028125 0.085938
9 0.016406 0.086914 0.029687 0.080078
9 0.485938 0.271484 0.015625 0.046875
9 0.081250 0.367188 0.015625 0.039062
11 0.155469 0.053711 0.048438 0.064453
11 0.634375 0.316406 0.018750 0.019531
9 0.089844 0.412109 0.017188 0.019531
0 0.016406 0.468750 0.032813 0.066406
0 0.082031 0.466797 0.032813 0.062500
0 0.809375 0.462891 0.021875 0.109375
1 0.623437 0.500977 0.031250 0.064453
2 0.294531 0.472656 0.157812 0.074219
2 0.443750 0.480469 0.150000 0.167969
0 0.624219 0.479492 0.029687 0.099609
