11 0.133594 0.433594 0.014063 0.019531
11 0.165625 0.417969 0.015625 0.019531
11 0.559375 0.389648 0.018750 0.029297
2 0.190625 0.489258 0.062500 0.056641
2 0.215625 0.482422 0.037500 0.050781
2 0.239844 0.471680 0.029687 0.029297
2 0.306250 0.468750 0.025000 0.023438
2 0.295312 0.465820 0.018750 0.025391
2 0.327344 0.469727 0.032813 0.029297
2 0.347656 0.470703 0.039062 0.031250
2 0.374219 0.471680 0.039062 0.033203
2 0.403906 0.469727 0.039062 0.037109
2 0.435156 0.468750 0.048438 0.042969
2 0.460156 0.473633 0.035937 0.048828
2 0.497656 0.466797 0.064062 0.066406
2 0.530469 0.484375 0.082812 0.078125
2 0.278125 0.458008 0.012500 0.013672
2 0.253906 0.459961 0.014063 0.013672
2 0.260937 0.457031 0.015625 0.019531
