5 0.493750 0.388672 0.021875 0.039062
9 0.701562 0.337891 0.012500 0.042969
9 0.714844 0.337891 0.017188 0.050781
9 0.746094 0.333984 0.020313 0.054688
9 0.472656 0.378906 0.004687 0.011719
9 0.424219 0.363281 0.004687 0.011719
9 0.289844 0.316406 0.020313 0.054688
9 0.279687 0.308594 0.025000 0.058594
11 0.602344 0.357422 0.026562 0.027344
11 0.562500 0.376953 0.021875 0.015625
11 0.400781 0.363281 0.007812 0.007812
11 0.435156 0.378906 0.007812 0.003906
11 0.343750 0.348633 0.018750 0.037109
0 0.145313 0.409180 0.009375 0.048828
0 0.157812 0.402344 0.025000 0.066406
0 0.271094 0.395508 0.007812 0.044922
0 0.328906 0.395508 0.014063 0.037109
0 0.342187 0.393555 0.009375 0.029297
0 0.350000 0.395508 0.009375 0.033203
0 0.358594 0.396484 0.010937 0.039062
0 0.371094 0.398438 0.007812 0.031250
0 0.375781 0.395508 0.007812 0.025391
0 0.697656 0.438477 0.017188 0.072266
0 0.557031 0.403320 0.007812 0.021484
0 0.388281 0.393555 0.007812 0.025391
0 0.407031 0.395508 0.007812 0.025391
0 0.417969 0.395508 0.007812 0.021484
0 0.432031 0.397461 0.007812 0.021484
7 0.517188 0.393555 0.018750 0.029297
2 0.464062 0.399414 0.018750 0.021484
