5 0.489844 0.428711 0.029687 0.041016
9 0.915625 0.270508 0.018750 0.060547
9 0.885156 0.276367 0.017188 0.056641
9 0.544531 0.378906 0.007812 0.023438
9 0.514844 0.371094 0.007812 0.027344
11 0.529687 0.416992 0.025000 0.037109
11 0.319531 0.374023 0.010937 0.021484
11 0.639844 0.378906 0.007812 0.015625
11 0.581250 0.402344 0.015625 0.011719
1 0.975781 0.503906 0.045312 0.113281
2 0.719531 0.489258 0.298438 0.208984
2 0.595313 0.447266 0.040625 0.054688
2 0.573438 0.444336 0.037500 0.048828
2 0.558594 0.445312 0.023438 0.042969
2 0.545312 0.440430 0.031250 0.044922
2 0.507031 0.439453 0.026562 0.027344
2 0.451562 0.441406 0.015625 0.015625
2 0.433594 0.439453 0.017188 0.015625
0 0.978906 0.464844 0.039062 0.171875
