9 0.649219 0.367188 0.007812 0.031250
9 0.662500 0.367188 0.009375 0.031250
0 0.010156 0.421875 0.020313 0.085938
0 0.059375 0.423828 0.031250 0.101562
0 0.275781 0.409180 0.010937 0.033203
0 0.276562 0.400391 0.009375 0.031250
0 0.346875 0.416992 0.012500 0.052734
0 0.356250 0.416992 0.012500 0.056641
0 0.387500 0.410156 0.006250 0.031250
0 0.455469 0.418945 0.007812 0.025391
2 0.521094 0.460938 0.148438 0.183594
2 0.985156 0.468750 0.026562 0.054688
2 0.873437 0.465820 0.087500 0.068359
2 0.749219 0.454102 0.082812 0.060547
2 0.803125 0.452148 0.053125 0.048828
2 0.685937 0.442383 0.050000 0.044922
