9 0.896094 0.259766 0.020313 0.062500
9 0.900781 0.329102 0.014063 0.029297
9 0.660156 0.365234 0.017188 0.019531
9 0.657813 0.312500 0.012500 0.050781
9 0.410938 0.201172 0.018750 0.054688
9 0.222656 0.219727 0.017188 0.048828
11 0.646875 0.236328 0.062500 0.035156
11 0.670312 0.348633 0.034375 0.009766
11 0.255469 0.197266 0.029687 0.035156
0 0.967187 0.426758 0.043750 0.126953
0 0.947656 0.414062 0.035937 0.132812
0 0.901563 0.423828 0.040625 0.132812
2 0.892969 0.415039 0.210938 0.150391
2 0.489063 0.424805 0.021875 0.033203
2 0.434375 0.433594 0.015625 0.015625
2 0.450781 0.429688 0.010937 0.011719
2 0.062500 0.461914 0.087500 0.064453
