11 0.133594 0.432617 0.014063 0.021484
11 0.166406 0.416992 0.014063 0.021484
11 0.555469 0.388672 0.017188 0.027344
11 0.005469 0.383789 0.010937 0.048828
2 0.259375 0.453125 0.015625 0.019531
2 0.245312 0.458984 0.021875 0.015625
2 0.289844 0.462891 0.014063 0.023438
2 0.303906 0.463867 0.026562 0.025391
2 0.321875 0.466797 0.028125 0.027344
2 0.380469 0.469727 0.023438 0.033203
2 0.402344 0.466797 0.039062 0.035156
2 0.432031 0.466797 0.045312 0.042969
2 0.457813 0.468750 0.034375 0.046875
2 0.494531 0.465820 0.064062 0.064453
2 0.525000 0.482422 0.084375 0.078125
2 0.351562 0.468750 0.050000 0.042969
2 0.192969 0.487305 0.064062 0.056641
2 0.213281 0.479492 0.042188 0.052734
2 0.021094 0.500977 0.042188 0.158203
