9 0.087500 0.375977 0.009375 0.044922
9 0.409375 0.453125 0.006250 0.019531
9 0.559375 0.460938 0.006250 0.015625
9 0.681250 0.384766 0.012500 0.042969
11 0.097656 0.428711 0.023438 0.048828
11 0.673438 0.441406 0.025000 0.050781
0 0.225781 0.491211 0.014063 0.033203
0 0.264062 0.490234 0.009375 0.027344
0 0.347656 0.492188 0.007812 0.027344
0 0.792188 0.527344 0.021875 0.089844
0 0.758594 0.496094 0.032813 0.035156
0 0.701562 0.499023 0.021875 0.048828
2 0.079687 0.532227 0.159375 0.107422
2 0.510938 0.497070 0.018750 0.021484
2 0.529687 0.490234 0.012500 0.015625
2 0.512500 0.483398 0.012500 0.009766
2 0.501563 0.479492 0.009375 0.009766
