9 0.250000 0.488281 0.012500 0.031250
9 0.454688 0.466797 0.009375 0.031250
9 0.448437 0.456055 0.012500 0.037109
9 0.712500 0.459961 0.009375 0.037109
11 0.075000 0.484375 0.050000 0.082031
11 0.676562 0.499023 0.025000 0.044922
0 0.022656 0.567383 0.014063 0.037109
0 0.148438 0.573242 0.018750 0.037109
0 0.915625 0.595703 0.040625 0.140625
0 0.981250 0.554688 0.034375 0.078125
0 0.007812 0.562500 0.009375 0.035156
7 0.494531 0.530273 0.039062 0.060547
7 0.530469 0.531250 0.032813 0.062500
3 0.975000 0.634766 0.046875 0.156250
3 0.960156 0.632812 0.076563 0.152344
3 0.921094 0.628906 0.101562 0.105469
3 0.879687 0.620117 0.084375 0.107422
3 0.850781 0.610352 0.057813 0.111328
2 0.267188 0.560547 0.034375 0.019531
2 0.573438 0.557617 0.018750 0.021484
2 0.592187 0.573242 0.028125 0.033203
2 0.546875 0.572266 0.040625 0.058594
2 0.504687 0.632812 0.128125 0.148438
