9 0.496094 0.422852 0.004687 0.013672
9 0.463281 0.420898 0.004687 0.013672
9 0.346094 0.458008 0.007812 0.025391
11 0.703906 0.359375 0.042188 0.050781
11 0.703906 0.395508 0.032813 0.021484
11 0.626563 0.397461 0.040625 0.037109
11 0.514062 0.436523 0.021875 0.005859
11 0.478906 0.419922 0.007812 0.011719
11 0.374219 0.434570 0.026562 0.005859
11 0.424219 0.412109 0.010937 0.019531
0 0.012500 0.495117 0.015625 0.068359
0 0.066406 0.498047 0.017188 0.050781
0 0.082031 0.494141 0.017188 0.054688
0 0.097656 0.500000 0.014063 0.046875
0 0.107031 0.494141 0.014063 0.054688
0 0.133594 0.491211 0.014063 0.056641
0 0.149219 0.492188 0.010937 0.046875
0 0.157812 0.489258 0.012500 0.052734
0 0.178125 0.489258 0.012500 0.048828
0 0.189062 0.490234 0.009375 0.046875
0 0.199219 0.487305 0.010937 0.048828
0 0.214062 0.490234 0.009375 0.039062
0 0.287500 0.486328 0.006250 0.031250
0 0.332813 0.488281 0.006250 0.023438
0 0.316406 0.487305 0.007812 0.025391
0 0.278125 0.486328 0.009375 0.035156
0 0.307031 0.489258 0.007812 0.025391
0 0.297656 0.487305 0.007812 0.029297
0 0.254688 0.487305 0.009375 0.037109
0 0.239063 0.487305 0.009375 0.037109
7 0.482812 0.472656 0.028125 0.050781
2 0.534375 0.501953 0.106250 0.109375
2 0.417969 0.487305 0.023438 0.021484
0 0.877344 0.402344 0.020313 0.062500
0 0.854688 0.403320 0.018750 0.060547
