5 0.821094 0.403320 0.248438 0.064453
5 0.521094 0.448242 0.067187 0.083984
5 0.432812 0.453125 0.100000 0.039062
0 0.733594 0.458008 0.045312 0.107422
0 0.691406 0.479492 0.032813 0.126953
0 0.711719 0.461914 0.023438 0.115234
0 0.665625 0.470703 0.034375 0.136719
0 0.633594 0.448242 0.007812 0.037109
0 0.627344 0.460938 0.010937 0.058594
0 0.617188 0.460938 0.015625 0.058594
0 0.592187 0.463867 0.015625 0.056641
0 0.603906 0.462891 0.010937 0.050781
0 0.578125 0.458984 0.012500 0.039062
0 0.570312 0.453125 0.006250 0.031250
0 0.549219 0.460938 0.007812 0.039062
0 0.553906 0.459961 0.010937 0.041016
0 0.392188 0.470703 0.015625 0.046875
0 0.380469 0.473633 0.020313 0.044922
0 0.128125 0.490234 0.015625 0.031250
0 0.111719 0.498047 0.020313 0.046875
2 0.842187 0.513672 0.312500 0.203125
2 0.853125 0.439453 0.146875 0.089844
2 0.643750 0.451172 0.018750 0.027344
2 0.473438 0.463867 0.028125 0.025391
2 0.452344 0.463867 0.026562 0.025391
2 0.360938 0.464844 0.015625 0.011719
2 0.296094 0.473633 0.023438 0.021484
10 0.339844 0.479492 0.007812 0.021484
