5 0.575000 0.512695 0.043750 0.060547
9 0.882812 0.501953 0.009375 0.011719
9 0.629687 0.506836 0.006250 0.017578
0 0.297656 0.558594 0.014063 0.042969
0 0.269531 0.560547 0.014063 0.039062
0 0.309375 0.553711 0.006250 0.021484
0 0.278906 0.555664 0.004687 0.021484
0 0.257031 0.557617 0.007812 0.029297
0 0.626563 0.544922 0.006250 0.031250
0 0.642188 0.547852 0.009375 0.029297
0 0.650781 0.549805 0.007812 0.037109
0 0.660937 0.544922 0.009375 0.027344
0 0.703906 0.546875 0.014063 0.046875
0 0.750781 0.542969 0.010937 0.042969
0 0.728125 0.542969 0.006250 0.031250
0 0.779687 0.539062 0.009375 0.027344
0 0.944531 0.539062 0.010937 0.039062
0 0.820312 0.535156 0.006250 0.023438
0 0.890625 0.536133 0.009375 0.033203
0 0.680469 0.548828 0.010937 0.042969
2 0.964844 0.630859 0.067187 0.171875
2 0.514062 0.598633 0.153125 0.173828
2 0.590625 0.565430 0.028125 0.052734
2 0.425000 0.556641 0.046875 0.050781
2 0.394531 0.588867 0.085938 0.087891
2 0.342187 0.567383 0.046875 0.052734
2 0.137500 0.699219 0.275000 0.324219
