0 0.525000 0.546875 0.009375 0.031250
0 0.488281 0.544922 0.010937 0.035156
0 0.473438 0.542969 0.009375 0.039062
0 0.458594 0.542969 0.010937 0.035156
2 0.503906 0.546875 0.020313 0.023438
2 0.653906 0.610352 0.160938 0.146484
2 0.591406 0.568359 0.095312 0.101562
2 0.557031 0.544922 0.042188 0.054688
2 0.076563 0.584961 0.153125 0.142578
2 0.168750 0.570312 0.096875 0.105469
2 0.261719 0.557617 0.092188 0.072266
2 0.315625 0.553711 0.043750 0.060547
2 0.373437 0.546875 0.053125 0.050781
2 0.417187 0.544922 0.034375 0.039062
2 0.439844 0.544922 0.017188 0.027344
2 0.338281 0.538086 0.032813 0.037109
2 0.534375 0.550781 0.012500 0.031250
