9 0.950781 0.070312 0.073438 0.140625
9 0.954688 0.237305 0.031250 0.064453
9 0.928125 0.330078 0.015625 0.054688
9 0.932813 0.394531 0.018750 0.023438
9 0.609375 0.347656 0.015625 0.046875
9 0.443750 0.233398 0.012500 0.048828
9 0.271875 0.353516 0.012500 0.042969
9 0.271094 0.404297 0.010937 0.015625
11 0.234375 0.331055 0.034375 0.005859
0 0.900781 0.476562 0.023438 0.085938
0 0.815625 0.490234 0.034375 0.113281
0 0.191406 0.473633 0.020313 0.056641
0 0.157812 0.472656 0.018750 0.058594
0 0.139844 0.474609 0.017188 0.062500
0 0.092969 0.455078 0.014063 0.039062
0 0.074219 0.461914 0.010937 0.041016
1 0.319531 0.508789 0.026562 0.052734
1 0.207813 0.509766 0.040625 0.066406
1 0.274219 0.491211 0.051562 0.044922
2 0.612500 0.598633 0.400000 0.349609
2 0.414844 0.467773 0.014063 0.021484
2 0.420312 0.465820 0.009375 0.017578
2 0.394531 0.467773 0.023438 0.021484
0 0.320312 0.489258 0.025000 0.072266
0 0.214062 0.483398 0.028125 0.083984
