9 0.462500 0.445312 0.006250 0.019531
9 0.414062 0.452148 0.006250 0.017578
9 0.378125 0.449219 0.006250 0.019531
9 0.329688 0.445312 0.009375 0.023438
9 0.256250 0.496094 0.006250 0.019531
9 0.296875 0.495117 0.006250 0.021484
11 0.534375 0.485352 0.009375 0.017578
11 0.425781 0.446289 0.010937 0.013672
11 0.367969 0.444336 0.010937 0.017578
11 0.540625 0.505859 0.006250 0.007812
7 0.432812 0.474609 0.009375 0.015625
2 0.075000 0.507812 0.087500 0.066406
2 0.139844 0.516602 0.042188 0.041016
2 0.270313 0.520508 0.040625 0.029297
2 0.341406 0.528320 0.014063 0.013672
2 0.353125 0.530273 0.009375 0.009766
2 0.373437 0.525391 0.015625 0.015625
2 0.389844 0.528320 0.010937 0.009766
2 0.409375 0.525391 0.018750 0.015625
2 0.421094 0.525391 0.007812 0.011719
2 0.490625 0.522461 0.031250 0.021484
2 0.439844 0.505859 0.010937 0.011719
2 0.427344 0.484375 0.007812 0.007812
2 0.417187 0.480469 0.006250 0.007812
2 0.423438 0.476562 0.006250 0.007812
