11 0.339844 0.405273 0.014063 0.017578
11 0.339062 0.416992 0.006250 0.005859
0 0.552344 0.456055 0.007812 0.029297
0 0.531250 0.455078 0.009375 0.031250
0 0.155469 0.447266 0.014063 0.015625
0 0.578125 0.458008 0.003125 0.017578
1 0.498437 0.476562 0.046875 0.035156
1 0.640625 0.528320 0.025000 0.072266
2 0.513281 0.460938 0.010937 0.011719
2 0.475781 0.458008 0.010937 0.013672
2 0.461719 0.458008 0.017188 0.013672
2 0.438281 0.454102 0.014063 0.017578
2 0.422656 0.455078 0.017188 0.023438
2 0.400781 0.452148 0.023438 0.029297
2 0.387500 0.460938 0.031250 0.031250
2 0.132812 0.497070 0.106250 0.095703
2 0.053906 0.507812 0.107813 0.132812
0 0.493750 0.460938 0.021875 0.050781
0 0.646875 0.496094 0.028125 0.109375
