5 0.819531 0.422852 0.257812 0.107422
5 0.433594 0.454102 0.095312 0.041016
5 0.517188 0.434570 0.059375 0.052734
5 0.634375 0.430664 0.090625 0.041016
0 0.964844 0.486328 0.057813 0.210938
0 0.898438 0.500977 0.071875 0.236328
0 0.665625 0.439453 0.012500 0.035156
0 0.680469 0.432617 0.014063 0.025391
0 0.630469 0.464844 0.026562 0.089844
0 0.621094 0.443359 0.010937 0.027344
0 0.610938 0.450195 0.009375 0.033203
0 0.600781 0.460938 0.014063 0.054688
0 0.589063 0.463867 0.012500 0.048828
0 0.579688 0.453125 0.006250 0.031250
0 0.575781 0.457031 0.007812 0.031250
0 0.570312 0.453125 0.006250 0.031250
0 0.560156 0.459961 0.007812 0.041016
0 0.550000 0.455078 0.012500 0.031250
0 0.128125 0.489258 0.015625 0.029297
0 0.111719 0.499023 0.023438 0.048828
2 0.835938 0.449219 0.115625 0.093750
2 0.501563 0.511719 0.125000 0.113281
2 0.452344 0.463867 0.026562 0.021484
2 0.258594 0.475586 0.042188 0.025391
2 0.954688 0.470703 0.087500 0.144531
