9 0.571875 0.450195 0.003125 0.005859
9 0.533594 0.404297 0.004687 0.007812
9 0.532813 0.423828 0.003125 0.007812
9 0.476562 0.438477 0.003125 0.005859
0 0.553125 0.472656 0.006250 0.015625
0 0.542969 0.471680 0.004687 0.013672
1 0.650000 0.538086 0.031250 0.072266
2 0.487500 0.471680 0.015625 0.017578
2 0.471094 0.474609 0.017188 0.019531
2 0.459375 0.475586 0.012500 0.021484
2 0.442969 0.474609 0.023438 0.027344
2 0.406250 0.480469 0.021875 0.031250
2 0.385156 0.479492 0.032813 0.041016
2 0.374219 0.483398 0.026562 0.041016
2 0.357031 0.484375 0.032813 0.042969
2 0.333594 0.486328 0.042188 0.050781
2 0.304688 0.491211 0.043750 0.052734
2 0.257812 0.494141 0.078125 0.062500
2 0.507031 0.470703 0.014063 0.011719
0 0.650000 0.503906 0.031250 0.101562
10 0.685937 0.516602 0.015625 0.041016
