11 0.616406 0.384766 0.026562 0.031250
11 0.616406 0.408203 0.026562 0.015625
11 0.367188 0.427734 0.009375 0.023438
11 0.592187 0.416992 0.021875 0.005859
11 0.575000 0.435547 0.006250 0.007812
11 0.435156 0.446289 0.004687 0.009766
0 0.857812 0.515625 0.056250 0.191406
2 0.731250 0.499023 0.200000 0.177734
2 0.593750 0.469727 0.081250 0.044922
2 0.521875 0.470703 0.043750 0.035156
2 0.485938 0.463867 0.012500 0.009766
2 0.463281 0.463867 0.014063 0.013672
2 0.421094 0.464844 0.026562 0.027344
2 0.376563 0.470703 0.053125 0.054688
2 0.404687 0.463867 0.006250 0.009766
