9 0.603125 0.336914 0.012500 0.044922
9 0.004687 0.341797 0.009375 0.046875
11 0.596094 0.394531 0.026562 0.046875
11 0.013281 0.391602 0.026562 0.052734
0 0.885156 0.466797 0.026562 0.121094
0 0.858594 0.466797 0.032813 0.113281
0 0.816406 0.469727 0.029687 0.111328
0 0.797656 0.472656 0.029687 0.113281
0 0.546094 0.478516 0.051562 0.121094
0 0.538281 0.480469 0.023438 0.117188
0 0.163281 0.462891 0.010937 0.027344
0 0.153125 0.461914 0.009375 0.025391
0 0.138281 0.464844 0.014063 0.031250
2 0.427344 0.470703 0.048438 0.054688
2 0.401562 0.467773 0.015625 0.033203
2 0.378906 0.469727 0.020313 0.021484
2 0.276562 0.481445 0.084375 0.091797
