5 0.682031 0.403320 0.060937 0.060547
5 0.532813 0.396484 0.040625 0.070312
11 0.374219 0.404297 0.042188 0.039062
0 0.911719 0.444336 0.010937 0.033203
2 0.878125 0.448242 0.053125 0.044922
2 0.790625 0.432617 0.037500 0.033203
2 0.665625 0.422852 0.043750 0.029297
2 0.631250 0.421875 0.025000 0.023438
2 0.618750 0.415039 0.015625 0.017578
2 0.585156 0.417969 0.035937 0.039062
2 0.562500 0.410156 0.021875 0.027344
2 0.450000 0.425781 0.068750 0.070312
2 0.484375 0.414062 0.034375 0.050781
2 0.508594 0.404297 0.010937 0.023438
2 0.718750 0.418945 0.015625 0.021484
