5 0.431250 0.455078 0.096875 0.039062
5 0.514844 0.433594 0.057813 0.054688
5 0.821094 0.416016 0.260937 0.093750
5 0.633594 0.425781 0.098437 0.031250
0 0.812500 0.493164 0.056250 0.193359
0 0.826562 0.487305 0.037500 0.185547
0 0.666406 0.440430 0.010937 0.037109
0 0.678125 0.430664 0.012500 0.021484
0 0.878125 0.482422 0.062500 0.183594
0 0.625781 0.468750 0.023438 0.074219
0 0.549219 0.456055 0.010937 0.033203
0 0.560156 0.459961 0.007812 0.033203
0 0.571875 0.459961 0.009375 0.041016
0 0.603125 0.462891 0.012500 0.042969
0 0.590625 0.462891 0.012500 0.046875
0 0.606250 0.449219 0.009375 0.031250
0 0.582031 0.457031 0.007812 0.039062
0 0.128125 0.498047 0.015625 0.042969
2 0.646875 0.447266 0.025000 0.023438
2 0.954688 0.489258 0.087500 0.115234
2 0.917969 0.443359 0.160938 0.128906
2 0.775781 0.451172 0.123438 0.089844
2 0.330469 0.477539 0.057813 0.029297
2 0.451562 0.462891 0.028125 0.019531
2 0.498437 0.518555 0.140625 0.123047
0 0.109375 0.497070 0.018750 0.048828
