9 0.229687 0.335938 0.006250 0.027344
9 0.379688 0.352539 0.006250 0.017578
9 0.430469 0.356445 0.004687 0.017578
9 0.514062 0.394531 0.006250 0.023438
9 0.493750 0.408203 0.006250 0.015625
11 0.071094 0.409180 0.010937 0.029297
11 0.121094 0.402344 0.010937 0.031250
11 0.120313 0.358398 0.034375 0.013672
11 0.224219 0.416992 0.010937 0.021484
11 0.499219 0.378906 0.023438 0.007812
11 0.491406 0.453125 0.010937 0.015625
0 0.090625 0.473633 0.012500 0.037109
0 0.907813 0.449219 0.009375 0.035156
0 0.900000 0.449219 0.009375 0.035156
7 0.415625 0.449219 0.025000 0.031250
2 0.089063 0.475586 0.059375 0.029297
