5 0.417969 0.450195 0.060937 0.083984
5 0.464844 0.453125 0.032813 0.042969
5 0.516406 0.447266 0.060937 0.082031
5 0.634375 0.433594 0.090625 0.058594
5 0.843750 0.419922 0.309375 0.144531
0 0.170313 0.489258 0.012500 0.052734
0 0.128906 0.490234 0.014063 0.027344
0 0.116406 0.494141 0.014063 0.054688
0 0.371094 0.482422 0.026562 0.070312
0 0.389844 0.472656 0.026562 0.082031
0 0.475781 0.459961 0.014063 0.041016
0 0.630469 0.462891 0.023438 0.089844
0 0.617188 0.460938 0.015625 0.074219
0 0.600781 0.463867 0.017188 0.068359
0 0.578125 0.455078 0.015625 0.050781
0 0.676562 0.431641 0.015625 0.023438
2 0.951562 0.482422 0.093750 0.101562
2 0.910156 0.446289 0.176563 0.138672
2 0.852344 0.441406 0.142187 0.105469
10 0.340625 0.477539 0.006250 0.017578
