5 0.463281 0.369141 0.089063 0.175781
5 0.649219 0.409180 0.017188 0.029297
9 0.102344 0.163086 0.051562 0.111328
11 0.533594 0.366211 0.007812 0.017578
0 0.305469 0.411133 0.026562 0.068359
0 0.412500 0.411133 0.009375 0.041016
0 0.571875 0.415039 0.009375 0.025391
0 0.725000 0.418945 0.006250 0.025391
0 0.749219 0.417969 0.007812 0.027344
0 0.811719 0.428711 0.017188 0.044922
0 0.859375 0.431641 0.025000 0.066406
0 0.778125 0.429688 0.012500 0.031250
0 0.872656 0.434570 0.017188 0.060547
0 0.605469 0.409180 0.004687 0.009766
2 0.914062 0.431641 0.068750 0.058594
2 0.685937 0.416016 0.015625 0.019531
2 0.710938 0.414062 0.018750 0.027344
