5 0.492969 0.451172 0.082812 0.031250
5 0.570312 0.456055 0.034375 0.044922
5 0.697656 0.461914 0.139063 0.052734
0 0.007812 0.458984 0.015625 0.097656
0 0.274219 0.463867 0.020313 0.056641
0 0.288281 0.465820 0.017188 0.056641
0 0.303906 0.469727 0.020313 0.052734
0 0.422656 0.452148 0.007812 0.021484
0 0.429688 0.451172 0.006250 0.019531
0 0.640625 0.491211 0.025000 0.107422
0 0.668750 0.493164 0.025000 0.095703
0 0.723437 0.478516 0.018750 0.054688
0 0.754687 0.491211 0.021875 0.087891
0 0.782031 0.492188 0.023438 0.078125
0 0.801562 0.492188 0.015625 0.078125
0 0.813281 0.477539 0.017188 0.048828
0 0.970313 0.508789 0.040625 0.099609
0 0.887500 0.508789 0.034375 0.119141
1 0.815625 0.509766 0.037500 0.046875
2 0.509375 0.458008 0.018750 0.017578
2 0.525781 0.460938 0.026562 0.023438
2 0.594531 0.472656 0.032813 0.031250
2 0.714063 0.474609 0.050000 0.042969
10 0.231250 0.488281 0.015625 0.035156
11 0.741406 0.400391 0.023438 0.039062
