9 0.169531 0.166992 0.017188 0.060547
9 0.342969 0.161133 0.020313 0.064453
9 0.614062 0.329102 0.015625 0.064453
9 0.614062 0.401367 0.015625 0.021484
9 0.885156 0.393555 0.017188 0.025391
9 0.391406 0.412109 0.007812 0.019531
11 0.217969 0.153320 0.042188 0.056641
11 0.935937 0.386719 0.040625 0.015625
11 0.917969 0.345703 0.026562 0.031250
11 0.603125 0.376953 0.043750 0.015625
0 0.026562 0.489258 0.015625 0.052734
0 0.063281 0.503906 0.045312 0.121094
0 0.290625 0.577148 0.225000 0.505859
0 0.757031 0.500977 0.026562 0.111328
0 0.785937 0.498047 0.025000 0.109375
0 0.814063 0.496094 0.046875 0.125000
0 0.852344 0.499023 0.032813 0.119141
0 0.503125 0.485352 0.009375 0.025391
2 0.378125 0.491211 0.031250 0.033203
2 0.333594 0.494141 0.026562 0.027344
2 0.139844 0.508789 0.120313 0.111328
2 0.594531 0.513672 0.273438 0.132812
