9 0.100000 0.418945 0.021875 0.025391
9 0.101562 0.347656 0.021875 0.058594
9 0.800000 0.177734 0.018750 0.062500
11 0.112500 0.391602 0.043750 0.021484
11 0.884375 0.420898 0.018750 0.025391
11 0.691406 0.475586 0.007812 0.009766
11 0.659375 0.466797 0.021875 0.007812
11 0.841406 0.452148 0.014063 0.025391
0 0.514844 0.514648 0.007812 0.021484
0 0.696875 0.483398 0.025000 0.048828
0 0.882812 0.510742 0.040625 0.095703
0 0.928906 0.506836 0.029687 0.103516
0 0.984375 0.511719 0.028125 0.097656
0 0.199219 0.482422 0.017188 0.062500
0 0.253906 0.481445 0.014063 0.052734
0 0.214844 0.478516 0.014063 0.062500
0 0.225000 0.482422 0.012500 0.058594
0 0.235156 0.483398 0.017188 0.052734
7 0.545312 0.422852 0.168750 0.037109
2 0.456250 0.504883 0.062500 0.048828
2 0.697656 0.584961 0.426563 0.154297
