7 0.578906 0.474609 0.007812 0.015625
3 0.472656 0.515625 0.020313 0.039062
3 0.653125 0.504883 0.025000 0.041016
2 0.183594 0.529297 0.070312 0.035156
2 0.280469 0.517578 0.039062 0.023438
2 0.388281 0.500977 0.010937 0.013672
2 0.403906 0.500000 0.020313 0.011719
2 0.429688 0.494141 0.012500 0.015625
2 0.442188 0.494141 0.012500 0.011719
2 0.456250 0.491211 0.009375 0.009766
2 0.554688 0.498047 0.028125 0.023438
2 0.610156 0.491211 0.023438 0.021484
2 0.565625 0.488281 0.015625 0.019531
2 0.528906 0.492188 0.017188 0.019531
2 0.514062 0.488281 0.012500 0.019531
2 0.594531 0.485352 0.014063 0.017578
2 0.585156 0.483398 0.007812 0.009766
2 0.544531 0.489258 0.014063 0.017578
0 0.472656 0.506836 0.017188 0.044922
0 0.653125 0.493164 0.018750 0.041016
