0 0.306250 0.587891 0.037500 0.132812
0 0.271875 0.586914 0.034375 0.123047
0 0.239844 0.589844 0.032813 0.121094
0 0.145313 0.562500 0.031250 0.097656
0 0.642969 0.587891 0.023438 0.093750
0 0.560937 0.563477 0.009375 0.037109
0 0.416406 0.557617 0.014063 0.041016
0 0.426563 0.560547 0.012500 0.042969
0 0.436719 0.555664 0.007812 0.025391
0 0.553125 0.562500 0.012500 0.035156
1 0.582031 0.626953 0.032813 0.082031
2 0.520312 0.555664 0.012500 0.013672
2 0.501563 0.557617 0.009375 0.013672
2 0.493750 0.559570 0.012500 0.021484
2 0.471875 0.575195 0.043750 0.048828
0 0.582031 0.593750 0.032813 0.113281
