5 0.517188 0.353516 0.137500 0.269531
9 0.255469 0.360352 0.007812 0.025391
9 0.275000 0.368164 0.009375 0.021484
9 0.357812 0.356445 0.009375 0.025391
9 0.367188 0.349609 0.009375 0.035156
9 0.335156 0.357422 0.007812 0.011719
9 0.596875 0.351562 0.009375 0.023438
9 0.697656 0.388672 0.004687 0.007812
9 0.417187 0.378906 0.003125 0.003906
9 0.822656 0.370117 0.007812 0.025391
11 0.151562 0.279297 0.043750 0.070312
11 0.367969 0.390625 0.010937 0.019531
11 0.325781 0.368164 0.007812 0.013672
11 0.382812 0.382812 0.012500 0.019531
11 0.636719 0.446289 0.017188 0.041016
11 0.295312 0.316406 0.031250 0.031250
0 0.241406 0.422852 0.023438 0.068359
0 0.280469 0.424805 0.029687 0.083984
0 0.332031 0.401367 0.007812 0.013672
0 0.388281 0.414062 0.007812 0.027344
0 0.396094 0.415039 0.007812 0.029297
0 0.403125 0.416016 0.006250 0.023438
0 0.409375 0.415039 0.006250 0.021484
0 0.421875 0.417969 0.009375 0.027344
0 0.978125 0.468750 0.031250 0.113281
0 0.934375 0.456055 0.021875 0.083984
0 0.905469 0.454102 0.020313 0.087891
0 0.888281 0.453125 0.023438 0.093750
0 0.816406 0.440430 0.017188 0.064453
0 0.783594 0.432617 0.014063 0.052734
0 0.796875 0.433594 0.012500 0.050781
0 0.867188 0.442383 0.012500 0.056641
0 0.838281 0.440430 0.010937 0.048828
0 0.640625 0.416016 0.009375 0.019531
0 0.650000 0.423828 0.009375 0.031250
0 0.681250 0.424805 0.009375 0.033203
0 0.699219 0.424805 0.010937 0.033203
0 0.663281 0.426758 0.010937 0.033203
2 0.546875 0.451172 0.150000 0.179688
2 0.442969 0.423828 0.020313 0.062500
2 0.325781 0.421875 0.060937 0.035156
2 0.758594 0.427734 0.101562 0.046875
