5 0.517188 0.431641 0.059375 0.050781
5 0.432031 0.454102 0.095312 0.041016
5 0.823438 0.407227 0.253125 0.076172
0 0.925000 0.571289 0.100000 0.330078
0 0.981250 0.501953 0.034375 0.230469
0 0.707031 0.467773 0.029687 0.119141
0 0.667969 0.457031 0.029687 0.074219
0 0.681250 0.452148 0.021875 0.091797
0 0.640625 0.442383 0.028125 0.076172
0 0.621094 0.447266 0.010937 0.035156
0 0.610938 0.447266 0.009375 0.027344
0 0.600000 0.445312 0.012500 0.027344
0 0.591406 0.444336 0.010937 0.021484
0 0.575781 0.445312 0.010937 0.015625
0 0.450781 0.455078 0.014063 0.031250
0 0.376563 0.465820 0.006250 0.021484
0 0.370312 0.465820 0.006250 0.021484
0 0.358594 0.462891 0.004687 0.019531
0 0.128906 0.490234 0.014063 0.027344
2 0.910937 0.450195 0.175000 0.130859
2 0.851562 0.446289 0.140625 0.103516
2 0.778125 0.445312 0.112500 0.085938
2 0.303906 0.472656 0.039062 0.027344
2 0.522656 0.541016 0.376563 0.175781
10 0.340625 0.478516 0.006250 0.023438
0 0.109375 0.499023 0.021875 0.048828
