2 0.954688 0.466797 0.087500 0.046875
2 0.884375 0.680664 0.228125 0.345703
2 0.746094 0.587891 0.195312 0.160156
2 0.728906 0.447266 0.029687 0.046875
2 0.718750 0.446289 0.050000 0.052734
2 0.586719 0.462891 0.039062 0.046875
2 0.594531 0.437500 0.032813 0.023438
2 0.557031 0.432617 0.017188 0.013672
2 0.578125 0.424805 0.009375 0.009766
2 0.542188 0.434570 0.012500 0.017578
2 0.530469 0.437500 0.017188 0.019531
2 0.521094 0.440430 0.014063 0.021484
2 0.507812 0.442383 0.018750 0.025391
2 0.490625 0.444336 0.021875 0.029297
2 0.478125 0.448242 0.018750 0.029297
2 0.461719 0.447266 0.035937 0.039062
2 0.446094 0.455078 0.035937 0.035156
2 0.410156 0.460938 0.045312 0.042969
2 0.342187 0.490234 0.037500 0.074219
2 0.317969 0.503906 0.057813 0.089844
2 0.236719 0.512695 0.120313 0.130859
2 0.112500 0.564453 0.175000 0.187500
2 0.025000 0.608398 0.050000 0.244141
78 0.801562 0.450195 0.125000 0.076172
78 0.605469 0.421875 0.014063 0.019531
