9 0.092969 0.064453 0.089063 0.128906
9 0.150781 0.067383 0.039062 0.134766
0 0.020313 0.416016 0.040625 0.175781
0 0.439844 0.436523 0.010937 0.080078
0 0.425000 0.426758 0.021875 0.099609
0 0.413281 0.410156 0.020313 0.054688
0 0.402344 0.405273 0.014063 0.044922
0 0.381250 0.402344 0.012500 0.054688
0 0.367969 0.394531 0.014063 0.042969
0 0.353125 0.416992 0.025000 0.095703
0 0.319531 0.394531 0.014063 0.050781
0 0.335938 0.415039 0.025000 0.099609
0 0.713281 0.442383 0.014063 0.052734
0 0.720313 0.435547 0.009375 0.039062
0 0.735156 0.442383 0.010937 0.044922
0 0.745313 0.443359 0.009375 0.042969
0 0.753125 0.446289 0.009375 0.052734
0 0.771875 0.446289 0.025000 0.064453
0 0.782031 0.443359 0.014063 0.066406
0 0.798438 0.451172 0.015625 0.058594
0 0.862500 0.456055 0.012500 0.056641
0 0.874219 0.456055 0.014063 0.068359
0 0.890625 0.457031 0.015625 0.062500
0 0.914062 0.445312 0.012500 0.054688
0 0.919531 0.464844 0.026562 0.093750
0 0.938281 0.471680 0.023438 0.095703
0 0.945312 0.469727 0.025000 0.099609
0 0.957031 0.471680 0.017188 0.091797
0 0.967969 0.474609 0.023438 0.093750
0 0.986719 0.476562 0.023438 0.093750
0 0.214844 0.402344 0.029687 0.109375
0 0.183594 0.407227 0.035937 0.146484
0 0.286719 0.464844 0.048438 0.218750
0 0.268750 0.463867 0.059375 0.232422
0 0.239063 0.421875 0.037500 0.132812
0 0.133594 0.359375 0.048438 0.109375
0 0.141406 0.490234 0.067187 0.335938
1 0.837500 0.498047 0.043750 0.078125
2 0.569531 0.500977 0.279687 0.337891
0 0.839063 0.464844 0.043750 0.117188
