9 0.739844 0.458008 0.007812 0.021484
11 0.613281 0.464844 0.014063 0.007812
11 0.614062 0.473633 0.012500 0.005859
0 0.171875 0.468750 0.012500 0.027344
0 0.158594 0.469727 0.014063 0.025391
7 0.564844 0.493164 0.035937 0.017578
2 0.085156 0.559570 0.170313 0.232422
2 0.185938 0.549805 0.112500 0.134766
2 0.250781 0.526367 0.092188 0.107422
2 0.311719 0.523438 0.054688 0.082031
2 0.337500 0.510742 0.043750 0.068359
2 0.364063 0.508789 0.015625 0.056641
2 0.371875 0.500977 0.025000 0.052734
2 0.371094 0.485352 0.064062 0.060547
2 0.454688 0.490234 0.037500 0.019531
2 0.500000 0.541992 0.090625 0.095703
2 0.498437 0.487305 0.025000 0.013672
