9 0.414844 0.420898 0.004687 0.009766
9 0.372656 0.413086 0.004687 0.009766
9 0.347656 0.416992 0.004687 0.009766
11 0.427344 0.426758 0.010937 0.005859
11 0.610938 0.376953 0.021875 0.035156
11 0.571094 0.358398 0.026562 0.033203
11 0.575000 0.390625 0.021875 0.015625
1 0.594531 0.505859 0.032813 0.062500
2 0.435156 0.457031 0.007812 0.015625
2 0.445312 0.460938 0.018750 0.023438
2 0.421094 0.458984 0.010937 0.015625
2 0.409375 0.459961 0.015625 0.017578
2 0.375781 0.459961 0.023438 0.021484
78 0.347656 0.453125 0.023438 0.035156
2 0.293750 0.466797 0.018750 0.015625
2 0.306250 0.465820 0.015625 0.021484
2 0.278906 0.469727 0.014063 0.021484
2 0.193750 0.505859 0.187500 0.144531
0 0.593750 0.474609 0.031250 0.101562
11 0.113281 0.410156 0.014063 0.023438
11 0.522656 0.412109 0.017188 0.007812
