5 0.622656 0.572266 0.157812 0.144531
11 0.348438 0.511719 0.012500 0.015625
11 0.347656 0.540039 0.014063 0.017578
0 0.703125 0.577148 0.009375 0.052734
0 0.716406 0.576172 0.010937 0.046875
0 0.089063 0.543945 0.015625 0.044922
0 0.746094 0.592773 0.029687 0.044922
2 0.019531 0.706055 0.039062 0.306641
2 0.341406 0.801758 0.404687 0.392578
2 0.386719 0.582031 0.160938 0.070312
2 0.482031 0.621094 0.048438 0.121094
2 0.490625 0.578125 0.037500 0.046875
2 0.435937 0.545898 0.053125 0.017578
2 0.533594 0.581055 0.023438 0.056641
