9 0.499219 0.387695 0.004687 0.009766
9 0.443750 0.379883 0.003125 0.009766
9 0.410938 0.385742 0.003125 0.009766
11 0.383594 0.443359 0.007812 0.015625
11 0.374219 0.448242 0.007812 0.017578
0 0.707031 0.432617 0.017188 0.060547
2 0.490625 0.420898 0.006250 0.009766
2 0.468750 0.406250 0.003125 0.003906
2 0.464062 0.403320 0.006250 0.005859
2 0.453906 0.403320 0.004687 0.005859
2 0.458594 0.403320 0.004687 0.005859
2 0.430469 0.433594 0.010937 0.011719
2 0.362500 0.451172 0.025000 0.027344
10 0.526563 0.427734 0.003125 0.007812
9 0.542188 0.405273 0.003125 0.009766
9 0.542969 0.414062 0.004687 0.003906
11 0.436719 0.377930 0.007812 0.005859
11 0.373437 0.399414 0.009375 0.005859
11 0.286719 0.444336 0.007812 0.009766
