11 0.272656 0.421875 0.007812 0.011719
0 0.945312 0.458984 0.053125 0.183594
0 0.889844 0.450195 0.026562 0.068359
0 0.909375 0.452148 0.021875 0.080078
0 0.235937 0.468750 0.009375 0.031250
0 0.444531 0.472656 0.029687 0.093750
0 0.985938 0.465820 0.025000 0.197266
1 0.934375 0.530273 0.103125 0.208984
1 0.965625 0.537109 0.065625 0.171875
1 0.700781 0.493164 0.070312 0.083984
1 0.688281 0.494141 0.064062 0.093750
1 0.670312 0.495117 0.043750 0.099609
1 0.634375 0.495117 0.034375 0.099609
1 0.511719 0.475586 0.014063 0.041016
1 0.400000 0.502930 0.031250 0.064453
1 0.472656 0.531250 0.048438 0.144531
1 0.576562 0.536133 0.071875 0.150391
2 0.364844 0.471680 0.048438 0.041016
2 0.200000 0.488281 0.068750 0.089844
2 0.122656 0.504883 0.129688 0.123047
2 0.047656 0.541016 0.095312 0.195312
0 0.400000 0.474609 0.031250 0.105469
0 0.475000 0.489258 0.053125 0.197266
0 0.575000 0.472656 0.068750 0.218750
11 0.756250 0.273438 0.028125 0.054688
