11 0.901563 0.281250 0.075000 0.093750
11 0.985156 0.377930 0.026562 0.029297
11 0.723437 0.383789 0.012500 0.044922
11 0.591406 0.419922 0.017188 0.015625
11 0.528125 0.441406 0.009375 0.015625
11 0.339844 0.447266 0.014063 0.019531
11 0.339844 0.461914 0.010937 0.009766
11 0.242969 0.430664 0.014063 0.017578
2 0.477344 0.487305 0.070312 0.068359
2 0.752344 0.481445 0.154688 0.072266
2 0.408594 0.472656 0.023438 0.023438
2 0.431250 0.470703 0.018750 0.015625
0 0.786719 0.493164 0.023438 0.103516
78 0.782813 0.519531 0.021875 0.054688
11 0.725000 0.336914 0.056250 0.017578
