9 0.435937 0.523438 0.006250 0.019531
11 0.847656 0.500000 0.029687 0.035156
11 0.754687 0.460938 0.037500 0.015625
11 0.771875 0.436523 0.015625 0.029297
11 0.032813 0.506836 0.031250 0.037109
0 0.827344 0.585938 0.014063 0.042969
0 0.805469 0.569336 0.014063 0.044922
0 0.796094 0.577148 0.014063 0.060547
0 0.746875 0.566406 0.015625 0.046875
0 0.764062 0.565430 0.018750 0.052734
0 0.717969 0.575195 0.023438 0.060547
0 0.732031 0.561523 0.010937 0.044922
0 0.644531 0.562500 0.010937 0.050781
0 0.654687 0.565430 0.012500 0.048828
0 0.661719 0.548828 0.010937 0.035156
3 0.543750 0.625977 0.040625 0.099609
2 0.311719 0.598633 0.051562 0.076172
2 0.335156 0.567383 0.045312 0.052734
2 0.384375 0.576172 0.059375 0.058594
2 0.433594 0.566406 0.039062 0.039062
2 0.463281 0.554688 0.020313 0.023438
2 0.218750 0.646484 0.221875 0.199219
2 0.492188 0.576172 0.040625 0.058594
2 0.507031 0.591797 0.057813 0.074219
0 0.539062 0.590820 0.037500 0.083984
