0 0.417969 0.468750 0.014063 0.042969
1 0.492969 0.489258 0.017188 0.048828
2 0.066406 0.626953 0.132812 0.199219
2 0.145313 0.557617 0.143750 0.158203
2 0.238281 0.539062 0.092188 0.101562
2 0.285938 0.512695 0.081250 0.083984
2 0.346094 0.493164 0.064062 0.064453
2 0.382031 0.478516 0.042188 0.046875
2 0.403125 0.462891 0.021875 0.031250
2 0.417187 0.458008 0.034375 0.037109
2 0.453125 0.452148 0.021875 0.025391
2 0.464844 0.450195 0.014063 0.021484
2 0.471094 0.444336 0.017188 0.021484
2 0.479687 0.440430 0.012500 0.017578
2 0.515625 0.460938 0.046875 0.058594
2 0.562500 0.466797 0.025000 0.054688
2 0.595313 0.470703 0.065625 0.078125
2 0.612500 0.491211 0.056250 0.064453
2 0.627344 0.501953 0.067187 0.078125
2 0.632812 0.530273 0.056250 0.115234
2 0.722656 0.544922 0.189062 0.195312
2 0.817187 0.635742 0.284375 0.255859
2 0.892188 0.807617 0.212500 0.380859
2 0.827344 0.450195 0.104688 0.044922
2 0.661719 0.454102 0.048438 0.033203
0 0.491406 0.473633 0.020313 0.056641
