0 0.657813 0.475586 0.021875 0.048828
1 0.610938 0.533203 0.053125 0.117188
1 0.569531 0.509766 0.042188 0.085938
7 0.849219 0.371094 0.298438 0.742188
2 0.073438 0.507812 0.146875 0.175781
2 0.173437 0.504883 0.087500 0.099609
2 0.268750 0.485352 0.075000 0.064453
2 0.326562 0.480469 0.053125 0.054688
2 0.396875 0.474609 0.015625 0.015625
2 0.408594 0.472656 0.014063 0.015625
2 0.449219 0.475586 0.017188 0.013672
2 0.532813 0.478516 0.040625 0.042969
2 0.506250 0.477539 0.015625 0.029297
0 0.608594 0.496094 0.057813 0.167969
0 0.567969 0.480469 0.042188 0.117188
