9 0.228906 0.150391 0.017188 0.058594
9 0.386719 0.164062 0.017188 0.058594
9 0.599219 0.325195 0.017188 0.056641
9 0.585156 0.330078 0.007812 0.050781
9 0.834375 0.086914 0.043750 0.154297
9 0.785156 0.113281 0.032813 0.132812
9 0.847656 0.271484 0.042188 0.058594
9 0.464062 0.431641 0.003125 0.007812
9 0.478125 0.434570 0.003125 0.009766
11 0.605469 0.235352 0.073438 0.021484
11 0.842969 0.201172 0.035937 0.042969
11 0.547656 0.463867 0.026562 0.033203
11 0.506250 0.432617 0.006250 0.009766
11 0.308594 0.439453 0.004687 0.007812
0 0.402344 0.523438 0.101562 0.281250
7 0.078125 0.423828 0.156250 0.203125
