9 0.395313 0.357422 0.006250 0.015625
9 0.454688 0.370117 0.006250 0.013672
9 0.484375 0.375000 0.003125 0.011719
9 0.542188 0.398438 0.003125 0.007812
9 0.542188 0.409180 0.003125 0.005859
11 0.200781 0.462891 0.017188 0.023438
11 0.051562 0.481445 0.021875 0.068359
11 0.362500 0.361328 0.009375 0.015625
11 0.710938 0.394531 0.025000 0.031250
11 0.892188 0.297852 0.084375 0.087891
2 0.435937 0.403320 0.015625 0.009766
2 0.445312 0.402344 0.012500 0.011719
2 0.481250 0.412109 0.006250 0.007812
2 0.299219 0.458984 0.035937 0.039062
10 0.736719 0.504883 0.014063 0.029297
