0 0.571094 0.497070 0.026562 0.111328
1 0.535156 0.547852 0.035937 0.083984
2 0.484375 0.438477 0.009375 0.009766
2 0.492188 0.437500 0.006250 0.007812
2 0.498437 0.437500 0.006250 0.007812
2 0.507812 0.438477 0.009375 0.009766
2 0.439844 0.438477 0.014063 0.017578
2 0.430469 0.444336 0.017188 0.021484
2 0.412500 0.449219 0.025000 0.023438
2 0.403125 0.457031 0.021875 0.027344
2 0.381250 0.467773 0.025000 0.044922
2 0.365625 0.473633 0.040625 0.048828
2 0.344531 0.488281 0.035937 0.062500
2 0.325781 0.495117 0.042188 0.068359
2 0.281250 0.501953 0.078125 0.089844
2 0.239063 0.525391 0.090625 0.093750
2 0.158594 0.557617 0.170313 0.130859
2 0.526563 0.441406 0.021875 0.031250
2 0.531250 0.447266 0.021875 0.031250
2 0.546875 0.453125 0.037500 0.039062
2 0.621875 0.447266 0.015625 0.019531
2 0.628125 0.505859 0.106250 0.105469
2 0.460938 0.450195 0.034375 0.044922
2 0.903906 0.502930 0.170313 0.150391
2 0.971094 0.563477 0.054688 0.130859
0 0.535156 0.509766 0.035937 0.117188
