9 0.394531 0.451172 0.004687 0.019531
9 0.596875 0.452148 0.006250 0.017578
0 0.067187 0.491211 0.015625 0.048828
0 0.042188 0.494141 0.015625 0.039062
0 0.020313 0.493164 0.012500 0.037109
0 0.398438 0.494141 0.009375 0.015625
0 0.590625 0.508789 0.018750 0.052734
0 0.603906 0.492188 0.004687 0.019531
0 0.609375 0.490234 0.006250 0.015625
0 0.646875 0.510742 0.012500 0.044922
0 0.658594 0.506836 0.010937 0.037109
0 0.700781 0.493164 0.014063 0.017578
0 0.669531 0.501953 0.007812 0.027344
0 0.760938 0.503906 0.015625 0.058594
0 0.808594 0.491211 0.023438 0.041016
0 0.828906 0.496094 0.017188 0.035156
1 0.565625 0.523438 0.018750 0.035156
2 0.113281 0.499023 0.051562 0.041016
2 0.439063 0.511719 0.050000 0.046875
2 0.483594 0.537109 0.092188 0.093750
2 0.513281 0.521484 0.039062 0.066406
2 0.515625 0.510742 0.046875 0.064453
0 0.565625 0.508789 0.018750 0.052734
