0 0.474219 0.470703 0.010937 0.035156
0 0.463281 0.471680 0.007812 0.033203
0 0.457031 0.471680 0.007812 0.033203
0 0.466406 0.467773 0.007812 0.041016
0 0.566406 0.479492 0.023438 0.056641
1 0.491406 0.467773 0.007812 0.013672
1 0.571875 0.490234 0.043750 0.042969
2 0.110937 0.529297 0.221875 0.175781
2 0.223438 0.510742 0.115625 0.130859
2 0.319531 0.475586 0.035937 0.044922
2 0.421094 0.481445 0.045312 0.044922
2 0.363281 0.485352 0.079687 0.076172
2 0.932813 0.677734 0.131250 0.363281
2 0.922656 0.506836 0.079687 0.080078
2 0.782031 0.528320 0.217188 0.216797
2 0.673438 0.528320 0.050000 0.115234
2 0.650781 0.496094 0.079687 0.085938
2 0.611719 0.496094 0.029687 0.062500
2 0.610938 0.487305 0.040625 0.064453
2 0.588281 0.486328 0.014063 0.042969
2 0.586719 0.476562 0.023438 0.035156
2 0.559375 0.464844 0.009375 0.019531
2 0.535937 0.464844 0.018750 0.019531
2 0.556250 0.462891 0.009375 0.015625
2 0.511719 0.459961 0.010937 0.009766
2 0.518750 0.459961 0.003125 0.009766
2 0.498437 0.459961 0.006250 0.009766
2 0.503906 0.458984 0.004687 0.007812
2 0.481250 0.460938 0.009375 0.015625
0 0.491406 0.462891 0.007812 0.019531
