11 0.676562 0.375000 0.015625 0.031250
11 0.835938 0.308594 0.075000 0.062500
0 0.108594 0.460938 0.023438 0.082031
0 0.132812 0.460938 0.021875 0.082031
0 0.185156 0.459961 0.020313 0.064453
0 0.175781 0.461914 0.014063 0.060547
0 0.500781 0.453125 0.007812 0.019531
1 0.970313 0.648438 0.056250 0.234375
1 0.846875 0.578125 0.087500 0.121094
1 0.718750 0.502930 0.037500 0.076172
1 0.666406 0.508789 0.023438 0.068359
1 0.014844 0.515625 0.029687 0.121094
1 0.064062 0.476562 0.075000 0.058594
1 0.261719 0.488281 0.032813 0.046875
1 0.225000 0.477539 0.043750 0.052734
1 0.448437 0.468750 0.012500 0.027344
1 0.468750 0.468750 0.012500 0.031250
2 0.577344 0.468750 0.039062 0.039062
2 0.361719 0.458984 0.054688 0.058594
2 0.400000 0.464844 0.025000 0.042969
2 0.419531 0.459961 0.026562 0.041016
2 0.436719 0.460938 0.014063 0.027344
2 0.456250 0.458008 0.009375 0.017578
0 0.447656 0.457031 0.014063 0.035156
0 0.468750 0.457031 0.012500 0.039062
