11 0.091406 0.369141 0.039062 0.046875
11 0.092188 0.399414 0.028125 0.013672
0 0.476562 0.456055 0.009375 0.025391
1 0.432031 0.539062 0.039062 0.074219
2 0.660156 0.544922 0.117188 0.113281
2 0.593750 0.498047 0.040625 0.082031
2 0.570312 0.491211 0.031250 0.072266
2 0.554688 0.484375 0.025000 0.058594
2 0.278125 0.507812 0.106250 0.101562
2 0.339062 0.502930 0.034375 0.068359
2 0.357812 0.496094 0.034375 0.058594
2 0.376563 0.488281 0.025000 0.046875
2 0.385937 0.487305 0.015625 0.041016
2 0.385937 0.472656 0.046875 0.058594
2 0.414844 0.467773 0.017188 0.025391
2 0.439063 0.461914 0.025000 0.021484
2 0.449219 0.458008 0.017188 0.025391
2 0.456250 0.455078 0.015625 0.023438
2 0.471875 0.454102 0.009375 0.021484
2 0.488281 0.451172 0.014063 0.019531
2 0.520312 0.447266 0.012500 0.011719
2 0.314844 0.449219 0.042188 0.019531
2 0.261719 0.452148 0.042188 0.013672
0 0.432812 0.512695 0.037500 0.111328
0 0.528125 0.511719 0.034375 0.121094
78 0.639062 0.492188 0.090625 0.113281
78 0.528906 0.575195 0.017188 0.017578
