1 0.600781 0.505859 0.026562 0.054688
1 0.636719 0.512695 0.026562 0.064453
1 0.696094 0.527344 0.029687 0.078125
1 0.805469 0.545898 0.048438 0.095703
1 0.910156 0.563477 0.067187 0.134766
2 0.460938 0.467773 0.021875 0.021484
2 0.707031 0.489258 0.076563 0.033203
2 0.155469 0.458984 0.095312 0.046875
2 0.060937 0.460938 0.096875 0.066406
0 0.600781 0.483398 0.026562 0.080078
0 0.636719 0.491211 0.026562 0.083984
0 0.696094 0.501953 0.029687 0.097656
0 0.804688 0.512695 0.050000 0.134766
0 0.914844 0.511719 0.064062 0.175781
11 0.480469 0.453125 0.007812 0.007812
2 0.436719 0.448242 0.010937 0.009766
