0 0.844531 0.419922 0.004687 0.019531
0 0.849219 0.424805 0.004687 0.021484
0 0.858594 0.424805 0.007812 0.025391
0 0.869531 0.424805 0.007812 0.029297
1 0.503125 0.475586 0.012500 0.029297
2 0.621094 0.432617 0.054688 0.013672
2 0.588281 0.432617 0.020313 0.013672
2 0.561719 0.436523 0.023438 0.009766
2 0.473438 0.434570 0.009375 0.009766
2 0.456250 0.443359 0.028125 0.027344
2 0.451562 0.457031 0.031250 0.027344
2 0.433594 0.443359 0.017188 0.015625
2 0.424219 0.453125 0.017188 0.023438
2 0.412500 0.458984 0.018750 0.031250
2 0.398438 0.461914 0.021875 0.037109
2 0.377344 0.465820 0.035937 0.044922
2 0.368750 0.472656 0.037500 0.046875
2 0.334375 0.477539 0.050000 0.068359
2 0.314844 0.491211 0.029687 0.060547
2 0.276562 0.500000 0.078125 0.109375
2 0.143750 0.490234 0.053125 0.054688
2 0.190625 0.528320 0.143750 0.142578
2 0.489063 0.444336 0.021875 0.029297
2 0.515625 0.446289 0.015625 0.029297
2 0.532813 0.458008 0.034375 0.052734
2 0.553906 0.468750 0.051562 0.066406
2 0.554688 0.483398 0.028125 0.064453
2 0.571094 0.488281 0.032813 0.074219
2 0.631250 0.522461 0.150000 0.166016
2 0.692969 0.592773 0.179688 0.185547
2 0.836719 0.688477 0.323437 0.298828
2 0.960938 0.900391 0.075000 0.195312
0 0.503125 0.460938 0.012500 0.039062
