9 0.381250 0.351562 0.021875 0.054688
9 0.431250 0.375000 0.015625 0.042969
9 0.839063 0.329102 0.021875 0.056641
9 0.083594 0.433594 0.020313 0.039062
11 0.428125 0.448242 0.012500 0.013672
2 0.666406 0.500977 0.064062 0.068359
2 0.515625 0.520508 0.071875 0.080078
2 0.557813 0.487305 0.034375 0.033203
2 0.552344 0.478516 0.026562 0.019531
2 0.572656 0.482422 0.020313 0.027344
2 0.578906 0.474609 0.014063 0.023438
2 0.588281 0.472656 0.017188 0.019531
2 0.564844 0.464844 0.010937 0.007812
2 0.621875 0.473633 0.009375 0.025391
2 0.632812 0.476562 0.025000 0.031250
2 0.601562 0.467773 0.009375 0.013672
2 0.608594 0.464844 0.007812 0.015625
2 0.704688 0.456055 0.025000 0.017578
