9 0.421875 0.487305 0.009375 0.025391
9 0.614062 0.490234 0.006250 0.023438
9 0.571875 0.500977 0.006250 0.017578
11 0.132031 0.473633 0.032813 0.033203
11 0.130469 0.406250 0.023438 0.031250
11 0.690625 0.458984 0.025000 0.058594
0 0.392188 0.550781 0.006250 0.023438
0 0.396875 0.548828 0.006250 0.023438
0 0.319531 0.558594 0.014063 0.039062
0 0.341406 0.554688 0.004687 0.019531
0 0.346094 0.555664 0.004687 0.025391
0 0.354687 0.553711 0.006250 0.021484
0 0.588281 0.561523 0.017188 0.044922
0 0.573438 0.554688 0.006250 0.027344
0 0.552344 0.565430 0.010937 0.041016
1 0.294531 0.601562 0.020313 0.050781
3 0.521094 0.598633 0.023438 0.056641
2 0.439844 0.674805 0.201563 0.205078
2 0.439844 0.564453 0.114062 0.023438
2 0.480469 0.547852 0.035937 0.009766
2 0.482031 0.529297 0.032813 0.031250
0 0.160156 0.609375 0.045312 0.144531
0 0.294531 0.578125 0.026562 0.074219
0 0.518750 0.564453 0.034375 0.054688
78 0.161719 0.647461 0.029687 0.111328
78 0.538281 0.547852 0.042188 0.072266
