9 0.550000 0.427734 0.003125 0.011719
9 0.585938 0.386719 0.003125 0.011719
9 0.594531 0.400391 0.004687 0.011719
9 0.642969 0.424805 0.004687 0.013672
11 0.839063 0.401367 0.015625 0.025391
0 0.219531 0.453125 0.014063 0.054688
0 0.243750 0.477539 0.028125 0.103516
0 0.382812 0.463867 0.018750 0.056641
0 0.400000 0.467773 0.018750 0.044922
0 0.428125 0.463867 0.012500 0.044922
0 0.438281 0.458984 0.007812 0.031250
0 0.464062 0.460938 0.009375 0.031250
0 0.469531 0.460938 0.004687 0.031250
0 0.481250 0.461914 0.009375 0.033203
0 0.490625 0.458984 0.006250 0.019531
0 0.503906 0.459961 0.004687 0.017578
0 0.674219 0.458984 0.004687 0.015625
0 0.679688 0.458984 0.009375 0.023438
0 0.633594 0.461914 0.004687 0.017578
1 0.029687 0.531250 0.059375 0.152344
1 0.192969 0.520508 0.045312 0.087891
2 0.565625 0.458984 0.009375 0.011719
2 0.619531 0.462891 0.010937 0.011719
2 0.652344 0.475586 0.045312 0.044922
2 0.703125 0.496094 0.084375 0.093750
2 0.721875 0.521484 0.068750 0.109375
2 0.803125 0.554688 0.187500 0.167969
1 0.053906 0.534180 0.070312 0.123047
