5 0.645312 0.397461 0.053125 0.052734
11 0.969531 0.359375 0.026562 0.019531
11 0.917188 0.379883 0.018750 0.025391
11 0.885156 0.381836 0.017188 0.037109
11 0.417187 0.350586 0.018750 0.013672
11 0.567969 0.387695 0.007812 0.009766
2 0.807813 0.473633 0.187500 0.197266
2 0.682031 0.440430 0.089063 0.095703
2 0.618750 0.419922 0.037500 0.042969
2 0.439844 0.441406 0.154688 0.191406
2 0.290625 0.437500 0.096875 0.078125
2 0.341406 0.425781 0.051562 0.062500
2 0.547656 0.412109 0.023438 0.023438
2 0.532031 0.414062 0.020313 0.031250
2 0.517969 0.415039 0.023438 0.029297
