5 0.440625 0.391602 0.018750 0.025391
9 0.175781 0.346680 0.014063 0.017578
9 0.605469 0.317383 0.017188 0.021484
11 0.607031 0.362305 0.029687 0.048828
11 0.179688 0.377930 0.028125 0.037109
11 0.506250 0.388672 0.006250 0.011719
0 0.140625 0.451172 0.015625 0.042969
0 0.130469 0.451172 0.014063 0.046875
0 0.971094 0.419922 0.014063 0.050781
0 0.851562 0.420898 0.009375 0.044922
0 0.839063 0.419922 0.012500 0.042969
0 0.922656 0.423828 0.014063 0.046875
0 0.760156 0.410156 0.010937 0.035156
0 0.804688 0.432617 0.018750 0.056641
0 0.785937 0.435547 0.015625 0.054688
0 0.728906 0.415039 0.014063 0.037109
0 0.730469 0.400391 0.010937 0.035156
0 0.784375 0.397461 0.006250 0.021484
0 0.712500 0.394531 0.006250 0.023438
0 0.882812 0.490234 0.034375 0.113281
0 0.758594 0.481445 0.029687 0.099609
0 0.731250 0.487305 0.028125 0.095703
0 0.746875 0.459961 0.015625 0.080078
0 0.676562 0.469727 0.025000 0.080078
0 0.690625 0.469727 0.034375 0.083984
0 0.712500 0.464844 0.018750 0.066406
0 0.666406 0.451172 0.014063 0.054688
0 0.679688 0.431641 0.018750 0.027344
0 0.629687 0.460938 0.018750 0.062500
0 0.638281 0.472656 0.020313 0.062500
0 0.649219 0.461914 0.017188 0.076172
0 0.587500 0.412109 0.006250 0.027344
0 0.599219 0.410156 0.007812 0.027344
0 0.628125 0.430664 0.012500 0.025391
0 0.625000 0.412109 0.012500 0.023438
0 0.635156 0.417969 0.010937 0.027344
0 0.662500 0.417969 0.009375 0.023438
0 0.608594 0.447266 0.017188 0.054688
0 0.576562 0.425781 0.006250 0.039062
0 0.539844 0.432617 0.010937 0.037109
0 0.515625 0.413086 0.006250 0.021484
0 0.531250 0.407227 0.006250 0.017578
0 0.540625 0.404297 0.006250 0.019531
0 0.713281 0.452148 0.014063 0.068359
0 0.590625 0.399414 0.006250 0.021484
0 0.545312 0.430664 0.009375 0.033203
0 0.742969 0.400391 0.007812 0.023438
0 0.987500 0.416992 0.012500 0.041016
0 0.885938 0.418945 0.012500 0.041016
2 0.164844 0.531250 0.173437 0.136719
2 0.261719 0.462891 0.060937 0.062500
2 0.293750 0.456055 0.028125 0.048828
2 0.335938 0.454102 0.062500 0.064453
2 0.366406 0.436523 0.042188 0.048828
2 0.385937 0.428711 0.021875 0.033203
2 0.392969 0.412109 0.020313 0.023438
2 0.512500 0.501953 0.103125 0.105469
2 0.497656 0.441406 0.051562 0.050781
2 0.473438 0.432617 0.034375 0.041016
2 0.462500 0.415039 0.025000 0.025391
2 0.452344 0.406250 0.014063 0.015625
2 0.417187 0.468750 0.068750 0.066406
2 0.428906 0.437500 0.060937 0.062500
2 0.422656 0.403320 0.017188 0.009766
2 0.427344 0.392578 0.010937 0.011719
2 0.421094 0.396484 0.010937 0.007812
10 0.708594 0.517578 0.023438 0.058594
