9 0.892188 0.444336 0.015625 0.056641
9 0.926562 0.506836 0.009375 0.013672
9 0.033594 0.428711 0.017188 0.052734
11 0.582031 0.484375 0.014063 0.019531
11 0.582031 0.504883 0.014063 0.017578
11 0.017969 0.479492 0.029687 0.033203
11 0.211719 0.467773 0.017188 0.021484
0 0.917188 0.594727 0.025000 0.091797
0 0.886719 0.588867 0.020313 0.083984
0 0.659375 0.566406 0.015625 0.058594
0 0.607031 0.556641 0.014063 0.039062
0 0.565625 0.545898 0.009375 0.029297
0 0.557031 0.545898 0.007812 0.029297
0 0.539844 0.549805 0.010937 0.021484
0 0.511719 0.543945 0.004687 0.013672
0 0.356250 0.552734 0.012500 0.039062
0 0.303125 0.548828 0.006250 0.027344
0 0.293750 0.541992 0.009375 0.025391
0 0.264062 0.587891 0.025000 0.097656
0 0.450000 0.545898 0.003125 0.009766
0 0.454688 0.545898 0.003125 0.009766
3 0.384375 0.625977 0.053125 0.099609
2 0.476562 0.542969 0.012500 0.015625
2 0.065625 0.619141 0.131250 0.121094
2 0.378125 0.549805 0.021875 0.021484
2 0.397656 0.549805 0.014063 0.017578
0 0.382812 0.608398 0.046875 0.119141
