9 0.978906 0.305664 0.014063 0.052734
9 0.923438 0.300781 0.021875 0.062500
9 0.932031 0.371094 0.023438 0.023438
9 0.594531 0.325195 0.014063 0.056641
9 0.417187 0.198242 0.012500 0.052734
9 0.228125 0.327148 0.015625 0.052734
9 0.592187 0.379883 0.012500 0.013672
0 0.892188 0.481445 0.043750 0.138672
0 0.870313 0.448242 0.015625 0.041016
0 0.914844 0.446289 0.017188 0.044922
0 0.936719 0.466797 0.023438 0.082031
0 0.550000 0.471680 0.009375 0.041016
0 0.534375 0.458008 0.006250 0.029297
1 0.767969 0.614258 0.089063 0.244141
1 0.588281 0.541016 0.054688 0.128906
1 0.490625 0.551758 0.065625 0.134766
1 0.260937 0.478516 0.021875 0.050781
1 0.242969 0.480469 0.023438 0.046875
1 0.280469 0.475586 0.020313 0.041016
1 0.301563 0.469727 0.018750 0.033203
2 0.372656 0.464844 0.026562 0.027344
2 0.395313 0.461914 0.018750 0.017578
2 0.416406 0.460938 0.023438 0.019531
2 0.450781 0.461914 0.020313 0.025391
0 0.780469 0.514648 0.110937 0.369141
0 0.592187 0.487305 0.065625 0.201172
0 0.492188 0.492188 0.062500 0.187500
