5 0.312500 0.350586 0.218750 0.306641
5 0.631250 0.392578 0.034375 0.062500
9 0.564063 0.352539 0.009375 0.044922
9 0.573438 0.355469 0.009375 0.042969
9 0.705469 0.382812 0.007812 0.027344
0 0.045312 0.418945 0.021875 0.076172
0 0.183594 0.426758 0.029687 0.087891
0 0.714063 0.426758 0.012500 0.037109
0 0.736719 0.433594 0.007812 0.039062
0 0.753125 0.434570 0.006250 0.037109
0 0.760938 0.436523 0.009375 0.037109
1 0.034375 0.503906 0.068750 0.128906
2 0.431250 0.441406 0.037500 0.066406
2 0.497656 0.466797 0.117188 0.117188
2 0.601562 0.425781 0.075000 0.062500
2 0.665625 0.438477 0.062500 0.068359
2 0.880469 0.522461 0.235937 0.201172
0 0.021094 0.470703 0.042188 0.113281
