9 0.474219 0.352539 0.010937 0.037109
9 0.490625 0.355469 0.012500 0.039062
9 0.459375 0.341797 0.015625 0.070312
9 0.463281 0.283203 0.010937 0.042969
9 0.355469 0.394531 0.007812 0.023438
9 0.332813 0.395508 0.006250 0.025391
9 0.353125 0.421875 0.006250 0.011719
9 0.166406 0.352539 0.020313 0.033203
11 0.185938 0.349609 0.015625 0.027344
11 0.264844 0.375000 0.048438 0.011719
0 0.498437 0.473633 0.037500 0.130859
0 0.460156 0.473633 0.035937 0.134766
2 0.249219 0.531250 0.257812 0.289062
2 0.118750 0.489258 0.046875 0.072266
2 0.374219 0.474609 0.039062 0.046875
