9 0.448437 0.399414 0.006250 0.017578
9 0.441406 0.382812 0.007812 0.019531
11 0.703906 0.378906 0.014063 0.027344
0 0.976562 0.486328 0.043750 0.160156
0 0.924219 0.498047 0.042188 0.132812
0 0.294531 0.463867 0.014063 0.048828
0 0.339062 0.460938 0.009375 0.035156
0 0.206250 0.458984 0.012500 0.050781
0 0.478125 0.461914 0.006250 0.025391
0 0.349219 0.462891 0.007812 0.039062
0 0.007812 0.468750 0.015625 0.078125
0 0.408594 0.466797 0.010937 0.023438
1 0.364063 0.486328 0.015625 0.042969
1 0.151562 0.490234 0.028125 0.078125
1 0.128906 0.482422 0.042188 0.093750
1 0.107813 0.492188 0.040625 0.078125
1 0.055469 0.497070 0.039062 0.103516
1 0.249219 0.481445 0.026562 0.060547
1 0.384375 0.475586 0.009375 0.021484
1 0.274219 0.475586 0.020313 0.052734
2 0.739844 0.527344 0.223438 0.195312
2 0.614062 0.502930 0.106250 0.123047
2 0.559375 0.492188 0.059375 0.082031
2 0.525000 0.475586 0.043750 0.044922
2 0.507031 0.473633 0.020313 0.041016
2 0.454688 0.467773 0.037500 0.037109
0 0.363281 0.469727 0.017188 0.060547
0 0.384375 0.465820 0.009375 0.029297
