0 0.938281 0.531250 0.051562 0.156250
0 0.921094 0.526367 0.060937 0.134766
0 0.852344 0.511719 0.045312 0.125000
0 0.790625 0.518555 0.050000 0.123047
0 0.812500 0.510742 0.031250 0.107422
0 0.767188 0.488281 0.021875 0.066406
0 0.729688 0.501953 0.028125 0.085938
0 0.714063 0.500000 0.025000 0.078125
0 0.692969 0.493164 0.023438 0.064453
0 0.600781 0.517578 0.060937 0.199219
0 0.567969 0.495117 0.032813 0.123047
0 0.533594 0.483398 0.020313 0.091797
0 0.553906 0.485352 0.017188 0.080078
0 0.515625 0.478516 0.015625 0.062500
2 0.636719 0.476562 0.057813 0.042969
2 0.673438 0.466797 0.037500 0.035156
2 0.436719 0.481445 0.073438 0.091797
2 0.128906 0.486328 0.057813 0.054688
2 0.210156 0.478516 0.048438 0.054688
2 0.260937 0.473633 0.031250 0.021484
2 0.067187 0.496094 0.109375 0.074219
