11 0.740625 0.376953 0.031250 0.050781
0 0.225781 0.447266 0.023438 0.031250
0 0.298438 0.473633 0.018750 0.072266
0 0.333594 0.473633 0.017188 0.080078
0 0.563281 0.553711 0.048438 0.166016
0 0.975781 0.497070 0.026562 0.099609
0 0.960938 0.488281 0.021875 0.105469
1 0.263281 0.508789 0.039062 0.095703
1 0.282813 0.514648 0.046875 0.095703
1 0.317188 0.521484 0.046875 0.078125
1 0.914062 0.541992 0.065625 0.083984
1 0.953125 0.538086 0.075000 0.083984
2 0.037500 0.469727 0.075000 0.060547
2 0.102344 0.482422 0.098437 0.062500
2 0.200781 0.495117 0.110937 0.076172
