11 0.811719 0.370117 0.010937 0.017578
1 0.150000 0.476562 0.053125 0.062500
1 0.270313 0.462891 0.031250 0.046875
1 0.363281 0.456055 0.035937 0.041016
1 0.417969 0.451172 0.026562 0.035156
1 0.463281 0.446289 0.023438 0.033203
1 0.507031 0.445312 0.014063 0.035156
1 0.522656 0.439453 0.007812 0.019531
1 0.534375 0.450195 0.009375 0.025391
1 0.542969 0.441406 0.007812 0.015625
1 0.554688 0.445312 0.009375 0.027344
1 0.571875 0.442383 0.009375 0.021484
1 0.581250 0.441406 0.009375 0.019531
2 0.779687 0.427734 0.062500 0.074219
2 0.063281 0.424805 0.126562 0.103516
0 0.580469 0.423828 0.007812 0.023438
0 0.571875 0.428711 0.009375 0.033203
0 0.553906 0.427734 0.010937 0.042969
0 0.542188 0.428711 0.009375 0.021484
0 0.532813 0.430664 0.009375 0.029297
0 0.523438 0.427734 0.009375 0.027344
0 0.506250 0.425781 0.015625 0.050781
0 0.460156 0.426758 0.014063 0.044922
0 0.417969 0.434570 0.020313 0.052734
0 0.365625 0.432617 0.025000 0.056641
0 0.271094 0.438477 0.032813 0.068359
0 0.150000 0.439453 0.040625 0.101562
