11 0.953125 0.523438 0.056250 0.062500
0 0.416406 0.388672 0.014063 0.054688
0 0.688281 0.409180 0.010937 0.025391
0 0.697656 0.404297 0.007812 0.011719
0 0.631250 0.402344 0.006250 0.019531
0 0.564063 0.395508 0.006250 0.017578
0 0.424219 0.393555 0.010937 0.044922
0 0.460156 0.384766 0.007812 0.023438
0 0.707031 0.402344 0.007812 0.007812
0 0.439844 0.392578 0.007812 0.031250
0 0.478906 0.388672 0.004687 0.015625
2 0.919531 0.481445 0.157812 0.134766
2 0.717969 0.441406 0.085938 0.070312
2 0.652344 0.422852 0.054688 0.048828
2 0.576562 0.402344 0.025000 0.023438
2 0.520312 0.393555 0.040625 0.021484
2 0.496094 0.387695 0.010937 0.009766
