0 0.948438 0.497070 0.059375 0.197266
0 0.732812 0.500000 0.034375 0.117188
0 0.681250 0.493164 0.043750 0.126953
0 0.625781 0.493164 0.029687 0.119141
0 0.603906 0.490234 0.017188 0.113281
0 0.586719 0.487305 0.035937 0.123047
0 0.556250 0.490234 0.034375 0.113281
0 0.530469 0.489258 0.017188 0.060547
0 0.503906 0.488281 0.014063 0.050781
0 0.481250 0.490234 0.015625 0.046875
0 0.467969 0.486328 0.010937 0.046875
1 0.792188 0.519531 0.056250 0.097656
2 0.101562 0.541016 0.203125 0.265625
2 0.421094 0.496094 0.039062 0.039062
2 0.393750 0.489258 0.028125 0.029297
2 0.339062 0.489258 0.075000 0.072266
