0 0.681250 0.532227 0.059375 0.298828
0 0.632812 0.510742 0.062500 0.271484
0 0.605469 0.471680 0.042188 0.181641
0 0.585156 0.462891 0.035937 0.167969
0 0.495312 0.453125 0.025000 0.093750
0 0.478125 0.459961 0.015625 0.072266
0 0.463281 0.462891 0.017188 0.070312
0 0.465625 0.454102 0.021875 0.080078
0 0.442969 0.445312 0.023438 0.066406
0 0.064062 0.532227 0.071875 0.259766
0 0.022656 0.538086 0.042188 0.244141
2 0.864844 0.504883 0.267188 0.294922
2 0.787500 0.507812 0.203125 0.167969
2 0.345313 0.549805 0.243750 0.244141
2 0.166406 0.451172 0.148438 0.105469
2 0.105469 0.465820 0.139063 0.099609
