11 0.144531 0.430664 0.004687 0.017578
11 0.567187 0.406250 0.009375 0.027344
11 0.742969 0.385742 0.010937 0.037109
0 0.015625 0.489258 0.018750 0.072266
0 0.068750 0.486328 0.012500 0.066406
0 0.198437 0.500977 0.028125 0.107422
0 0.235156 0.528320 0.051562 0.193359
0 0.247656 0.519531 0.089063 0.242188
2 0.861719 0.552734 0.273438 0.222656
2 0.604688 0.514648 0.259375 0.173828
2 0.459375 0.518555 0.081250 0.119141
78 0.347656 0.483398 0.195312 0.138672
2 0.173437 0.495117 0.046875 0.068359
2 0.152344 0.492188 0.054688 0.066406
2 0.098437 0.488281 0.056250 0.054688
2 0.042969 0.487305 0.042188 0.044922
2 0.113281 0.491211 0.042188 0.056641
