5 0.549219 0.357422 0.039062 0.035156
5 0.479687 0.362305 0.034375 0.017578
0 0.321875 0.373047 0.009375 0.023438
0 0.315625 0.373047 0.006250 0.019531
0 0.307812 0.372070 0.009375 0.025391
0 0.295312 0.375000 0.012500 0.042969
0 0.804688 0.398438 0.009375 0.019531
0 0.769531 0.396484 0.007812 0.019531
0 0.354687 0.374023 0.009375 0.025391
2 0.980469 0.436523 0.035937 0.080078
2 0.855469 0.416992 0.067187 0.044922
2 0.800000 0.491211 0.209375 0.173828
2 0.677344 0.437500 0.070312 0.097656
2 0.547656 0.532227 0.301563 0.322266
2 0.391406 0.416016 0.079687 0.097656
2 0.925781 0.416016 0.082812 0.050781
