11 0.186719 0.378906 0.026562 0.035156
11 0.187500 0.407227 0.021875 0.017578
11 0.539062 0.409180 0.006250 0.009766
0 0.992188 0.486328 0.012500 0.101562
0 0.880469 0.492188 0.032813 0.113281
0 0.862500 0.483398 0.018750 0.103516
0 0.819531 0.485352 0.035937 0.060547
0 0.784375 0.469727 0.021875 0.076172
0 0.767969 0.454102 0.014063 0.033203
0 0.724219 0.453125 0.007812 0.019531
0 0.716406 0.464844 0.014063 0.042969
0 0.661719 0.452148 0.017188 0.037109
0 0.438281 0.430664 0.004687 0.013672
0 0.441406 0.428711 0.004687 0.013672
0 0.411719 0.432617 0.004687 0.017578
0 0.404687 0.432617 0.006250 0.017578
0 0.164062 0.466797 0.015625 0.070312
0 0.272656 0.635742 0.085938 0.318359
1 0.635938 0.483398 0.021875 0.052734
1 0.653125 0.488281 0.034375 0.042969
1 0.364063 0.456055 0.009375 0.025391
1 0.174219 0.490234 0.023438 0.042969
1 0.218750 0.486328 0.043750 0.039062
3 0.591406 0.482422 0.060937 0.046875
2 0.570312 0.464844 0.056250 0.062500
2 0.540625 0.459961 0.021875 0.044922
2 0.535937 0.453125 0.021875 0.035156
2 0.516406 0.434570 0.020313 0.025391
2 0.500000 0.432617 0.012500 0.017578
2 0.490625 0.430664 0.009375 0.009766
2 0.459375 0.430664 0.012500 0.009766
2 0.447656 0.430664 0.010937 0.009766
2 0.427344 0.437500 0.023438 0.027344
2 0.492188 0.484375 0.078125 0.085938
0 0.364063 0.448242 0.009375 0.033203
10 0.377344 0.445312 0.004687 0.011719
