9 0.555469 0.202148 0.023438 0.060547
9 0.743750 0.369141 0.018750 0.054688
9 0.717969 0.418945 0.004687 0.021484
9 0.422656 0.409180 0.020313 0.052734
9 0.404687 0.410156 0.015625 0.050781
11 0.583594 0.430664 0.014063 0.025391
11 0.584375 0.451172 0.012500 0.015625
11 0.422656 0.445312 0.020313 0.011719
11 0.373437 0.460938 0.025000 0.007812
11 0.373437 0.467773 0.025000 0.005859
11 0.374219 0.474609 0.026562 0.007812
11 0.374219 0.479492 0.026562 0.005859
2 0.185156 0.621094 0.370312 0.390625
2 0.389062 0.572266 0.121875 0.160156
2 0.453906 0.540039 0.107813 0.123047
2 0.510938 0.513672 0.081250 0.089844
2 0.639844 0.570312 0.189062 0.214844
2 0.635156 0.461914 0.107813 0.021484
2 0.554688 0.491211 0.034375 0.056641
