0 0.784375 0.490234 0.034375 0.101562
0 0.752344 0.497070 0.032813 0.103516
0 0.403906 0.471680 0.017188 0.064453
0 0.374219 0.471680 0.010937 0.064453
0 0.381250 0.473633 0.015625 0.060547
0 0.389844 0.465820 0.017188 0.072266
0 0.578125 0.478516 0.025000 0.085938
1 0.455469 0.481445 0.020313 0.041016
2 0.156250 0.468750 0.106250 0.062500
2 0.205469 0.511719 0.151562 0.128906
2 0.872656 0.616211 0.251563 0.384766
2 0.685937 0.523438 0.128125 0.121094
2 0.653906 0.495117 0.089063 0.095703
2 0.608594 0.484375 0.045312 0.074219
2 0.572656 0.460938 0.029687 0.039062
2 0.555469 0.455078 0.017188 0.023438
2 0.547656 0.453125 0.010937 0.023438
2 0.543750 0.450195 0.009375 0.017578
2 0.525000 0.452148 0.018750 0.021484
2 0.410156 0.444336 0.029687 0.025391
2 0.433594 0.448242 0.017188 0.017578
2 0.474219 0.448242 0.014063 0.013672
2 0.491406 0.448242 0.014063 0.013672
2 0.503125 0.447266 0.006250 0.007812
2 0.507031 0.446289 0.004687 0.005859
0 0.455469 0.466797 0.020313 0.054688
0 0.839844 0.453125 0.023438 0.035156
1 0.762500 0.525391 0.015625 0.050781
