9 0.237500 0.483398 0.009375 0.029297
9 0.231250 0.360352 0.021875 0.060547
11 0.489844 0.436523 0.010937 0.013672
11 0.228906 0.436523 0.032813 0.037109
0 0.975000 0.447266 0.015625 0.015625
1 0.834375 0.479492 0.018750 0.033203
2 0.933594 0.607422 0.129688 0.304688
2 0.623437 0.566406 0.184375 0.207031
2 0.751563 0.505859 0.100000 0.093750
2 0.692187 0.456055 0.018750 0.017578
2 0.666406 0.454102 0.014063 0.013672
2 0.674219 0.453125 0.007812 0.011719
2 0.682813 0.452148 0.006250 0.009766
2 0.612500 0.458984 0.015625 0.015625
2 0.627344 0.458008 0.014063 0.013672
0 0.833594 0.466797 0.014063 0.039062
