5 0.525781 0.509766 0.023438 0.023438
5 0.435937 0.502930 0.037500 0.029297
11 0.960938 0.425781 0.028125 0.035156
11 0.961719 0.453125 0.026562 0.015625
11 0.065625 0.462891 0.009375 0.019531
11 0.067187 0.484375 0.009375 0.015625
0 0.942969 0.518555 0.010937 0.033203
0 0.920312 0.522461 0.009375 0.029297
0 0.819531 0.518555 0.007812 0.021484
0 0.769531 0.524414 0.010937 0.025391
0 0.593750 0.521484 0.006250 0.019531
0 0.606250 0.523438 0.006250 0.019531
0 0.725000 0.517578 0.009375 0.023438
0 0.639062 0.524414 0.009375 0.025391
2 0.847656 0.708008 0.301563 0.287109
2 0.809375 0.567383 0.128125 0.064453
2 0.514844 0.615234 0.167187 0.183594
2 0.567187 0.528320 0.025000 0.021484
2 0.539844 0.519531 0.017188 0.011719
2 0.509375 0.509766 0.012500 0.011719
2 0.440625 0.535156 0.025000 0.031250
2 0.380469 0.552734 0.057813 0.062500
2 0.318750 0.577148 0.109375 0.103516
2 0.039844 0.600586 0.079687 0.107422
2 0.235156 0.542969 0.054688 0.042969
2 0.050781 0.563477 0.060937 0.056641
2 0.416406 0.529297 0.020313 0.019531
