9 0.861719 0.455078 0.010937 0.046875
0 0.075000 0.548828 0.012500 0.035156
0 0.012500 0.548828 0.012500 0.027344
0 0.182031 0.549805 0.010937 0.037109
0 0.199219 0.541016 0.007812 0.027344
0 0.321094 0.554688 0.017188 0.046875
0 0.335156 0.571289 0.020313 0.064453
0 0.354687 0.554688 0.015625 0.050781
0 0.820312 0.558594 0.012500 0.066406
0 0.805469 0.554688 0.017188 0.074219
0 0.789062 0.558594 0.015625 0.066406
7 0.518750 0.521484 0.043750 0.039062
2 0.158594 0.572266 0.048438 0.042969
2 0.096875 0.579102 0.075000 0.056641
2 0.035937 0.679688 0.071875 0.238281
2 0.285938 0.548828 0.043750 0.046875
2 0.371875 0.549805 0.018750 0.021484
2 0.478125 0.548828 0.021875 0.035156
2 0.450781 0.557617 0.045312 0.052734
2 0.514062 0.551758 0.050000 0.052734
2 0.589844 0.573242 0.092188 0.103516
2 0.664844 0.559570 0.057813 0.060547
2 0.722656 0.575195 0.117188 0.083984
