11 0.553906 0.434570 0.029687 0.044922
11 0.365625 0.504883 0.025000 0.005859
11 0.366406 0.496094 0.023438 0.007812
11 0.364844 0.486328 0.023438 0.007812
11 0.364844 0.477539 0.023438 0.005859
11 0.364844 0.467773 0.023438 0.009766
11 0.324219 0.469727 0.014063 0.021484
11 0.336719 0.479492 0.014063 0.017578
11 0.335938 0.491211 0.009375 0.005859
11 0.430469 0.452148 0.029687 0.017578
11 0.290625 0.508789 0.028125 0.005859
11 0.289062 0.500000 0.025000 0.007812
11 0.289062 0.491211 0.025000 0.005859
11 0.288281 0.482422 0.023438 0.007812
11 0.112500 0.482422 0.015625 0.023438
