9 0.441406 0.416016 0.007812 0.019531
9 0.684375 0.411133 0.009375 0.021484
9 0.608594 0.422852 0.001563 0.005859
9 0.619531 0.423828 0.004687 0.007812
11 0.443750 0.436523 0.009375 0.017578
11 0.684375 0.433594 0.009375 0.019531
11 0.605469 0.421875 0.004687 0.003906
0 0.231250 0.491211 0.021875 0.068359
0 0.771875 0.465820 0.012500 0.044922
0 0.853906 0.467773 0.010937 0.033203
0 0.792188 0.463867 0.009375 0.048828
1 0.717969 0.491211 0.023438 0.033203
2 0.558594 0.472656 0.032813 0.031250
2 0.539844 0.459961 0.010937 0.025391
2 0.525000 0.461914 0.025000 0.029297
2 0.568750 0.466797 0.021875 0.027344
2 0.625000 0.449219 0.012500 0.011719
2 0.612500 0.446289 0.009375 0.009766
2 0.644531 0.452148 0.017188 0.017578
0 0.718750 0.472656 0.018750 0.050781
10 0.299219 0.485352 0.007812 0.021484
