9 0.464062 0.201172 0.018750 0.074219
9 0.594531 0.296875 0.017188 0.093750
9 0.592187 0.382812 0.015625 0.023438
9 0.484375 0.418945 0.003125 0.009766
11 0.448437 0.412109 0.006250 0.007812
0 0.135156 0.446289 0.017188 0.052734
1 0.096094 0.472656 0.026562 0.050781
1 0.075781 0.473633 0.029687 0.048828
2 0.471094 0.472656 0.026562 0.046875
2 0.443750 0.471680 0.040625 0.060547
2 0.382812 0.490234 0.115625 0.117188
2 0.280469 0.468750 0.079687 0.074219
2 0.186719 0.464844 0.104688 0.070312
2 0.033594 0.458008 0.067187 0.083984
0 0.096875 0.455078 0.025000 0.082031
0 0.074219 0.453125 0.023438 0.078125
