11 0.649219 0.427734 0.010937 0.023438
11 0.472656 0.440430 0.004687 0.005859
11 0.464844 0.439453 0.004687 0.007812
7 0.403906 0.446289 0.054688 0.029297
2 0.575781 0.468750 0.107813 0.105469
2 0.514062 0.460938 0.050000 0.062500
2 0.487500 0.468750 0.012500 0.027344
2 0.478906 0.463867 0.017188 0.029297
2 0.468750 0.460938 0.015625 0.023438
2 0.462500 0.458008 0.015625 0.017578
2 0.460938 0.454102 0.018750 0.017578
2 0.449219 0.457031 0.007812 0.011719
2 0.435156 0.456055 0.010937 0.013672
2 0.375781 0.457031 0.014063 0.015625
2 0.348438 0.470703 0.050000 0.050781
2 0.313281 0.467773 0.029687 0.033203
2 0.273438 0.470703 0.028125 0.058594
2 0.242969 0.473633 0.054688 0.060547
2 0.217188 0.481445 0.053125 0.060547
2 0.159375 0.487305 0.096875 0.080078
2 0.096875 0.460938 0.046875 0.046875
2 0.042188 0.464844 0.059375 0.050781
2 0.025000 0.469727 0.050000 0.060547
2 0.209375 0.448242 0.040625 0.029297
