0 0.417187 0.474609 0.015625 0.054688
1 0.492188 0.490234 0.018750 0.046875
2 0.022656 0.661133 0.045312 0.154297
2 0.085156 0.587891 0.170313 0.195312
2 0.203125 0.556641 0.115625 0.117188
2 0.270313 0.523438 0.093750 0.093750
2 0.340625 0.499023 0.075000 0.072266
2 0.382031 0.482422 0.045312 0.050781
2 0.419531 0.463867 0.048438 0.048828
2 0.460938 0.453125 0.025000 0.023438
2 0.471094 0.450195 0.014063 0.021484
2 0.478125 0.444336 0.015625 0.021484
2 0.489063 0.440430 0.012500 0.017578
2 0.525000 0.461914 0.053125 0.060547
2 0.559375 0.454102 0.031250 0.048828
2 0.575781 0.466797 0.029687 0.054688
2 0.612500 0.475586 0.068750 0.083984
2 0.636719 0.500000 0.064062 0.078125
2 0.657813 0.516602 0.078125 0.091797
2 0.675781 0.550781 0.079687 0.128906
2 0.792969 0.576172 0.251563 0.242188
2 0.873437 0.735352 0.250000 0.400391
2 0.857031 0.450195 0.123438 0.041016
2 0.670312 0.455078 0.046875 0.031250
0 0.492188 0.474609 0.018750 0.058594
