9 0.576562 0.454102 0.006250 0.017578
9 0.382031 0.451172 0.004687 0.015625
0 0.048438 0.504883 0.018750 0.072266
0 0.071094 0.489258 0.032813 0.048828
0 0.121094 0.500977 0.014063 0.056641
0 0.189844 0.507812 0.014063 0.054688
1 0.571094 0.534180 0.017188 0.041016
2 0.015625 0.577148 0.031250 0.111328
2 0.561719 0.505859 0.014063 0.031250
2 0.515625 0.500977 0.025000 0.029297
2 0.498437 0.490234 0.015625 0.015625
2 0.510156 0.483398 0.010937 0.009766
2 0.483594 0.555664 0.123438 0.123047
0 0.571875 0.521484 0.015625 0.062500
10 0.396875 0.508789 0.006250 0.017578
