0 0.407031 0.459961 0.014063 0.037109
0 0.803125 0.587891 0.065625 0.238281
0 0.813281 0.532227 0.067187 0.169922
2 0.109375 0.455078 0.121875 0.082031
2 0.148438 0.449219 0.087500 0.070312
2 0.215625 0.458008 0.062500 0.052734
2 0.224219 0.446289 0.067187 0.056641
2 0.295312 0.460938 0.075000 0.046875
2 0.315625 0.454102 0.062500 0.044922
2 0.334375 0.451172 0.043750 0.042969
2 0.403125 0.457031 0.065625 0.035156
2 0.446875 0.457031 0.021875 0.023438
2 0.488281 0.458008 0.014063 0.017578
2 0.497656 0.457031 0.007812 0.015625
2 0.505469 0.455078 0.007812 0.011719
2 0.512500 0.453125 0.006250 0.011719
2 0.544531 0.464844 0.026562 0.027344
2 0.912500 0.670898 0.171875 0.306641
2 0.755469 0.529297 0.157812 0.171875
2 0.688281 0.514648 0.054688 0.103516
2 0.660937 0.505859 0.053125 0.078125
2 0.635938 0.496094 0.046875 0.062500
2 0.605469 0.483398 0.048438 0.044922
2 0.594531 0.472656 0.045312 0.039062
2 0.570312 0.468750 0.015625 0.031250
2 0.561719 0.465820 0.010937 0.029297
