0 0.442188 0.479492 0.018750 0.064453
2 0.612500 0.436523 0.012500 0.013672
2 0.605469 0.445312 0.014063 0.015625
2 0.564063 0.444336 0.031250 0.021484
2 0.532813 0.443359 0.018750 0.011719
2 0.538281 0.472656 0.048438 0.054688
2 0.497656 0.458984 0.070312 0.027344
2 0.439063 0.469727 0.059375 0.044922
2 0.414844 0.447266 0.079687 0.019531
2 0.403125 0.479492 0.071875 0.068359
2 0.482812 0.502930 0.075000 0.068359
2 0.271875 0.482422 0.131250 0.042969
2 0.217969 0.513672 0.151562 0.093750
2 0.323437 0.571289 0.171875 0.138672
2 0.649219 0.439453 0.020313 0.011719
2 0.671094 0.443359 0.017188 0.019531
2 0.678906 0.449219 0.020313 0.019531
2 0.684375 0.456055 0.018750 0.021484
2 0.693750 0.461914 0.021875 0.025391
2 0.707031 0.467773 0.029687 0.033203
2 0.714844 0.474609 0.026562 0.039062
2 0.731250 0.480469 0.031250 0.054688
2 0.747656 0.486328 0.035937 0.070312
2 0.792969 0.500000 0.092188 0.105469
2 0.800781 0.516602 0.089063 0.091797
2 0.846094 0.548828 0.132812 0.125000
