9 0.437500 0.204102 0.012500 0.052734
9 0.239844 0.339844 0.014063 0.046875
9 0.627344 0.333008 0.014063 0.052734
0 0.983594 0.507812 0.029687 0.160156
0 0.944531 0.483398 0.029687 0.103516
0 0.920312 0.482422 0.028125 0.109375
0 0.037500 0.484375 0.025000 0.082031
0 0.067187 0.480469 0.025000 0.085938
0 0.106250 0.480469 0.021875 0.082031
0 0.133594 0.477539 0.023438 0.080078
0 0.150781 0.481445 0.017188 0.068359
1 0.193750 0.540039 0.037500 0.091797
1 0.091406 0.499023 0.029687 0.052734
1 0.137500 0.493164 0.053125 0.041016
2 0.539844 0.566406 0.285938 0.234375
2 0.394531 0.471680 0.014063 0.021484
2 0.382031 0.470703 0.020313 0.019531
2 0.406250 0.468750 0.015625 0.019531
2 0.450781 0.459961 0.032813 0.029297
0 0.193750 0.499023 0.043750 0.111328
