0 0.650781 0.463867 0.017188 0.056641
2 0.950000 0.510742 0.096875 0.115234
2 0.910937 0.501953 0.131250 0.105469
2 0.751563 0.490234 0.118750 0.074219
2 0.668750 0.461914 0.034375 0.052734
2 0.636719 0.451172 0.023438 0.027344
2 0.602344 0.452148 0.020313 0.029297
2 0.575000 0.455078 0.037500 0.039062
2 0.554688 0.449219 0.015625 0.027344
2 0.548438 0.448242 0.012500 0.025391
2 0.538281 0.443359 0.014063 0.015625
2 0.500781 0.441406 0.004687 0.007812
2 0.495312 0.442383 0.006250 0.009766
2 0.488281 0.441406 0.007812 0.011719
2 0.480469 0.442383 0.010937 0.013672
2 0.465625 0.441406 0.018750 0.023438
2 0.456250 0.446289 0.015625 0.021484
2 0.444531 0.451172 0.023438 0.027344
2 0.421875 0.447266 0.028125 0.042969
2 0.401562 0.455078 0.046875 0.046875
2 0.389062 0.461914 0.059375 0.048828
2 0.319531 0.471680 0.089063 0.083984
2 0.227344 0.461914 0.129688 0.060547
2 0.064844 0.546875 0.129688 0.238281
0 0.819531 0.562500 0.067187 0.292969
10 0.195312 0.501953 0.018750 0.046875
78 0.814844 0.705078 0.070312 0.050781
