5 0.844531 0.416992 0.307812 0.138672
5 0.517969 0.446289 0.064062 0.080078
5 0.635938 0.434570 0.087500 0.052734
5 0.431250 0.454102 0.100000 0.041016
0 0.834375 0.508789 0.075000 0.181641
0 0.906250 0.473633 0.071875 0.212891
0 0.552344 0.459961 0.014063 0.044922
0 0.570312 0.456055 0.015625 0.052734
0 0.589063 0.457031 0.015625 0.046875
0 0.605469 0.454102 0.014063 0.044922
0 0.631250 0.452148 0.012500 0.044922
0 0.621875 0.450195 0.012500 0.044922
0 0.374219 0.464844 0.007812 0.019531
0 0.169531 0.488281 0.010937 0.050781
0 0.128906 0.491211 0.014063 0.029297
0 0.114062 0.486328 0.012500 0.039062
2 0.966406 0.469727 0.064062 0.150391
2 0.928906 0.449219 0.139063 0.140625
2 0.841406 0.444336 0.123438 0.107422
2 0.452344 0.461914 0.026562 0.021484
2 0.475000 0.461914 0.021875 0.021484
10 0.340625 0.478516 0.006250 0.019531
