9 0.457031 0.373047 0.004687 0.015625
9 0.486719 0.375000 0.004687 0.011719
9 0.407031 0.357422 0.004687 0.011719
9 0.542188 0.398438 0.006250 0.011719
9 0.542969 0.407227 0.004687 0.005859
11 0.760938 0.336914 0.056250 0.068359
11 0.683594 0.397461 0.020313 0.029297
11 0.364844 0.363281 0.010937 0.015625
11 0.117188 0.474609 0.025000 0.039062
11 0.239844 0.456055 0.017188 0.021484
2 0.025781 0.436523 0.051562 0.041016
2 0.325781 0.445312 0.023438 0.019531
2 0.482812 0.412109 0.006250 0.007812
2 0.435156 0.399414 0.007812 0.005859
2 0.442969 0.401367 0.007812 0.009766
2 0.450781 0.400391 0.007812 0.007812
10 0.696875 0.487305 0.012500 0.021484
