11 0.434375 0.427734 0.006250 0.007812
0 0.585938 0.460938 0.009375 0.042969
0 0.591406 0.462891 0.007812 0.035156
0 0.485938 0.451172 0.006250 0.015625
2 0.468750 0.451172 0.009375 0.007812
2 0.453125 0.448242 0.012500 0.013672
2 0.448437 0.450195 0.012500 0.013672
2 0.431250 0.455078 0.015625 0.023438
2 0.785156 0.470703 0.067187 0.042969
2 0.417187 0.455078 0.021875 0.027344
2 0.399219 0.460938 0.032813 0.027344
2 0.311719 0.471680 0.039062 0.060547
2 0.331250 0.470703 0.025000 0.046875
2 0.263281 0.468750 0.073438 0.082031
2 0.217188 0.485352 0.096875 0.072266
2 0.092969 0.505859 0.123438 0.105469
2 0.028906 0.520508 0.057813 0.119141
10 0.571094 0.468750 0.004687 0.015625
