9 0.728906 0.356445 0.010937 0.044922
9 0.043750 0.356445 0.015625 0.056641
11 0.718750 0.413086 0.028125 0.052734
11 0.642969 0.391602 0.017188 0.029297
11 0.642969 0.416016 0.010937 0.019531
11 0.047656 0.409180 0.026562 0.048828
0 0.038281 0.503906 0.026562 0.105469
0 0.168750 0.500977 0.025000 0.126953
0 0.243750 0.477539 0.009375 0.044922
0 0.667188 0.493164 0.025000 0.080078
0 0.685156 0.496094 0.017188 0.078125
2 0.450781 0.476562 0.020313 0.019531
2 0.403125 0.471680 0.009375 0.009766
2 0.411719 0.471680 0.007812 0.009766
2 0.421094 0.471680 0.010937 0.009766
2 0.380469 0.472656 0.014063 0.019531
2 0.364844 0.474609 0.026562 0.027344
2 0.340625 0.482422 0.018750 0.027344
2 0.321875 0.482422 0.034375 0.031250
2 0.278906 0.489258 0.057813 0.048828
2 0.516406 0.489258 0.042188 0.044922
10 0.696875 0.521484 0.012500 0.046875
