9 0.231250 0.083008 0.053125 0.166016
9 0.668750 0.326172 0.015625 0.058594
9 0.982812 0.250977 0.025000 0.119141
9 0.653125 0.418945 0.012500 0.041016
11 0.166406 0.018555 0.079687 0.037109
0 0.153906 0.436523 0.035937 0.173828
0 0.864844 0.458008 0.017188 0.064453
0 0.700000 0.431641 0.006250 0.031250
0 0.689063 0.430664 0.009375 0.033203
0 0.672656 0.429688 0.010937 0.031250
0 0.459375 0.408203 0.012500 0.039062
0 0.467187 0.413086 0.006250 0.029297
0 0.626563 0.419922 0.006250 0.019531
7 0.519531 0.409180 0.010937 0.017578
2 0.770312 0.450195 0.096875 0.095703
2 0.562500 0.416992 0.015625 0.013672
2 0.546094 0.413086 0.010937 0.013672
2 0.534375 0.412109 0.015625 0.015625
