1 0.864062 0.565430 0.193750 0.142578
1 0.325781 0.500000 0.026562 0.050781
1 0.286719 0.500000 0.020313 0.046875
1 0.262500 0.512695 0.031250 0.060547
1 0.225781 0.520508 0.045312 0.087891
1 0.146094 0.557617 0.051562 0.123047
1 0.403125 0.583008 0.190625 0.154297
2 0.496094 0.476562 0.026562 0.042969
2 0.508594 0.480469 0.026562 0.054688
2 0.303906 0.475586 0.017188 0.033203
2 0.193750 0.478516 0.053125 0.078125
2 0.042188 0.505859 0.084375 0.121094
2 0.549219 0.481445 0.076563 0.080078
0 0.324219 0.477539 0.026562 0.072266
0 0.283594 0.476562 0.026562 0.054688
0 0.263281 0.481445 0.029687 0.095703
0 0.228125 0.491211 0.040625 0.134766
0 0.145313 0.512695 0.053125 0.173828
0 0.417969 0.521484 0.095312 0.238281
0 0.857031 0.497070 0.098437 0.205078
