5 0.854688 0.416992 0.287500 0.138672
5 0.521094 0.448242 0.070312 0.083984
5 0.440625 0.454102 0.090625 0.044922
0 0.128906 0.490234 0.014063 0.027344
0 0.115625 0.495117 0.012500 0.056641
0 0.170313 0.489258 0.012500 0.052734
0 0.356250 0.465820 0.006250 0.021484
0 0.350000 0.467773 0.006250 0.021484
0 0.372656 0.464844 0.007812 0.023438
0 0.378906 0.463867 0.007812 0.021484
0 0.552344 0.460938 0.014063 0.042969
0 0.631250 0.466797 0.031250 0.113281
0 0.657813 0.468750 0.025000 0.105469
0 0.575781 0.456055 0.014063 0.052734
0 0.587500 0.457031 0.015625 0.050781
0 0.600000 0.455078 0.015625 0.046875
0 0.808594 0.479492 0.057813 0.201172
1 0.460938 0.477539 0.015625 0.033203
2 0.952344 0.486328 0.092188 0.109375
2 0.914844 0.445312 0.167187 0.136719
2 0.852344 0.442383 0.132812 0.103516
0 0.395313 0.480469 0.028125 0.089844
0 0.465625 0.463867 0.028125 0.052734
10 0.341406 0.478516 0.007812 0.019531
78 0.396875 0.530273 0.015625 0.009766
5 0.671875 0.432617 0.115625 0.099609
