9 0.695312 0.209961 0.018750 0.080078
9 0.693750 0.303711 0.021875 0.037109
9 0.416406 0.023438 0.020313 0.046875
9 0.106250 0.203125 0.021875 0.078125
0 0.655469 0.427734 0.017188 0.093750
0 0.634375 0.434570 0.012500 0.052734
0 0.491406 0.426758 0.007812 0.033203
0 0.516406 0.429688 0.010937 0.039062
0 0.503125 0.429688 0.009375 0.027344
1 0.170313 0.446289 0.040625 0.076172
1 0.216406 0.448242 0.023438 0.052734
1 0.653125 0.457031 0.021875 0.058594
1 0.632812 0.456055 0.021875 0.056641
1 0.600000 0.451172 0.009375 0.050781
1 0.570312 0.495117 0.043750 0.166016
1 0.453125 0.511719 0.062500 0.156250
1 0.480469 0.454102 0.010937 0.029297
1 0.885938 0.567383 0.118750 0.248047
2 0.364063 0.434570 0.031250 0.033203
2 0.389844 0.431641 0.017188 0.019531
2 0.410156 0.428711 0.020313 0.021484
0 0.453125 0.461914 0.065625 0.216797
0 0.573438 0.448242 0.062500 0.228516
0 0.480469 0.444336 0.010937 0.033203
0 0.895312 0.475586 0.112500 0.365234
