5 0.471094 0.449219 0.035937 0.050781
11 0.587500 0.391602 0.015625 0.029297
11 0.516406 0.418945 0.014063 0.021484
11 0.516406 0.398438 0.010937 0.015625
11 0.214844 0.410156 0.007812 0.019531
0 0.656250 0.467773 0.009375 0.056641
0 0.682813 0.466797 0.018750 0.062500
0 0.765625 0.475586 0.031250 0.095703
0 0.738281 0.472656 0.023438 0.089844
0 0.856250 0.453125 0.025000 0.070312
0 0.906250 0.445312 0.018750 0.062500
0 0.976562 0.438477 0.009375 0.044922
0 0.507031 0.461914 0.004687 0.021484
0 0.994531 0.433594 0.007812 0.039062
2 0.057031 0.515625 0.114062 0.152344
2 0.178125 0.491211 0.112500 0.103516
2 0.261719 0.484375 0.057813 0.062500
2 0.563281 0.483398 0.085938 0.087891
2 0.437500 0.466797 0.053125 0.054688
2 0.378906 0.467773 0.057813 0.029297
10 0.822656 0.526367 0.023438 0.076172
