9 0.777344 0.084961 0.070312 0.169922
9 0.739062 0.403320 0.012500 0.017578
9 0.710156 0.357422 0.010937 0.031250
9 0.233594 0.269531 0.010937 0.035156
9 0.349219 0.277344 0.010937 0.039062
9 0.515625 0.373047 0.009375 0.035156
11 0.801562 0.363281 0.028125 0.046875
11 0.259375 0.263672 0.015625 0.023438
11 0.510156 0.314453 0.020313 0.015625
0 0.982031 0.462891 0.032813 0.160156
0 0.927344 0.472656 0.048438 0.156250
0 0.896094 0.469727 0.048438 0.158203
0 0.560937 0.467773 0.012500 0.044922
0 0.552344 0.462891 0.010937 0.039062
0 0.539844 0.456055 0.014063 0.041016
1 0.681250 0.602539 0.118750 0.220703
1 0.012500 0.493164 0.025000 0.033203
2 0.815625 0.458008 0.128125 0.072266
2 0.353906 0.618164 0.501563 0.466797
0 0.708594 0.429688 0.048438 0.113281
0 0.680469 0.524414 0.110937 0.310547
0 0.013281 0.476562 0.023438 0.054688
9 0.990625 0.095703 0.015625 0.105469
