11 0.490625 0.414062 0.006250 0.007812
0 0.646875 0.466797 0.018750 0.066406
0 0.610156 0.470703 0.017188 0.058594
0 0.629687 0.463867 0.021875 0.068359
2 0.567969 0.453125 0.089063 0.042969
2 0.670312 0.451172 0.037500 0.046875
2 0.071875 0.481445 0.143750 0.111328
2 0.164062 0.467773 0.106250 0.087891
2 0.236719 0.471680 0.045312 0.052734
2 0.298438 0.469727 0.093750 0.087891
2 0.384375 0.456055 0.028125 0.025391
2 0.387500 0.441406 0.021875 0.023438
2 0.414844 0.440430 0.020313 0.021484
2 0.399219 0.434570 0.010937 0.013672
2 0.420312 0.426758 0.018750 0.013672
2 0.475781 0.442383 0.020313 0.021484
2 0.966406 0.457031 0.064062 0.066406
2 0.486719 0.378906 0.014063 0.015625
2 0.500781 0.367188 0.010937 0.011719
2 0.504687 0.363281 0.006250 0.007812
2 0.485938 0.426758 0.015625 0.017578
2 0.514844 0.404297 0.010937 0.011719
