9 0.220312 0.422852 0.009375 0.029297
9 0.652344 0.412109 0.010937 0.035156
11 0.225000 0.460938 0.018750 0.035156
0 0.018750 0.530273 0.021875 0.095703
0 0.037500 0.524414 0.028125 0.103516
0 0.201563 0.520508 0.018750 0.072266
0 0.209375 0.519531 0.012500 0.070312
0 0.789844 0.497070 0.014063 0.037109
1 0.688281 0.542969 0.064062 0.054688
2 0.389062 0.512695 0.028125 0.037109
2 0.325000 0.547852 0.134375 0.115234
2 0.470313 0.506836 0.031250 0.033203
2 0.534375 0.587891 0.184375 0.187500
10 0.635156 0.529297 0.010937 0.039062
9 0.764062 0.353516 0.037500 0.074219
