11 0.653906 0.318359 0.032813 0.046875
0 0.494531 0.456055 0.007812 0.025391
1 0.814844 0.539062 0.067187 0.140625
1 0.953125 0.640625 0.090625 0.273438
1 0.193750 0.495117 0.037500 0.068359
1 0.182812 0.497070 0.037500 0.068359
1 0.068750 0.523438 0.050000 0.093750
1 0.022656 0.506836 0.045312 0.064453
1 0.120313 0.503906 0.034375 0.074219
1 0.387500 0.484375 0.018750 0.046875
1 0.422656 0.482422 0.020313 0.046875
2 0.592187 0.476562 0.050000 0.050781
2 0.285156 0.469727 0.089063 0.087891
2 0.348438 0.474609 0.046875 0.054688
2 0.388281 0.465820 0.039062 0.048828
2 0.442969 0.461914 0.020313 0.025391
2 0.409375 0.465820 0.009375 0.037109
0 0.388281 0.464844 0.023438 0.062500
0 0.423438 0.464844 0.021875 0.070312
