9 0.167969 0.476562 0.035937 0.101562
9 0.157812 0.070312 0.078125 0.140625
9 0.475000 0.419922 0.009375 0.019531
9 0.543750 0.354492 0.012500 0.041016
9 0.583594 0.381836 0.010937 0.029297
9 0.614844 0.400391 0.007812 0.019531
9 0.866406 0.380859 0.010937 0.031250
9 0.761719 0.432617 0.007812 0.009766
9 0.389844 0.407227 0.020313 0.037109
9 0.343750 0.406250 0.021875 0.031250
11 0.067187 0.405273 0.043750 0.017578
11 0.068750 0.425781 0.043750 0.015625
11 0.083594 0.443359 0.045312 0.015625
11 0.545312 0.408203 0.015625 0.019531
11 0.585156 0.419922 0.010937 0.011719
11 0.615625 0.421875 0.012500 0.011719
11 0.827344 0.418945 0.032813 0.009766
2 0.025000 0.547852 0.050000 0.107422
2 0.133594 0.543945 0.179688 0.103516
2 0.270313 0.518555 0.146875 0.083984
2 0.475000 0.514648 0.190625 0.103516
2 0.535156 0.501953 0.117188 0.078125
2 0.628125 0.477539 0.046875 0.052734
2 0.721094 0.499023 0.170313 0.095703
2 0.767969 0.464844 0.042188 0.027344
2 0.814063 0.478516 0.081250 0.062500
