9 0.639844 0.298828 0.042188 0.050781
9 0.697656 0.383789 0.014063 0.017578
9 0.691406 0.328125 0.014063 0.050781
9 0.524219 0.395508 0.014063 0.017578
9 0.526563 0.353516 0.009375 0.039062
9 0.067187 0.373047 0.012500 0.042969
9 0.090625 0.409180 0.018750 0.021484
11 0.636719 0.200195 0.039062 0.076172
11 0.653906 0.255859 0.014063 0.035156
11 0.695312 0.366211 0.012500 0.013672
11 0.730469 0.373047 0.029687 0.007812
11 0.494531 0.393555 0.010937 0.017578
0 0.511719 0.448242 0.014063 0.048828
0 0.431250 0.465820 0.021875 0.068359
0 0.400781 0.467773 0.026562 0.068359
0 0.383594 0.467773 0.026562 0.072266
0 0.373437 0.466797 0.025000 0.074219
2 0.608594 0.470703 0.207813 0.082031
2 0.468750 0.460938 0.040625 0.039062
2 0.445312 0.455078 0.009375 0.011719
2 0.217188 0.468750 0.056250 0.046875
10 0.517188 0.459961 0.006250 0.021484
