5 0.723437 0.510742 0.128125 0.060547
9 0.631250 0.460938 0.009375 0.027344
9 0.796875 0.466797 0.009375 0.027344
9 0.390625 0.469727 0.006250 0.021484
9 0.396875 0.469727 0.006250 0.021484
9 0.404687 0.462891 0.009375 0.027344
9 0.238281 0.473633 0.007812 0.021484
9 0.228125 0.470703 0.009375 0.027344
9 0.291406 0.455078 0.004687 0.011719
11 0.632031 0.486328 0.014063 0.015625
0 0.989844 0.541016 0.017188 0.054688
0 0.965625 0.544922 0.015625 0.042969
0 0.849219 0.525391 0.010937 0.027344
0 0.871875 0.526367 0.006250 0.029297
0 0.359375 0.537109 0.012500 0.042969
0 0.317188 0.532227 0.012500 0.037109
0 0.219531 0.540039 0.010937 0.037109
0 0.036719 0.533203 0.010937 0.031250
0 0.046094 0.527344 0.007812 0.031250
0 0.014844 0.532227 0.010937 0.033203
0 0.269531 0.532227 0.010937 0.041016
0 0.257812 0.533203 0.012500 0.039062
0 0.281250 0.531250 0.009375 0.027344
0 0.298438 0.531250 0.006250 0.023438
0 0.437500 0.518555 0.006250 0.021484
3 0.748437 0.804688 0.171875 0.351562
2 0.914844 0.713867 0.167187 0.302734
2 0.714844 0.622070 0.198437 0.173828
2 0.587500 0.585938 0.090625 0.128906
2 0.459375 0.630859 0.206250 0.207031
2 0.200781 0.789062 0.401562 0.417969
2 0.626563 0.512695 0.034375 0.033203
2 0.155469 0.541016 0.073438 0.039062
2 0.117188 0.532227 0.065625 0.044922
0 0.753125 0.703125 0.137500 0.335938
