0 0.404687 0.460938 0.012500 0.039062
0 0.828125 0.608398 0.075000 0.267578
0 0.835938 0.566406 0.075000 0.246094
2 0.095312 0.458008 0.125000 0.068359
2 0.139844 0.451172 0.095312 0.074219
2 0.205469 0.458008 0.048438 0.052734
2 0.211719 0.450195 0.079687 0.064453
2 0.291406 0.458984 0.082812 0.050781
2 0.311719 0.452148 0.064062 0.044922
2 0.394531 0.458008 0.057813 0.033203
2 0.421094 0.458008 0.026562 0.029297
2 0.441406 0.454102 0.023438 0.025391
2 0.485938 0.457031 0.015625 0.015625
2 0.457813 0.456055 0.012500 0.017578
2 0.496094 0.456055 0.004687 0.013672
2 0.502344 0.455078 0.007812 0.011719
2 0.507031 0.454102 0.004687 0.009766
2 0.541406 0.462891 0.026562 0.027344
2 0.510938 0.453125 0.006250 0.007812
2 0.925781 0.689453 0.145313 0.324219
2 0.754687 0.526367 0.143750 0.173828
2 0.692969 0.514648 0.057813 0.111328
2 0.664062 0.505859 0.062500 0.082031
2 0.637500 0.496094 0.050000 0.066406
2 0.605469 0.480469 0.045312 0.042969
2 0.597656 0.473633 0.039062 0.044922
2 0.581250 0.466797 0.028125 0.039062
2 0.568750 0.464844 0.018750 0.031250
2 0.560937 0.461914 0.012500 0.029297
