9 0.398438 0.391602 0.006250 0.017578
9 0.404687 0.404297 0.006250 0.015625
11 0.900000 0.283203 0.028125 0.054688
11 0.667969 0.365234 0.017188 0.031250
0 0.658594 0.465820 0.017188 0.072266
0 0.630469 0.468750 0.020313 0.058594
0 0.017188 0.471680 0.025000 0.076172
0 0.360938 0.458008 0.012500 0.037109
1 0.025781 0.512695 0.051562 0.087891
1 0.076563 0.495117 0.040625 0.064453
1 0.114062 0.497070 0.037500 0.072266
1 0.161719 0.492188 0.032813 0.058594
1 0.583594 0.476562 0.017188 0.042969
1 0.215625 0.476562 0.034375 0.054688
1 0.295312 0.484375 0.012500 0.031250
2 0.400000 0.474609 0.056250 0.050781
2 0.456250 0.470703 0.025000 0.039062
2 0.472656 0.477539 0.026562 0.056641
2 0.489063 0.475586 0.040625 0.060547
2 0.536719 0.484375 0.089063 0.089844
2 0.953906 0.473633 0.089063 0.103516
0 0.296094 0.467773 0.014063 0.044922
