11 0.717187 0.359375 0.012500 0.023438
11 0.282813 0.371094 0.021875 0.039062
11 0.394531 0.381836 0.007812 0.013672
0 0.553906 0.394531 0.007812 0.027344
2 0.955469 0.651367 0.085938 0.298828
2 0.772656 0.493164 0.189062 0.193359
2 0.664844 0.487305 0.079687 0.087891
2 0.616406 0.449219 0.057813 0.062500
2 0.566406 0.372070 0.020313 0.021484
2 0.557813 0.359375 0.015625 0.015625
2 0.836719 0.412109 0.073438 0.042969
2 0.534375 0.461914 0.062500 0.064453
2 0.528125 0.342773 0.009375 0.009766
2 0.523438 0.352539 0.009375 0.009766
2 0.504687 0.356445 0.015625 0.013672
2 0.493750 0.369141 0.018750 0.015625
2 0.487500 0.378906 0.018750 0.019531
2 0.435156 0.424805 0.048438 0.048828
2 0.404687 0.453125 0.053125 0.058594
2 0.346094 0.494141 0.098437 0.085938
2 0.150000 0.502930 0.250000 0.205078
