9 0.034375 0.363281 0.015625 0.058594
9 0.037500 0.424805 0.018750 0.021484
9 0.704688 0.371094 0.015625 0.062500
9 0.696875 0.434570 0.021875 0.025391
9 0.386719 0.450195 0.004687 0.017578
9 0.585938 0.454102 0.003125 0.013672
11 0.035937 0.403320 0.040625 0.021484
11 0.707031 0.411133 0.042188 0.021484
0 0.091406 0.487305 0.007812 0.064453
0 0.284375 0.523438 0.034375 0.121094
0 0.296875 0.524414 0.040625 0.119141
0 0.336719 0.482422 0.007812 0.019531
0 0.352344 0.481445 0.004687 0.009766
0 0.371094 0.482422 0.007812 0.015625
0 0.389844 0.478516 0.007812 0.019531
0 0.395313 0.486328 0.006250 0.019531
0 0.413281 0.488281 0.004687 0.019531
0 0.417969 0.487305 0.007812 0.021484
0 0.423438 0.484375 0.003125 0.015625
0 0.635938 0.492188 0.012500 0.023438
0 0.647656 0.491211 0.007812 0.017578
0 0.653125 0.490234 0.003125 0.015625
0 0.666406 0.489258 0.007812 0.021484
0 0.673438 0.486328 0.006250 0.023438
0 0.705469 0.487305 0.007812 0.021484
0 0.932813 0.511719 0.021875 0.093750
0 0.940625 0.516602 0.025000 0.080078
1 0.153906 0.512695 0.026562 0.044922
2 0.496094 0.489258 0.026562 0.017578
2 0.524219 0.497070 0.017188 0.021484
2 0.507812 0.499023 0.018750 0.025391
2 0.557813 0.500977 0.028125 0.025391
