9 0.536719 0.372070 0.014063 0.037109
9 0.461719 0.477539 0.007812 0.021484
9 0.525000 0.421875 0.009375 0.023438
9 0.579688 0.414062 0.009375 0.023438
9 0.617188 0.463867 0.009375 0.033203
9 0.687500 0.413086 0.009375 0.025391
9 0.593750 0.485352 0.003125 0.009766
11 0.097656 0.458984 0.010937 0.027344
11 0.080469 0.527344 0.020313 0.042969
11 0.517188 0.364258 0.015625 0.017578
11 0.460156 0.481445 0.017188 0.025391
0 0.447656 0.529297 0.010937 0.039062
2 0.869531 0.606445 0.257812 0.341797
2 0.759375 0.536133 0.090625 0.134766
2 0.710938 0.534180 0.034375 0.095703
2 0.629687 0.534180 0.065625 0.068359
2 0.487500 0.541992 0.053125 0.044922
2 0.591406 0.522461 0.020313 0.025391
2 0.575781 0.526367 0.017188 0.017578
2 0.686719 0.519531 0.035937 0.035156
