11 0.048438 0.097656 0.096875 0.167969
11 0.548438 0.412109 0.021875 0.027344
11 0.571094 0.440430 0.014063 0.021484
11 0.642188 0.435547 0.012500 0.007812
11 0.642188 0.443359 0.012500 0.007812
11 0.642188 0.451172 0.012500 0.007812
1 0.702344 0.480469 0.010937 0.023438
1 0.710938 0.480469 0.009375 0.027344
3 0.633594 0.542969 0.051562 0.101562
2 0.635156 0.489258 0.051562 0.060547
2 0.676562 0.465820 0.012500 0.013672
0 0.634375 0.504883 0.050000 0.091797
0 0.701562 0.471680 0.012500 0.029297
0 0.709375 0.468750 0.009375 0.027344
0 0.665625 0.471680 0.009375 0.029297
