5 0.499219 0.386719 0.020313 0.023438
5 0.519531 0.388672 0.020313 0.027344
11 0.800781 0.377930 0.023438 0.037109
11 0.430469 0.380859 0.010937 0.019531
11 0.614062 0.382812 0.012500 0.015625
11 0.579688 0.383789 0.009375 0.013672
7 0.665625 0.393555 0.018750 0.013672
2 0.500781 0.396484 0.010937 0.011719
2 0.477344 0.393555 0.010937 0.009766
2 0.485938 0.392578 0.006250 0.007812
2 0.550781 0.396484 0.014063 0.015625
2 0.574219 0.409180 0.020313 0.021484
2 0.590625 0.415039 0.031250 0.029297
2 0.516406 0.453125 0.098437 0.093750
2 0.563281 0.394531 0.010937 0.011719
2 0.572656 0.392578 0.010937 0.011719
2 0.585156 0.394531 0.010937 0.011719
2 0.597656 0.395508 0.010937 0.009766
2 0.617969 0.397461 0.017188 0.013672
2 0.631250 0.399414 0.015625 0.013672
2 0.648438 0.400391 0.015625 0.015625
2 0.662500 0.404297 0.012500 0.011719
2 0.674219 0.405273 0.014063 0.013672
2 0.700781 0.407227 0.014063 0.017578
2 0.709375 0.410156 0.015625 0.015625
2 0.730469 0.414062 0.023438 0.015625
2 0.747656 0.416016 0.010937 0.015625
2 0.767969 0.417969 0.029687 0.019531
2 0.957812 0.425781 0.081250 0.101562
2 0.901563 0.430664 0.031250 0.056641
2 0.864844 0.432617 0.045312 0.048828
2 0.833594 0.421875 0.023438 0.023438
2 0.807813 0.420898 0.028125 0.021484
