9 0.132031 0.458984 0.007812 0.031250
9 0.124219 0.458984 0.007812 0.031250
9 0.353125 0.456055 0.006250 0.021484
9 0.107813 0.403320 0.012500 0.033203
11 0.107813 0.457031 0.015625 0.023438
11 0.107813 0.478516 0.015625 0.019531
11 0.884375 0.418945 0.018750 0.025391
11 0.208594 0.467773 0.007812 0.013672
0 0.039844 0.534180 0.014063 0.044922
0 0.024219 0.533203 0.014063 0.046875
3 0.899219 0.597656 0.095312 0.144531
3 0.849219 0.559570 0.048438 0.111328
2 0.089063 0.727539 0.178125 0.341797
2 0.646094 0.634766 0.360938 0.417969
2 0.299219 0.537109 0.107813 0.105469
2 0.401562 0.513672 0.071875 0.078125
2 0.170313 0.551758 0.109375 0.076172
2 0.232813 0.517578 0.062500 0.050781
2 0.959375 0.541992 0.078125 0.138672
2 0.819531 0.484375 0.060937 0.082031
2 0.110156 0.533203 0.064062 0.046875
0 0.889844 0.553711 0.076563 0.208984
0 0.850000 0.537109 0.050000 0.167969
78 0.455469 0.513672 0.064062 0.089844
