9 0.482031 0.377930 0.004687 0.013672
9 0.341406 0.407227 0.004687 0.013672
1 0.557031 0.458984 0.020313 0.042969
2 0.672656 0.468750 0.098437 0.085938
2 0.504687 0.427734 0.012500 0.011719
2 0.500781 0.423828 0.014063 0.015625
2 0.475781 0.416016 0.007812 0.007812
2 0.464844 0.423828 0.010937 0.011719
2 0.458594 0.405273 0.004687 0.005859
2 0.446875 0.418945 0.009375 0.009766
2 0.377344 0.442383 0.023438 0.021484
2 0.391406 0.426758 0.017188 0.017578
2 0.271094 0.445312 0.039062 0.023438
2 0.239063 0.445312 0.025000 0.023438
2 0.012500 0.477539 0.025000 0.056641
0 0.557813 0.445312 0.018750 0.054688
