1 0.446094 0.486328 0.020313 0.035156
1 0.475781 0.491211 0.017188 0.037109
2 0.382031 0.451172 0.014063 0.019531
2 0.372656 0.458984 0.023438 0.031250
2 0.367188 0.467773 0.025000 0.037109
2 0.350781 0.473633 0.039062 0.041016
2 0.425000 0.451172 0.009375 0.011719
2 0.453906 0.452148 0.007812 0.009766
2 0.461719 0.457031 0.017188 0.019531
2 0.488281 0.456055 0.020313 0.021484
2 0.493750 0.467773 0.025000 0.029297
2 0.500781 0.472656 0.020313 0.031250
2 0.535937 0.474609 0.053125 0.054688
2 0.552344 0.485352 0.060937 0.064453
2 0.829688 0.585938 0.253125 0.214844
2 0.103125 0.541992 0.206250 0.162109
0 0.446094 0.472656 0.020313 0.050781
0 0.475781 0.473633 0.017188 0.048828
