9 0.709375 0.251953 0.025000 0.132812
9 0.523438 0.120117 0.025000 0.103516
9 0.709375 0.374023 0.031250 0.033203
9 0.522656 0.437500 0.004687 0.011719
11 0.484375 0.429688 0.006250 0.007812
0 0.389844 0.490234 0.007812 0.027344
0 0.379688 0.482422 0.006250 0.015625
1 0.012500 0.514648 0.025000 0.056641
1 0.030469 0.509766 0.042188 0.054688
2 0.508594 0.496094 0.035937 0.054688
2 0.453906 0.515625 0.104688 0.105469
2 0.339844 0.487305 0.051562 0.060547
2 0.271875 0.500977 0.115625 0.099609
2 0.152344 0.498047 0.151562 0.093750
2 0.550000 0.500000 0.018750 0.031250
0 0.034375 0.486328 0.034375 0.109375
0 0.008594 0.481445 0.017188 0.099609
