9 0.714063 0.465820 0.009375 0.029297
9 0.771094 0.495117 0.007812 0.009766
9 0.717187 0.527344 0.006250 0.015625
9 0.259375 0.475586 0.009375 0.033203
9 0.255469 0.518555 0.004687 0.017578
11 0.956250 0.389648 0.062500 0.083984
11 0.960156 0.453125 0.048438 0.042969
11 0.651563 0.467773 0.028125 0.052734
11 0.566406 0.483398 0.010937 0.013672
11 0.566406 0.497070 0.007812 0.013672
11 0.313281 0.481445 0.010937 0.013672
11 0.544531 0.496094 0.010937 0.011719
0 0.935156 0.557617 0.026562 0.087891
0 0.768750 0.572266 0.037500 0.113281
0 0.816406 0.568359 0.032813 0.113281
0 0.599219 0.534180 0.010937 0.037109
0 0.585938 0.537109 0.015625 0.042969
0 0.519531 0.528320 0.007812 0.017578
0 0.470313 0.550781 0.021875 0.058594
0 0.548438 0.528320 0.006250 0.009766
0 0.337500 0.527344 0.009375 0.015625
0 0.347656 0.530273 0.007812 0.013672
0 0.357031 0.528320 0.007812 0.017578
0 0.364063 0.529297 0.006250 0.015625
0 0.401562 0.532227 0.006250 0.021484
0 0.535937 0.523438 0.006250 0.027344
1 0.510156 0.532227 0.007812 0.013672
3 0.452344 0.567383 0.023438 0.048828
2 0.482812 0.525391 0.015625 0.015625
2 0.494531 0.524414 0.014063 0.017578
2 0.411719 0.535156 0.020313 0.019531
2 0.428125 0.534180 0.015625 0.017578
2 0.303125 0.570312 0.040625 0.062500
2 0.270313 0.566406 0.046875 0.078125
2 0.244531 0.572266 0.051562 0.089844
2 0.195312 0.581055 0.096875 0.111328
2 0.033594 0.619141 0.067187 0.195312
2 0.642188 0.523438 0.050000 0.031250
2 0.695312 0.526367 0.046875 0.037109
0 0.452344 0.551758 0.029687 0.056641
0 0.510156 0.526367 0.007812 0.017578
