5 0.421875 0.454102 0.075000 0.041016
5 0.516406 0.445312 0.060937 0.078125
5 0.845313 0.420898 0.306250 0.150391
0 0.009375 0.502930 0.018750 0.083984
0 0.029687 0.503906 0.025000 0.085938
0 0.128906 0.491211 0.014063 0.029297
0 0.114844 0.495117 0.014063 0.056641
0 0.165625 0.488281 0.012500 0.050781
0 0.379688 0.463867 0.009375 0.025391
0 0.373437 0.463867 0.006250 0.025391
0 0.365625 0.461914 0.009375 0.021484
0 0.551562 0.460938 0.012500 0.042969
0 0.558594 0.457031 0.007812 0.039062
0 0.597656 0.468750 0.020313 0.066406
0 0.580469 0.457031 0.014063 0.050781
0 0.606250 0.459961 0.015625 0.064453
0 0.617188 0.463867 0.025000 0.072266
0 0.628125 0.458008 0.015625 0.060547
0 0.641406 0.453125 0.010937 0.039062
0 0.648438 0.451172 0.012500 0.046875
0 0.669531 0.447266 0.014063 0.054688
0 0.689063 0.423828 0.009375 0.023438
0 0.741406 0.492188 0.045312 0.160156
0 0.792969 0.481445 0.042188 0.166016
0 0.857812 0.502930 0.075000 0.248047
0 0.942969 0.507812 0.082812 0.226562
2 0.461719 0.461914 0.076563 0.060547
2 0.981250 0.490234 0.034375 0.121094
2 0.936719 0.448242 0.123438 0.142578
10 0.340625 0.478516 0.006250 0.019531
