5 0.632812 0.462891 0.043750 0.066406
5 0.582812 0.468750 0.018750 0.011719
11 0.287500 0.451172 0.012500 0.019531
11 0.819531 0.335938 0.020313 0.023438
11 0.819531 0.355469 0.020313 0.011719
11 0.819531 0.369141 0.020313 0.011719
11 0.823438 0.392578 0.018750 0.019531
11 0.824219 0.408203 0.020313 0.011719
0 0.139844 0.538086 0.017188 0.025391
0 0.171875 0.548828 0.012500 0.058594
0 0.198437 0.538086 0.012500 0.037109
0 0.357031 0.509766 0.010937 0.023438
0 0.403125 0.512695 0.012500 0.052734
0 0.218750 0.548828 0.025000 0.082031
0 0.237500 0.551758 0.018750 0.076172
0 0.339844 0.541016 0.029687 0.097656
3 0.612500 0.500977 0.018750 0.029297
2 0.739062 0.506836 0.106250 0.080078
2 0.682031 0.502930 0.014063 0.048828
2 0.585156 0.485352 0.020313 0.025391
2 0.450781 0.512695 0.042188 0.044922
2 0.471875 0.508789 0.012500 0.029297
2 0.481250 0.506836 0.015625 0.029297
2 0.512500 0.493164 0.018750 0.025391
2 0.082812 0.629883 0.165625 0.189453
0 0.612500 0.487305 0.012500 0.033203
