9 0.314844 0.364258 0.007812 0.021484
9 0.440625 0.390625 0.006250 0.015625
9 0.378125 0.384766 0.006250 0.015625
9 0.240625 0.373047 0.006250 0.019531
9 0.551562 0.371094 0.006250 0.015625
9 0.560156 0.370117 0.007812 0.017578
9 0.586719 0.407227 0.004687 0.029297
9 0.588281 0.432617 0.004687 0.009766
9 0.534375 0.408203 0.009375 0.019531
9 0.539062 0.431641 0.006250 0.007812
9 0.508594 0.420898 0.004687 0.013672
9 0.139063 0.414062 0.006250 0.027344
9 0.125781 0.420898 0.004687 0.017578
9 0.135937 0.382812 0.006250 0.015625
11 0.385937 0.383789 0.009375 0.013672
11 0.469531 0.406250 0.017188 0.007812
11 0.192188 0.397461 0.028125 0.009766
11 0.666406 0.395508 0.014063 0.025391
11 0.665625 0.365234 0.012500 0.027344
11 0.582031 0.394531 0.007812 0.007812
11 0.500000 0.429688 0.006250 0.011719
0 0.492188 0.457031 0.012500 0.027344
0 0.527344 0.455078 0.007812 0.019531
0 0.412500 0.457031 0.009375 0.031250
0 0.438281 0.454102 0.010937 0.033203
2 0.698438 0.453125 0.050000 0.035156
2 0.463281 0.458984 0.035937 0.039062
2 0.366406 0.458008 0.035937 0.033203
2 0.337500 0.453125 0.021875 0.019531
2 0.308594 0.455078 0.023438 0.019531
2 0.275781 0.473633 0.064062 0.056641
2 0.144531 0.455078 0.048438 0.031250
2 0.382812 0.449219 0.012500 0.011719
