78 0.267969 0.404297 0.023438 0.027344
11 0.462500 0.419922 0.015625 0.015625
11 0.821094 0.372070 0.026562 0.025391
11 0.855469 0.322266 0.032813 0.054688
11 0.821094 0.346680 0.010937 0.025391
2 0.537500 0.455078 0.159375 0.187500
2 0.422656 0.446289 0.060937 0.064453
2 0.395313 0.435547 0.012500 0.027344
2 0.384375 0.430664 0.021875 0.025391
2 0.358594 0.424805 0.020313 0.017578
2 0.315625 0.419922 0.021875 0.023438
2 0.201563 0.406250 0.009375 0.011719
2 0.209375 0.414062 0.015625 0.019531
2 0.218750 0.422852 0.021875 0.025391
2 0.250000 0.416016 0.015625 0.011719
2 0.256250 0.442383 0.046875 0.044922
2 0.189062 0.433594 0.028125 0.027344
2 0.189062 0.403320 0.009375 0.009766
2 0.144531 0.440430 0.035937 0.029297
2 0.017969 0.452148 0.035937 0.041016
2 0.335156 0.416016 0.017188 0.023438
2 0.282031 0.413086 0.017188 0.013672
2 0.242188 0.399414 0.012500 0.013672
2 0.946094 0.449219 0.104688 0.054688
2 0.885156 0.449219 0.089063 0.042969
