0 0.385156 0.443359 0.014063 0.015625
2 0.789844 0.556641 0.185938 0.160156
2 0.779687 0.470703 0.109375 0.054688
2 0.717969 0.462891 0.054688 0.046875
2 0.690625 0.503906 0.078125 0.074219
2 0.668750 0.462891 0.043750 0.031250
2 0.579688 0.451172 0.021875 0.023438
2 0.567187 0.443359 0.012500 0.011719
2 0.536719 0.439453 0.007812 0.007812
2 0.531250 0.440430 0.006250 0.009766
2 0.526563 0.440430 0.009375 0.009766
2 0.517969 0.442383 0.014063 0.017578
2 0.511719 0.445312 0.014063 0.015625
2 0.498437 0.450195 0.025000 0.029297
2 0.478906 0.454102 0.026562 0.029297
2 0.460938 0.459961 0.021875 0.044922
2 0.450781 0.459961 0.029687 0.044922
2 0.436719 0.463867 0.042188 0.048828
2 0.428125 0.470703 0.028125 0.042969
2 0.419531 0.472656 0.042188 0.046875
2 0.379688 0.479492 0.068750 0.060547
2 0.377344 0.440430 0.042188 0.025391
2 0.246875 0.500977 0.125000 0.103516
2 0.188281 0.457031 0.089063 0.074219
2 0.098437 0.541016 0.196875 0.175781
0 0.642969 0.522461 0.051562 0.138672
0 0.594531 0.489258 0.032813 0.103516
0 0.610156 0.478516 0.020313 0.089844
78 0.638281 0.599609 0.020313 0.015625
78 0.589844 0.542969 0.017188 0.007812
78 0.609375 0.528320 0.015625 0.009766
