5 0.518750 0.395508 0.031250 0.037109
5 0.574219 0.395508 0.026562 0.033203
11 0.484375 0.373047 0.034375 0.011719
11 0.528906 0.361328 0.026562 0.015625
2 0.182812 0.490234 0.309375 0.277344
2 0.538281 0.481445 0.145313 0.146484
2 0.435937 0.429688 0.065625 0.066406
2 0.467969 0.422852 0.026562 0.037109
2 0.477344 0.415039 0.020313 0.025391
2 0.486719 0.412109 0.010937 0.019531
2 0.492188 0.410156 0.009375 0.015625
2 0.500781 0.407227 0.010937 0.013672
2 0.522656 0.407227 0.029687 0.013672
2 0.839844 0.490234 0.157812 0.125000
2 0.662500 0.435547 0.037500 0.027344
2 0.618750 0.426758 0.031250 0.029297
2 0.639844 0.432617 0.014063 0.017578
