9 0.737500 0.379883 0.012500 0.017578
9 0.728906 0.329102 0.010937 0.037109
9 0.686719 0.286133 0.048438 0.052734
9 0.560937 0.349609 0.012500 0.039062
9 0.558594 0.390625 0.014063 0.015625
9 0.092188 0.368164 0.012500 0.041016
9 0.118750 0.407227 0.012500 0.013672
11 0.735156 0.361328 0.010937 0.011719
11 0.769531 0.368164 0.032813 0.009766
11 0.698438 0.238281 0.028125 0.042969
11 0.682813 0.176758 0.040625 0.080078
11 0.527344 0.389648 0.010937 0.017578
0 0.635156 0.475586 0.060937 0.205078
0 0.250000 0.471680 0.034375 0.068359
0 0.235937 0.473633 0.025000 0.072266
0 0.192969 0.464844 0.014063 0.050781
0 0.171094 0.474609 0.029687 0.070312
0 0.153906 0.475586 0.017188 0.064453
0 0.133594 0.473633 0.023438 0.076172
0 0.100781 0.466797 0.010937 0.058594
0 0.085938 0.466797 0.015625 0.066406
0 0.064062 0.481445 0.025000 0.083984
0 0.020313 0.483398 0.018750 0.076172
2 0.500781 0.458984 0.042188 0.039062
2 0.474219 0.453125 0.010937 0.011719
2 0.437500 0.455078 0.012500 0.011719
2 0.245312 0.466797 0.056250 0.046875
10 0.550781 0.466797 0.010937 0.039062
