9 0.365625 0.189453 0.025000 0.070312
9 0.166406 0.339844 0.023438 0.070312
9 0.496094 0.299805 0.007812 0.033203
9 0.607812 0.378906 0.009375 0.035156
9 0.711719 0.333008 0.017188 0.060547
9 0.696875 0.334961 0.015625 0.072266
9 0.834375 0.257812 0.012500 0.039062
9 0.839844 0.366211 0.010937 0.033203
9 0.807813 0.366211 0.009375 0.033203
9 0.812500 0.409180 0.009375 0.013672
9 0.310937 0.379883 0.009375 0.033203
11 0.664844 0.402344 0.023438 0.007812
0 0.850000 0.454102 0.009375 0.037109
0 0.840625 0.455078 0.009375 0.035156
0 0.797656 0.452148 0.007812 0.029297
0 0.701562 0.460938 0.006250 0.042969
0 0.695312 0.461914 0.012500 0.048828
0 0.657813 0.471680 0.018750 0.060547
0 0.638281 0.472656 0.020313 0.066406
0 0.434375 0.445312 0.009375 0.027344
0 0.514062 0.469727 0.015625 0.060547
0 0.321875 0.453125 0.009375 0.031250
0 0.347656 0.463867 0.014063 0.048828
0 0.415625 0.473633 0.021875 0.052734
0 0.184375 0.457031 0.012500 0.027344
0 0.201563 0.457031 0.009375 0.027344
0 0.222656 0.466797 0.014063 0.050781
0 0.239844 0.456055 0.010937 0.033203
0 0.353125 0.479492 0.028125 0.064453
1 0.069531 0.537109 0.045312 0.070312
1 0.114062 0.533203 0.050000 0.074219
1 0.149219 0.564453 0.054688 0.085938
1 0.797656 0.520508 0.048438 0.091797
1 0.877344 0.547852 0.045312 0.080078
3 0.716406 0.548828 0.120313 0.093750
2 0.464844 0.439453 0.014063 0.011719
2 0.561719 0.464844 0.035937 0.042969
2 0.546094 0.456055 0.042188 0.037109
2 0.517188 0.446289 0.025000 0.029297
2 0.503906 0.440430 0.007812 0.013672
0 0.827344 0.467773 0.020313 0.060547
0 0.153906 0.516602 0.048438 0.134766
