11 0.705469 0.407227 0.032813 0.041016
11 0.737500 0.444336 0.006250 0.013672
0 0.496094 0.459961 0.010937 0.029297
0 0.428906 0.457031 0.007812 0.031250
0 0.446094 0.458984 0.010937 0.035156
2 0.275000 0.480469 0.109375 0.078125
2 0.152344 0.464844 0.070312 0.035156
2 0.054688 0.461914 0.059375 0.044922
2 0.017188 0.460938 0.034375 0.035156
2 0.403906 0.469727 0.042188 0.025391
2 0.653125 0.472656 0.046875 0.046875
2 0.679688 0.475586 0.018750 0.033203
2 0.952344 0.469727 0.057813 0.033203
2 0.878125 0.464844 0.062500 0.039062
