0 0.465625 0.461914 0.009375 0.029297
0 0.546875 0.458008 0.006250 0.021484
0 0.536719 0.458008 0.007812 0.021484
0 0.495312 0.457031 0.006250 0.019531
0 0.964063 0.582031 0.068750 0.265625
2 0.090625 0.513672 0.181250 0.164062
2 0.208594 0.507812 0.101562 0.113281
2 0.328906 0.497070 0.148438 0.130859
2 0.414062 0.469727 0.031250 0.037109
2 0.434375 0.467773 0.025000 0.029297
2 0.448437 0.464844 0.018750 0.027344
2 0.457031 0.460938 0.029687 0.031250
2 0.476562 0.458984 0.015625 0.023438
2 0.485938 0.458984 0.012500 0.019531
2 0.513281 0.467773 0.035937 0.037109
2 0.567187 0.469727 0.034375 0.041016
2 0.600000 0.477539 0.034375 0.044922
2 0.629687 0.512695 0.071875 0.111328
2 0.705469 0.547852 0.189062 0.177734
2 0.785937 0.504883 0.065625 0.091797
2 0.633594 0.460938 0.032813 0.027344
