9 0.333594 0.395508 0.010937 0.033203
9 0.689844 0.390625 0.010937 0.027344
0 0.146875 0.509766 0.028125 0.082031
0 0.121094 0.505859 0.023438 0.093750
0 0.764062 0.454102 0.012500 0.033203
0 0.357031 0.466797 0.007812 0.027344
0 0.371875 0.464844 0.009375 0.027344
0 0.680469 0.436523 0.014063 0.033203
2 0.478125 0.469727 0.031250 0.029297
2 0.545312 0.444336 0.015625 0.013672
2 0.565625 0.448242 0.015625 0.017578
2 0.575781 0.435547 0.010937 0.011719
2 0.567187 0.430664 0.009375 0.009766
2 0.593750 0.431641 0.012500 0.011719
2 0.601562 0.428711 0.009375 0.009766
10 0.385156 0.495117 0.010937 0.029297
