9 0.035156 0.362305 0.014063 0.056641
9 0.037500 0.424805 0.018750 0.021484
9 0.704688 0.372070 0.018750 0.060547
9 0.696875 0.434570 0.021875 0.025391
9 0.386719 0.450195 0.004687 0.013672
9 0.586719 0.456055 0.004687 0.013672
11 0.034375 0.404297 0.034375 0.019531
11 0.705469 0.410156 0.039062 0.023438
0 0.005469 0.477539 0.010937 0.041016
0 0.022656 0.478516 0.023438 0.039062
0 0.103125 0.494141 0.021875 0.066406
0 0.337500 0.481445 0.009375 0.017578
0 0.371094 0.482422 0.007812 0.019531
0 0.394531 0.484375 0.007812 0.031250
0 0.414062 0.488281 0.006250 0.019531
0 0.421875 0.488281 0.006250 0.019531
0 0.508594 0.516602 0.026562 0.099609
0 0.629687 0.490234 0.009375 0.023438
0 0.642969 0.492188 0.007812 0.019531
0 0.650781 0.490234 0.007812 0.019531
0 0.673438 0.489258 0.006250 0.021484
0 0.704688 0.481445 0.012500 0.037109
0 0.873437 0.512695 0.025000 0.095703
2 0.555469 0.500977 0.026562 0.025391
1 0.153906 0.517578 0.023438 0.050781
