9 0.644531 0.308594 0.026562 0.050781
9 0.615625 0.383789 0.012500 0.017578
9 0.607031 0.336914 0.014063 0.041016
9 0.439844 0.385742 0.010937 0.013672
9 0.441406 0.346680 0.010937 0.041016
11 0.677344 0.263672 0.029687 0.023438
11 0.648438 0.208984 0.018750 0.074219
11 0.645312 0.374023 0.018750 0.009766
11 0.385156 0.383789 0.014063 0.017578
11 0.611719 0.365234 0.010937 0.011719
0 0.106250 0.450195 0.012500 0.056641
0 0.125000 0.453125 0.018750 0.070312
0 0.187500 0.450195 0.018750 0.080078
0 0.199219 0.452148 0.020313 0.083984
0 0.214062 0.451172 0.018750 0.070312
0 0.292187 0.452148 0.025000 0.076172
0 0.264844 0.479492 0.039062 0.169922
0 0.239844 0.486328 0.057813 0.226562
0 0.326562 0.480469 0.096875 0.222656
2 0.361719 0.446289 0.029687 0.029297
2 0.642188 0.455078 0.187500 0.089844
2 0.113281 0.451172 0.057813 0.046875
2 0.016406 0.449219 0.032813 0.085938
10 0.425781 0.459961 0.007812 0.029297
