9 0.107813 0.366211 0.009375 0.033203
9 0.560937 0.362305 0.009375 0.029297
0 0.943750 0.482422 0.084375 0.285156
0 0.875000 0.481445 0.065625 0.251953
0 0.720313 0.457031 0.018750 0.132812
0 0.704688 0.456055 0.021875 0.142578
0 0.685156 0.461914 0.023438 0.115234
0 0.568750 0.451172 0.018750 0.082031
0 0.016406 0.452148 0.014063 0.052734
0 0.046875 0.470703 0.021875 0.078125
0 0.066406 0.451172 0.014063 0.042969
0 0.171875 0.466797 0.021875 0.062500
0 0.152344 0.465820 0.017188 0.068359
0 0.139844 0.463867 0.020313 0.064453
0 0.125781 0.461914 0.014063 0.064453
0 0.091406 0.448242 0.017188 0.044922
0 0.106250 0.452148 0.015625 0.052734
0 0.231250 0.457031 0.009375 0.039062
0 0.217969 0.454102 0.010937 0.033203
0 0.207813 0.455078 0.009375 0.031250
2 0.500781 0.471680 0.054688 0.076172
2 0.431250 0.466797 0.106250 0.125000
2 0.321094 0.458984 0.042188 0.050781
2 0.296094 0.468750 0.057813 0.050781
