9 0.243750 0.486328 0.009375 0.007812
11 0.280469 0.525391 0.023438 0.035156
11 0.671875 0.462891 0.031250 0.007812
11 0.671875 0.454102 0.031250 0.009766
11 0.671094 0.444336 0.007812 0.009766
11 0.607031 0.484375 0.014063 0.015625
11 0.607031 0.464844 0.020313 0.027344
11 0.557031 0.486328 0.010937 0.003906
11 0.557031 0.481445 0.017188 0.005859
11 0.525781 0.459961 0.010937 0.013672
11 0.507031 0.509766 0.007812 0.015625
11 0.249219 0.476562 0.026562 0.007812
0 0.261719 0.582031 0.051562 0.144531
2 0.145313 0.577148 0.212500 0.123047
