9 0.370312 0.464844 0.012500 0.042969
9 0.371094 0.557617 0.007812 0.021484
9 0.678125 0.438477 0.009375 0.037109
9 0.672656 0.522461 0.007812 0.021484
9 0.503125 0.502930 0.003125 0.013672
9 0.592969 0.500000 0.004687 0.015625
9 0.619531 0.498047 0.004687 0.015625
9 0.369531 0.535156 0.010937 0.011719
11 0.403906 0.518555 0.020313 0.009766
11 0.371094 0.502930 0.023438 0.029297
11 0.289844 0.482422 0.026562 0.011719
11 0.756250 0.502930 0.012500 0.033203
0 0.150000 0.560547 0.037500 0.050781
0 0.116406 0.563477 0.029687 0.044922
0 0.428906 0.541992 0.007812 0.025391
0 0.423438 0.537109 0.003125 0.015625
0 0.419531 0.538086 0.004687 0.013672
2 0.937500 0.847656 0.121875 0.300781
2 0.839063 0.683594 0.318750 0.320312
2 0.642188 0.639648 0.140625 0.142578
2 0.615625 0.593750 0.084375 0.070312
2 0.582031 0.586914 0.067187 0.080078
2 0.546875 0.577148 0.034375 0.052734
2 0.533594 0.563477 0.039062 0.041016
2 0.520312 0.553711 0.034375 0.037109
2 0.492969 0.552734 0.023438 0.027344
2 0.141406 0.704102 0.279687 0.240234
2 0.409375 0.722656 0.268750 0.281250
2 0.463281 0.593750 0.098437 0.078125
2 0.447656 0.574219 0.073438 0.019531
2 0.460938 0.543945 0.043750 0.021484
