5 0.862500 0.461914 0.271875 0.275391
5 0.672656 0.448242 0.029687 0.033203
9 0.600781 0.423828 0.004687 0.011719
9 0.536719 0.364258 0.010937 0.037109
9 0.533594 0.434570 0.010937 0.013672
9 0.549219 0.431641 0.010937 0.015625
9 0.412500 0.467773 0.012500 0.017578
9 0.417969 0.446289 0.010937 0.017578
9 0.407813 0.436523 0.009375 0.037109
9 0.482031 0.419922 0.007812 0.027344
0 0.118750 0.506836 0.018750 0.052734
0 0.131250 0.501953 0.015625 0.062500
0 0.214844 0.496094 0.017188 0.046875
0 0.193750 0.496094 0.015625 0.050781
0 0.478906 0.502930 0.023438 0.068359
0 0.496094 0.498047 0.020313 0.066406
0 0.519531 0.492188 0.020313 0.074219
0 0.435156 0.472656 0.007812 0.031250
0 0.444531 0.469727 0.007812 0.029297
1 0.376563 0.545898 0.031250 0.068359
2 0.651563 0.524414 0.112500 0.123047
2 0.655469 0.453125 0.010937 0.015625
2 0.642969 0.452148 0.017188 0.021484
2 0.580469 0.461914 0.014063 0.021484
2 0.600000 0.504883 0.021875 0.052734
2 0.625781 0.452148 0.020313 0.021484
2 0.557813 0.475586 0.021875 0.033203
0 0.378125 0.513672 0.028125 0.093750
