5 0.614062 0.486328 0.012500 0.019531
11 0.057031 0.493164 0.010937 0.005859
11 0.057031 0.476562 0.017188 0.023438
11 0.187500 0.540039 0.009375 0.005859
11 0.190625 0.523438 0.015625 0.019531
0 0.946875 0.555664 0.087500 0.212891
0 0.896875 0.561523 0.053125 0.201172
0 0.930469 0.534180 0.048438 0.189453
0 0.885156 0.540039 0.035937 0.181641
0 0.816406 0.508789 0.035937 0.119141
0 0.779687 0.504883 0.025000 0.087891
0 0.957031 0.468750 0.020313 0.062500
0 0.985156 0.487305 0.026562 0.103516
0 0.853125 0.505859 0.034375 0.117188
2 0.435937 0.546875 0.115625 0.093750
2 0.471875 0.523438 0.059375 0.058594
2 0.588281 0.514648 0.051562 0.052734
2 0.625781 0.492188 0.017188 0.015625
2 0.639062 0.491211 0.012500 0.013672
2 0.658594 0.498047 0.017188 0.019531
2 0.678125 0.495117 0.021875 0.025391
2 0.721875 0.508789 0.050000 0.083984
2 0.596094 0.486328 0.010937 0.003906
2 0.645312 0.485352 0.009375 0.013672
