9 0.178125 0.400391 0.009375 0.031250
9 0.612500 0.390625 0.009375 0.031250
9 0.850000 0.412109 0.015625 0.019531
9 0.917188 0.334961 0.050000 0.052734
11 0.183594 0.436523 0.017188 0.025391
11 0.607812 0.427734 0.015625 0.031250
11 0.915625 0.247070 0.046875 0.111328
0 0.635938 0.480469 0.031250 0.070312
0 0.658594 0.485352 0.029687 0.166016
0 0.672656 0.496094 0.070312 0.160156
0 0.271875 0.489258 0.009375 0.037109
2 0.317188 0.489258 0.037500 0.044922
2 0.472656 0.512695 0.285938 0.322266
10 0.910937 0.517578 0.018750 0.089844
