11 0.225781 0.401367 0.017188 0.017578
11 0.503125 0.380859 0.025000 0.042969
0 0.146875 0.488281 0.028125 0.089844
0 0.407031 0.488281 0.014063 0.054688
1 0.446094 0.504883 0.020313 0.048828
2 0.542969 0.489258 0.067187 0.037109
2 0.578906 0.488281 0.029687 0.035156
2 0.609375 0.487305 0.040625 0.033203
2 0.651563 0.489258 0.040625 0.037109
2 0.717187 0.488281 0.084375 0.046875
2 0.787500 0.478516 0.056250 0.039062
2 0.817969 0.514648 0.139063 0.095703
2 0.910937 0.558594 0.175000 0.207031
2 0.892188 0.517578 0.165625 0.128906
0 0.446875 0.490234 0.025000 0.062500
78 0.654687 0.466797 0.081250 0.027344
11 0.496094 0.498047 0.007812 0.019531
