9 0.402344 0.335938 0.010937 0.035156
9 0.417969 0.336914 0.010937 0.041016
9 0.428906 0.340820 0.010937 0.037109
9 0.660156 0.346680 0.010937 0.037109
11 0.187500 0.306641 0.031250 0.046875
0 0.442969 0.393555 0.014063 0.037109
0 0.457031 0.387695 0.010937 0.037109
0 0.379688 0.398438 0.012500 0.042969
0 0.350781 0.392578 0.014063 0.042969
0 0.323437 0.409180 0.018750 0.072266
0 0.310156 0.409180 0.023438 0.072266
0 0.256250 0.410156 0.021875 0.085938
7 0.851562 0.371094 0.293750 0.542969
2 0.583594 0.578125 0.379688 0.398438
