9 0.642969 0.343750 0.017188 0.070312
9 0.780469 0.357422 0.010937 0.042969
9 0.407031 0.426758 0.014063 0.021484
9 0.555469 0.448242 0.014063 0.017578
9 0.607031 0.429688 0.017188 0.019531
9 0.632031 0.498047 0.017188 0.035156
9 0.937500 0.402344 0.021875 0.027344
11 0.971094 0.250977 0.054688 0.130859
11 0.222656 0.259766 0.107813 0.171875
0 0.416406 0.490234 0.010937 0.042969
0 0.426563 0.488281 0.012500 0.046875
1 0.578125 0.521484 0.037500 0.066406
2 0.494531 0.580078 0.151562 0.156250
2 0.325000 0.490234 0.037500 0.031250
