9 0.950000 0.233398 0.028125 0.080078
9 0.435156 0.393555 0.004687 0.009766
9 0.469531 0.391602 0.004687 0.009766
9 0.400781 0.392578 0.004687 0.011719
9 0.358594 0.401367 0.004687 0.009766
9 0.429688 0.416016 0.003125 0.007812
9 0.404687 0.419922 0.003125 0.007812
9 0.460938 0.419922 0.003125 0.007812
11 0.976562 0.292969 0.043750 0.019531
11 0.697656 0.361328 0.054688 0.070312
11 0.425781 0.391602 0.007812 0.009766
11 0.412500 0.392578 0.009375 0.011719
11 0.457813 0.392578 0.009375 0.011719
11 0.370312 0.398438 0.009375 0.011719
0 0.893750 0.443359 0.021875 0.089844
2 0.018750 0.499023 0.037500 0.060547
2 0.823438 0.460938 0.090625 0.070312
2 0.567187 0.469727 0.056250 0.056641
2 0.525781 0.466797 0.039062 0.046875
2 0.465625 0.465820 0.050000 0.052734
2 0.400000 0.458984 0.012500 0.011719
2 0.376563 0.464844 0.018750 0.015625
2 0.347656 0.465820 0.020313 0.017578
2 0.246094 0.472656 0.064062 0.054688
2 0.208594 0.479492 0.032813 0.048828
10 0.721094 0.491211 0.020313 0.052734
78 0.420312 0.453125 0.021875 0.027344
