11 0.189844 0.385742 0.076563 0.033203
11 0.195312 0.413086 0.081250 0.025391
11 0.200781 0.439453 0.073438 0.027344
11 0.188281 0.307617 0.035937 0.021484
11 0.189062 0.263672 0.050000 0.062500
11 0.209375 0.492188 0.046875 0.023438
0 0.753906 0.632812 0.045312 0.210938
0 0.703906 0.623047 0.060937 0.214844
0 0.117188 0.589844 0.018750 0.046875
0 0.098437 0.590820 0.021875 0.068359
0 0.072656 0.589844 0.020313 0.074219
0 0.055469 0.558594 0.014063 0.031250
1 0.962500 0.732422 0.071875 0.136719
2 0.045312 0.594727 0.040625 0.072266
2 0.019531 0.616211 0.039062 0.119141
0 0.976562 0.656250 0.043750 0.238281
