9 0.119531 0.228516 0.032813 0.121094
9 0.650000 0.355469 0.009375 0.035156
9 0.665625 0.352539 0.012500 0.041016
9 0.761719 0.288086 0.017188 0.060547
9 0.782813 0.296875 0.025000 0.089844
9 0.804688 0.308594 0.018750 0.027344
9 0.914062 0.252930 0.031250 0.130859
9 0.943750 0.264648 0.028125 0.033203
9 0.606250 0.363281 0.006250 0.023438
9 0.153906 0.304688 0.010937 0.039062
9 0.313281 0.328125 0.014063 0.050781
0 0.207813 0.407227 0.028125 0.091797
0 0.141406 0.407227 0.029687 0.083984
2 0.717969 0.419922 0.032813 0.046875
2 0.687500 0.419922 0.046875 0.046875
2 0.654687 0.415039 0.037500 0.037109
2 0.566406 0.405273 0.017188 0.021484
2 0.499219 0.407227 0.042188 0.048828
2 0.521094 0.441406 0.092188 0.101562
2 0.335156 0.440430 0.145313 0.150391
2 0.857812 0.525391 0.281250 0.253906
