0 0.434375 0.451172 0.006250 0.027344
1 0.407813 0.479492 0.018750 0.033203
1 0.505469 0.480469 0.014063 0.035156
2 0.477344 0.434570 0.007812 0.013672
2 0.471094 0.436523 0.007812 0.013672
2 0.463281 0.437500 0.010937 0.015625
2 0.453906 0.439453 0.010937 0.015625
2 0.442188 0.446289 0.012500 0.017578
2 0.446094 0.443359 0.010937 0.015625
2 0.420312 0.450195 0.021875 0.029297
2 0.412500 0.455078 0.028125 0.035156
2 0.393750 0.453125 0.012500 0.015625
2 0.361719 0.502930 0.089063 0.119141
2 0.165625 0.499023 0.068750 0.056641
2 0.235937 0.557617 0.218750 0.232422
2 0.087500 0.569336 0.146875 0.138672
2 0.018750 0.581055 0.037500 0.068359
2 0.069531 0.775391 0.139063 0.351562
2 0.493750 0.450195 0.037500 0.044922
2 0.528906 0.449219 0.014063 0.031250
2 0.546094 0.456055 0.042188 0.052734
2 0.552344 0.465820 0.026562 0.044922
2 0.628906 0.434570 0.023438 0.017578
2 0.707031 0.442383 0.085938 0.033203
2 0.659375 0.445312 0.040625 0.035156
2 0.646094 0.442383 0.045312 0.033203
2 0.583594 0.477539 0.076563 0.076172
2 0.582031 0.497070 0.054688 0.072266
2 0.611719 0.516602 0.095312 0.107422
2 0.658594 0.556641 0.104688 0.132812
2 0.822656 0.641602 0.351562 0.326172
2 0.936719 0.888672 0.123438 0.218750
0 0.407031 0.462891 0.017188 0.050781
0 0.503125 0.466797 0.018750 0.050781
