9 0.731250 0.408203 0.021875 0.062500
9 0.751563 0.536133 0.009375 0.029297
9 0.942969 0.447266 0.014063 0.042969
11 0.836719 0.498047 0.017188 0.023438
11 0.942969 0.483398 0.026562 0.029297
0 0.653906 0.556641 0.014063 0.050781
0 0.811719 0.561523 0.020313 0.068359
0 0.520312 0.537109 0.003125 0.011719
7 0.431250 0.536133 0.053125 0.064453
3 0.877344 0.594727 0.104688 0.126953
3 0.896094 0.623047 0.076563 0.179688
3 0.947656 0.633789 0.101562 0.162109
3 0.961719 0.649414 0.073438 0.154297
2 0.106250 0.669922 0.212500 0.230469
2 0.271875 0.584961 0.156250 0.142578
2 0.385937 0.544922 0.040625 0.058594
2 0.563281 0.612305 0.114062 0.123047
2 0.563281 0.542969 0.010937 0.011719
2 0.859375 0.559570 0.090625 0.072266
