9 0.616406 0.470703 0.007812 0.031250
0 0.721875 0.547852 0.009375 0.033203
0 0.658594 0.545898 0.007812 0.033203
0 0.664062 0.547852 0.009375 0.025391
0 0.235937 0.552734 0.009375 0.031250
0 0.242188 0.547852 0.006250 0.029297
0 0.848437 0.541016 0.012500 0.046875
0 0.816406 0.545898 0.007812 0.037109
0 0.909375 0.540039 0.009375 0.041016
0 0.767188 0.548828 0.006250 0.019531
1 0.978125 0.629883 0.040625 0.087891
1 0.482031 0.575195 0.017188 0.033203
2 0.535937 0.569336 0.050000 0.060547
2 0.566406 0.605469 0.101562 0.101562
2 0.385156 0.596680 0.101562 0.111328
2 0.066406 0.559570 0.039062 0.025391
0 0.979688 0.588867 0.037500 0.103516
0 0.482031 0.563477 0.017188 0.044922
