5 0.818750 0.407227 0.259375 0.076172
5 0.516406 0.447266 0.060937 0.078125
5 0.635156 0.424805 0.089063 0.029297
0 0.878906 0.415039 0.020313 0.033203
0 0.703906 0.463867 0.026562 0.099609
0 0.685937 0.469727 0.025000 0.103516
0 0.661719 0.466797 0.029687 0.097656
0 0.635938 0.451172 0.012500 0.050781
0 0.625000 0.449219 0.009375 0.042969
0 0.617969 0.454102 0.007812 0.037109
0 0.611719 0.455078 0.007812 0.035156
0 0.604688 0.452148 0.006250 0.029297
0 0.599219 0.459961 0.017188 0.052734
0 0.587500 0.457031 0.012500 0.042969
0 0.575781 0.458984 0.010937 0.042969
0 0.571875 0.459961 0.009375 0.044922
0 0.557813 0.458008 0.012500 0.041016
0 0.548438 0.458984 0.009375 0.039062
0 0.375000 0.468750 0.009375 0.027344
0 0.370312 0.466797 0.006250 0.023438
0 0.111719 0.493164 0.020313 0.060547
0 0.092969 0.495117 0.017188 0.060547
2 0.951562 0.489258 0.093750 0.111328
2 0.909375 0.449219 0.178125 0.132812
2 0.850781 0.445312 0.142187 0.101562
2 0.474219 0.462891 0.023438 0.023438
2 0.454688 0.463867 0.021875 0.021484
2 0.424219 0.473633 0.045312 0.041016
2 0.359375 0.463867 0.015625 0.013672
2 0.297656 0.471680 0.029687 0.025391
10 0.340625 0.479492 0.006250 0.021484
0 0.128906 0.490234 0.014063 0.027344
