11 0.311719 0.440430 0.007812 0.009766
11 0.790625 0.419922 0.018750 0.070312
11 0.903125 0.424805 0.012500 0.037109
0 0.978906 0.562500 0.039062 0.312500
2 0.883594 0.500977 0.185938 0.142578
2 0.832031 0.466797 0.060937 0.023438
2 0.749219 0.467773 0.064062 0.017578
2 0.596094 0.467773 0.079687 0.017578
2 0.641406 0.463867 0.051562 0.017578
2 0.544531 0.463867 0.042188 0.009766
2 0.357812 0.461914 0.015625 0.021484
2 0.339062 0.459961 0.028125 0.037109
2 0.310156 0.473633 0.048438 0.044922
2 0.117969 0.473633 0.073438 0.056641
2 0.160938 0.469727 0.050000 0.048828
2 0.211719 0.447266 0.045312 0.027344
2 0.242188 0.450195 0.015625 0.013672
2 0.023438 0.451172 0.046875 0.039062
2 0.419531 0.476562 0.073438 0.082031
2 0.064844 0.453125 0.026562 0.019531
