9 0.260937 0.319336 0.015625 0.064453
9 0.306250 0.332031 0.015625 0.062500
9 0.643750 0.347656 0.012500 0.046875
9 0.689063 0.317383 0.018750 0.072266
9 0.632031 0.351562 0.010937 0.039062
9 0.675781 0.324219 0.007812 0.058594
9 0.251563 0.357422 0.009375 0.031250
0 0.039844 0.424805 0.026562 0.072266
0 0.173437 0.432617 0.034375 0.103516
0 0.251563 0.425781 0.018750 0.062500
0 0.277344 0.421875 0.023438 0.062500
0 0.301563 0.417969 0.009375 0.046875
0 0.975000 0.424805 0.018750 0.044922
0 0.852344 0.412109 0.007812 0.023438
7 0.451562 0.385742 0.059375 0.041016
7 0.507031 0.397461 0.057813 0.072266
2 0.697656 0.422852 0.045312 0.048828
2 0.735156 0.420898 0.045312 0.044922
2 0.805469 0.441406 0.120313 0.105469
2 0.908594 0.439453 0.110937 0.097656
2 0.532031 0.416016 0.020313 0.023438
2 0.548438 0.420898 0.025000 0.037109
2 0.495312 0.428711 0.046875 0.060547
2 0.586719 0.422852 0.067187 0.076172
2 0.637500 0.405273 0.028125 0.017578
2 0.437500 0.448242 0.118750 0.115234
2 0.630469 0.501953 0.170313 0.179688
