11 0.919531 0.421875 0.026562 0.027344
11 0.140625 0.479492 0.009375 0.013672
0 0.063281 0.544922 0.014063 0.054688
0 0.050000 0.539062 0.012500 0.046875
0 0.128906 0.530273 0.017188 0.052734
0 0.109375 0.532227 0.018750 0.048828
0 0.009375 0.534180 0.009375 0.041016
0 0.018750 0.534180 0.009375 0.041016
0 0.028906 0.535156 0.010937 0.046875
0 0.076563 0.543945 0.015625 0.056641
0 0.291406 0.519531 0.007812 0.035156
1 0.852344 0.608398 0.101562 0.162109
1 0.772656 0.580078 0.057813 0.109375
1 0.736719 0.529297 0.026562 0.058594
2 0.601562 0.586914 0.228125 0.279297
2 0.415625 0.555664 0.156250 0.111328
2 0.714063 0.492188 0.037500 0.058594
2 0.941406 0.515625 0.114062 0.109375
2 0.861719 0.505859 0.135937 0.085938
2 0.735156 0.497070 0.039062 0.048828
2 0.396094 0.511719 0.051562 0.031250
2 0.444531 0.492188 0.035937 0.015625
2 0.479687 0.497070 0.034375 0.025391
2 0.007031 0.597656 0.014063 0.062500
0 0.845313 0.562500 0.084375 0.199219
0 0.776563 0.540039 0.053125 0.130859
0 0.736719 0.503906 0.026562 0.066406
