11 0.476562 0.401367 0.050000 0.013672
11 0.257031 0.388672 0.057813 0.074219
11 0.144531 0.477539 0.014063 0.017578
11 0.431250 0.392578 0.012500 0.011719
11 0.360156 0.393555 0.010937 0.009766
11 0.384375 0.391602 0.031250 0.013672
7 0.658594 0.463867 0.126562 0.130859
2 0.975000 0.521484 0.046875 0.078125
2 0.867188 0.558594 0.150000 0.125000
2 0.448437 0.447266 0.012500 0.015625
2 0.457813 0.445312 0.009375 0.011719
2 0.472656 0.441406 0.010937 0.011719
2 0.471094 0.454102 0.017188 0.013672
2 0.510938 0.456055 0.015625 0.013672
2 0.509375 0.467773 0.018750 0.017578
2 0.568750 0.479492 0.031250 0.033203
2 0.561719 0.474609 0.026562 0.035156
2 0.562500 0.520508 0.053125 0.052734
2 0.592969 0.500000 0.020313 0.027344
2 0.631250 0.541992 0.112500 0.107422
2 0.691406 0.527344 0.029687 0.042969
2 0.928906 0.471680 0.032813 0.021484
2 0.482031 0.497070 0.042188 0.029297
2 0.478906 0.527344 0.054688 0.066406
2 0.439063 0.563477 0.125000 0.119141
2 0.234375 0.509766 0.031250 0.035156
2 0.303906 0.513672 0.045312 0.042969
2 0.180469 0.529297 0.032813 0.046875
2 0.213281 0.528320 0.064062 0.044922
2 0.289062 0.492188 0.028125 0.027344
2 0.323437 0.479492 0.025000 0.025391
2 0.346094 0.480469 0.026562 0.027344
2 0.388281 0.500000 0.029687 0.031250
2 0.419531 0.474609 0.023438 0.031250
2 0.335938 0.451172 0.012500 0.011719
2 0.367188 0.458008 0.012500 0.013672
2 0.360938 0.454102 0.012500 0.013672
2 0.353125 0.450195 0.009375 0.013672
2 0.377344 0.453125 0.010937 0.011719
2 0.368750 0.445312 0.009375 0.011719
2 0.428906 0.446289 0.007812 0.009766
2 0.044531 0.458984 0.014063 0.007812
2 0.797656 0.454102 0.029687 0.017578
