5 0.562500 0.344727 0.115625 0.185547
9 0.706250 0.368164 0.006250 0.021484
9 0.892188 0.374023 0.009375 0.021484
9 0.497656 0.356445 0.007812 0.037109
9 0.476562 0.360352 0.006250 0.021484
9 0.467187 0.333008 0.012500 0.048828
0 0.942969 0.436523 0.017188 0.064453
0 0.961719 0.434570 0.014063 0.052734
0 0.975000 0.439453 0.015625 0.050781
0 0.893750 0.422852 0.015625 0.052734
0 0.870313 0.421875 0.012500 0.046875
0 0.841406 0.424805 0.014063 0.048828
0 0.831250 0.416992 0.009375 0.029297
0 0.808594 0.421875 0.010937 0.039062
0 0.782813 0.431641 0.012500 0.050781
0 0.762500 0.432617 0.015625 0.048828
0 0.738281 0.425781 0.007812 0.035156
0 0.716406 0.417969 0.007812 0.035156
0 0.081250 0.431641 0.040625 0.113281
0 0.042188 0.433594 0.034375 0.125000
0 0.012500 0.420898 0.025000 0.095703
2 0.647656 0.419922 0.014063 0.046875
2 0.578906 0.460938 0.151562 0.195312
2 0.292969 0.530273 0.435937 0.439453
