0 0.029687 0.502930 0.021875 0.052734
0 0.063281 0.504883 0.014063 0.044922
0 0.078906 0.493164 0.017188 0.060547
0 0.108594 0.500977 0.020313 0.048828
0 0.130469 0.493164 0.014063 0.056641
0 0.146094 0.492188 0.017188 0.050781
0 0.208594 0.490234 0.017188 0.054688
2 0.864062 0.546875 0.268750 0.207031
2 0.589063 0.491211 0.106250 0.107422
2 0.527344 0.489258 0.035937 0.041016
2 0.310156 0.489258 0.064062 0.064453
2 0.350781 0.493164 0.026562 0.041016
2 0.374219 0.498047 0.023438 0.031250
2 0.383594 0.495117 0.023438 0.033203
2 0.400781 0.499023 0.017188 0.029297
2 0.421875 0.500977 0.015625 0.017578
2 0.449219 0.498047 0.026562 0.023438
2 0.468750 0.500000 0.015625 0.015625
2 0.483594 0.500977 0.017188 0.013672
2 0.499219 0.500000 0.017188 0.019531
