9 0.663281 0.338867 0.014063 0.044922
9 0.661719 0.386719 0.017188 0.027344
9 0.053125 0.322266 0.015625 0.050781
11 0.687500 0.367188 0.028125 0.027344
11 0.142969 0.377930 0.017188 0.033203
0 0.217969 0.490234 0.035937 0.105469
0 0.194531 0.489258 0.045312 0.111328
0 0.147656 0.486328 0.035937 0.125000
0 0.281250 0.463867 0.012500 0.037109
0 0.246875 0.463867 0.012500 0.041016
0 0.730469 0.467773 0.020313 0.060547
0 0.828125 0.472656 0.040625 0.050781
0 0.844531 0.475586 0.048438 0.060547
1 0.907813 0.482422 0.034375 0.066406
2 0.439063 0.474609 0.059375 0.058594
