0 0.700781 0.524414 0.060937 0.271484
0 0.853125 0.448242 0.068750 0.099609
2 0.051562 0.540039 0.103125 0.115234
2 0.067187 0.495117 0.134375 0.119141
2 0.178125 0.469727 0.150000 0.083984
2 0.807031 0.500977 0.179688 0.150391
2 0.941406 0.526367 0.114062 0.181641
2 0.662500 0.487305 0.181250 0.130859
2 0.447656 0.476562 0.067187 0.062500
2 0.400781 0.476562 0.045312 0.042969
2 0.385937 0.468750 0.084375 0.054688
2 0.332813 0.469727 0.031250 0.037109
78 0.573438 0.451172 0.221875 0.136719
78 0.873437 0.585938 0.146875 0.234375
78 0.726562 0.585938 0.109375 0.210938
78 0.067187 0.412109 0.134375 0.125000
