9 0.422656 0.480469 0.007812 0.023438
11 0.235937 0.460938 0.034375 0.019531
11 0.236719 0.432617 0.029687 0.037109
11 0.399219 0.489258 0.017188 0.021484
11 0.400000 0.509766 0.012500 0.011719
0 0.110937 0.549805 0.018750 0.060547
0 0.428906 0.551758 0.014063 0.041016
0 0.585938 0.522461 0.006250 0.021484
0 0.592187 0.522461 0.006250 0.021484
0 0.617969 0.537109 0.007812 0.027344
0 0.605469 0.538086 0.010937 0.033203
0 0.597656 0.536133 0.010937 0.037109
0 0.655469 0.559570 0.010937 0.056641
0 0.646875 0.554688 0.015625 0.066406
0 0.725000 0.585938 0.028125 0.101562
0 0.741406 0.589844 0.029687 0.097656
1 0.098437 0.678711 0.175000 0.158203
1 0.066406 0.697266 0.132812 0.140625
1 0.050781 0.724609 0.101562 0.136719
2 0.310937 0.598633 0.134375 0.107422
2 0.455469 0.562500 0.048438 0.046875
2 0.541406 0.523438 0.014063 0.019531
2 0.552344 0.523438 0.020313 0.019531
2 0.490625 0.557617 0.028125 0.029297
2 0.497656 0.546875 0.026562 0.027344
2 0.507812 0.536133 0.025000 0.025391
2 0.520312 0.527344 0.018750 0.023438
