5 0.843750 0.420898 0.309375 0.146484
5 0.521875 0.444336 0.068750 0.076172
0 0.557813 0.458984 0.009375 0.039062
0 0.575781 0.459961 0.010937 0.041016
0 0.588281 0.457031 0.010937 0.046875
0 0.650000 0.448242 0.015625 0.052734
0 0.617188 0.451172 0.012500 0.039062
0 0.628906 0.452148 0.014063 0.041016
0 0.607812 0.452148 0.012500 0.041016
0 0.595313 0.454102 0.012500 0.044922
0 0.360156 0.464844 0.007812 0.023438
0 0.376563 0.463867 0.009375 0.021484
0 0.383594 0.462891 0.004687 0.023438
0 0.418750 0.461914 0.006250 0.025391
0 0.428125 0.460938 0.009375 0.027344
0 0.403906 0.461914 0.007812 0.021484
0 0.170313 0.482422 0.012500 0.039062
0 0.114062 0.494141 0.018750 0.058594
1 0.453906 0.491211 0.026562 0.037109
2 0.951562 0.486328 0.093750 0.109375
2 0.946875 0.442383 0.103125 0.103516
2 0.911719 0.447266 0.173437 0.136719
0 0.451562 0.470703 0.021875 0.070312
