9 0.247656 0.229492 0.023438 0.095703
9 0.248438 0.338867 0.031250 0.037109
9 0.571875 0.305664 0.031250 0.041016
9 0.564844 0.173828 0.032813 0.113281
11 0.213281 0.237305 0.023438 0.064453
11 0.226562 0.300781 0.062500 0.027344
11 0.657031 0.233398 0.085938 0.029297
11 0.097656 0.392578 0.020313 0.023438
0 0.296094 0.474609 0.045312 0.148438
0 0.464062 0.503906 0.050000 0.222656
0 0.532813 0.492188 0.068750 0.242188
0 0.637500 0.501953 0.084375 0.324219
0 0.953906 0.502930 0.089063 0.474609
2 0.917969 0.422852 0.067187 0.056641
2 0.835938 0.450195 0.068750 0.029297
2 0.709375 0.458008 0.087500 0.048828
2 0.387500 0.441406 0.140625 0.062500
