9 0.723437 0.449219 0.015625 0.050781
9 0.317188 0.427734 0.015625 0.046875
9 0.130469 0.463867 0.010937 0.037109
9 0.742188 0.484375 0.015625 0.015625
11 0.316406 0.499023 0.023438 0.017578
11 0.316406 0.471680 0.029687 0.037109
0 0.341406 0.581055 0.017188 0.087891
0 0.025000 0.579102 0.018750 0.087891
0 0.013281 0.545898 0.010937 0.048828
0 0.024219 0.536133 0.010937 0.025391
0 0.053125 0.562500 0.021875 0.070312
0 0.076563 0.567383 0.025000 0.064453
0 0.101562 0.541016 0.009375 0.023438
0 0.117188 0.540039 0.012500 0.025391
0 0.144531 0.547852 0.017188 0.033203
0 0.177344 0.550781 0.017188 0.042969
0 0.282031 0.558594 0.007812 0.039062
0 0.271094 0.554688 0.010937 0.039062
0 0.354687 0.559570 0.009375 0.037109
0 0.364063 0.560547 0.009375 0.039062
0 0.368750 0.557617 0.009375 0.044922
0 0.377344 0.562500 0.007812 0.039062
0 0.396875 0.560547 0.009375 0.039062
0 0.405469 0.561523 0.007812 0.041016
0 0.411719 0.562500 0.007812 0.039062
0 0.442969 0.563477 0.014063 0.044922
0 0.422656 0.564453 0.014063 0.027344
0 0.451562 0.560547 0.006250 0.027344
0 0.458594 0.554688 0.004687 0.023438
0 0.697656 0.564453 0.020313 0.054688
0 0.850781 0.562500 0.014063 0.050781
0 0.828125 0.557617 0.009375 0.041016
0 0.460156 0.566406 0.014063 0.039062
0 0.625000 0.551758 0.003125 0.013672
1 0.983594 0.677734 0.029687 0.132812
1 0.972656 0.664062 0.051562 0.136719
1 0.929688 0.647461 0.071875 0.123047
1 0.908594 0.651367 0.064062 0.107422
1 0.853906 0.635742 0.067187 0.091797
1 0.825000 0.621094 0.081250 0.097656
1 0.792188 0.620117 0.037500 0.080078
1 0.868750 0.641602 0.056250 0.095703
2 0.653906 0.603516 0.110937 0.093750
2 0.503906 0.595703 0.085938 0.089844
2 0.538281 0.574219 0.048438 0.058594
2 0.568750 0.565430 0.031250 0.041016
2 0.596875 0.563477 0.025000 0.025391
