0 0.863281 0.458008 0.020313 0.076172
0 0.802344 0.435547 0.007812 0.023438
0 0.810937 0.458008 0.021875 0.080078
0 0.776563 0.443359 0.015625 0.046875
0 0.754687 0.460938 0.018750 0.078125
0 0.547656 0.468750 0.026562 0.054688
0 0.646875 0.469727 0.021875 0.056641
0 0.309375 0.442383 0.021875 0.033203
0 0.829688 0.443359 0.015625 0.046875
0 0.844531 0.453125 0.017188 0.058594
1 0.942969 0.484375 0.042188 0.062500
1 0.915625 0.483398 0.037500 0.056641
1 0.888281 0.486328 0.026562 0.054688
1 0.823438 0.461914 0.028125 0.044922
1 0.343750 0.482422 0.034375 0.058594
1 0.373437 0.483398 0.037500 0.064453
1 0.407813 0.487305 0.034375 0.056641
2 0.264062 0.479492 0.140625 0.099609
2 0.208594 0.488281 0.117188 0.117188
2 0.084375 0.474609 0.168750 0.156250
2 0.061719 0.502930 0.123438 0.119141
2 0.026562 0.510742 0.053125 0.130859
