0 0.518750 0.497070 0.043750 0.134766
0 0.542188 0.492188 0.031250 0.132812
0 0.618750 0.503906 0.065625 0.218750
2 0.221094 0.473633 0.142187 0.103516
2 0.225781 0.488281 0.089063 0.085938
2 0.161719 0.496094 0.135937 0.109375
2 0.126562 0.494141 0.093750 0.097656
2 0.084375 0.516602 0.134375 0.150391
2 0.532813 0.481445 0.100000 0.095703
2 0.560937 0.486328 0.062500 0.097656
2 0.692187 0.497070 0.246875 0.169922
2 0.765625 0.525391 0.121875 0.167969
2 0.889062 0.506836 0.218750 0.318359
2 0.961719 0.663086 0.073438 0.291016
2 0.373437 0.506836 0.218750 0.251953
