5 0.437500 0.459961 0.287500 0.166016
11 0.527344 0.366211 0.035937 0.048828
11 0.604688 0.336914 0.040625 0.041016
0 0.053906 0.499023 0.029687 0.115234
0 0.076563 0.501953 0.021875 0.113281
0 0.088281 0.472656 0.017188 0.070312
0 0.149219 0.501953 0.023438 0.117188
0 0.167187 0.504883 0.028125 0.119141
0 0.117188 0.524414 0.062500 0.228516
0 0.223438 0.469727 0.025000 0.056641
0 0.936719 0.468750 0.007812 0.035156
0 0.796875 0.479492 0.031250 0.076172
0 0.810937 0.482422 0.025000 0.070312
0 0.680469 0.463867 0.007812 0.029297
0 0.696094 0.463867 0.007812 0.029297
0 0.410156 0.508789 0.045312 0.138672
2 0.887500 0.461914 0.018750 0.017578
2 0.864062 0.460938 0.012500 0.015625
2 0.849219 0.458008 0.020313 0.025391
2 0.832812 0.463867 0.012500 0.017578
2 0.821875 0.461914 0.012500 0.021484
2 0.784375 0.462891 0.021875 0.031250
2 0.707812 0.472656 0.025000 0.031250
2 0.746094 0.467773 0.067187 0.064453
2 0.604688 0.463867 0.059375 0.037109
2 0.271094 0.507812 0.176563 0.121094
10 0.955469 0.544922 0.026562 0.074219
