2 0.045312 0.502930 0.090625 0.134766
2 0.152344 0.497070 0.110937 0.087891
2 0.252344 0.498047 0.060937 0.054688
2 0.325781 0.492188 0.076563 0.070312
2 0.407813 0.492188 0.021875 0.019531
2 0.371875 0.486328 0.018750 0.019531
2 0.888281 0.551758 0.220312 0.248047
2 0.635938 0.486328 0.112500 0.109375
2 0.576562 0.481445 0.059375 0.095703
2 0.544531 0.487305 0.039062 0.064453
2 0.522656 0.490234 0.029687 0.062500
2 0.479687 0.482422 0.018750 0.019531
2 0.375781 0.479492 0.023438 0.025391
2 0.940625 0.354492 0.115625 0.056641
2 0.888281 0.339844 0.220312 0.101562
2 0.421875 0.453125 0.009375 0.011719
2 0.444531 0.452148 0.010937 0.009766
