9 0.260156 0.378906 0.007812 0.019531
9 0.465625 0.390625 0.006250 0.015625
9 0.522656 0.432617 0.004687 0.017578
9 0.528125 0.433594 0.006250 0.015625
9 0.564844 0.420898 0.004687 0.017578
9 0.529687 0.449219 0.006250 0.007812
9 0.329688 0.455078 0.009375 0.019531
11 0.516406 0.398438 0.026562 0.007812
11 0.330469 0.435547 0.010937 0.019531
11 0.523438 0.455078 0.006250 0.011719
0 0.608594 0.471680 0.010937 0.037109
0 0.594531 0.470703 0.017188 0.050781
3 0.421094 0.479492 0.020313 0.033203
2 0.553906 0.469727 0.039062 0.025391
2 0.510938 0.475586 0.028125 0.029297
2 0.466406 0.469727 0.045312 0.044922
2 0.368750 0.474609 0.053125 0.054688
2 0.255469 0.498047 0.117188 0.097656
2 0.135156 0.469727 0.023438 0.025391
0 0.421094 0.462891 0.017188 0.031250
