5 0.850000 0.392578 0.296875 0.785156
11 0.053906 0.405273 0.035937 0.017578
11 0.202344 0.383789 0.014063 0.029297
11 0.228125 0.389648 0.012500 0.033203
11 0.230469 0.354492 0.017188 0.013672
0 0.047656 0.500977 0.029687 0.119141
1 0.691406 0.546875 0.060937 0.132812
7 0.529687 0.442383 0.068750 0.080078
2 0.440625 0.518555 0.153125 0.150391
2 0.362500 0.480469 0.018750 0.042969
2 0.347656 0.479492 0.020313 0.048828
2 0.321875 0.480469 0.050000 0.054688
2 0.524219 0.477539 0.035937 0.056641
2 0.560937 0.478516 0.062500 0.066406
0 0.692187 0.504883 0.062500 0.201172
