0 0.819531 0.639648 0.092188 0.330078
1 0.197656 0.694336 0.085938 0.189453
1 0.545312 0.458008 0.009375 0.013672
2 0.939844 0.750977 0.117188 0.263672
2 0.864844 0.568359 0.267188 0.195312
2 0.913281 0.455078 0.085938 0.035156
2 0.951562 0.511719 0.093750 0.078125
2 0.677344 0.507812 0.110937 0.113281
2 0.630469 0.481445 0.032813 0.060547
2 0.619531 0.475586 0.032813 0.048828
2 0.600000 0.468750 0.025000 0.039062
2 0.594531 0.447266 0.023438 0.023438
2 0.583594 0.432617 0.014063 0.013672
2 0.602344 0.438477 0.017188 0.013672
2 0.617969 0.435547 0.014063 0.011719
2 0.571875 0.435547 0.015625 0.015625
2 0.558594 0.437500 0.014063 0.015625
2 0.544531 0.439453 0.020313 0.019531
2 0.525000 0.440430 0.021875 0.025391
2 0.504687 0.445312 0.034375 0.027344
2 0.488281 0.458984 0.048438 0.039062
2 0.449219 0.456055 0.035937 0.044922
2 0.447656 0.461914 0.020313 0.041016
2 0.431250 0.464844 0.037500 0.050781
2 0.414844 0.472656 0.054688 0.058594
2 0.374219 0.493164 0.057813 0.072266
2 0.330469 0.504883 0.098437 0.083984
2 0.161719 0.531250 0.239063 0.113281
2 0.119531 0.584961 0.232813 0.166016
0 0.197656 0.619141 0.092188 0.250000
0 0.545312 0.451172 0.009375 0.023438
78 0.816406 0.806641 0.060937 0.046875
