11 0.061719 0.371094 0.014063 0.027344
11 0.503125 0.432617 0.009375 0.017578
11 0.585156 0.361328 0.017188 0.027344
11 0.585156 0.329102 0.023438 0.037109
0 0.234375 0.443359 0.009375 0.039062
0 0.246094 0.442383 0.010937 0.041016
0 0.260937 0.445312 0.009375 0.035156
0 0.273438 0.445312 0.009375 0.035156
0 0.285156 0.447266 0.007812 0.027344
0 0.300781 0.447266 0.007812 0.027344
0 0.513281 0.433594 0.014063 0.039062
0 0.535937 0.425781 0.012500 0.035156
0 0.546875 0.426758 0.012500 0.037109
0 0.558594 0.425781 0.010937 0.035156
0 0.571094 0.426758 0.010937 0.044922
0 0.581250 0.428711 0.009375 0.037109
0 0.625000 0.424805 0.015625 0.052734
0 0.608594 0.421875 0.017188 0.050781
0 0.654687 0.442383 0.018750 0.068359
0 0.668750 0.443359 0.015625 0.070312
0 0.686719 0.437500 0.020313 0.066406
0 0.708594 0.456055 0.026562 0.091797
2 0.153906 0.486328 0.129688 0.101562
2 0.448437 0.444336 0.028125 0.021484
2 0.799219 0.451172 0.085938 0.078125
2 0.876563 0.466797 0.068750 0.050781
2 0.945312 0.462891 0.075000 0.066406
2 0.965625 0.467773 0.065625 0.068359
