9 0.230469 0.503906 0.007812 0.023438
11 0.308594 0.505859 0.017188 0.019531
11 0.350000 0.519531 0.009375 0.015625
11 0.527344 0.516602 0.020313 0.037109
11 0.465625 0.545898 0.021875 0.009766
11 0.182812 0.523438 0.012500 0.015625
0 0.750781 0.573242 0.010937 0.029297
0 0.735156 0.573242 0.017188 0.044922
0 0.714844 0.574219 0.010937 0.042969
0 0.700000 0.575195 0.012500 0.037109
0 0.642969 0.564453 0.010937 0.039062
0 0.632812 0.566406 0.012500 0.046875
0 0.621875 0.568359 0.012500 0.046875
0 0.613281 0.570312 0.010937 0.050781
0 0.588281 0.569336 0.014063 0.021484
0 0.543750 0.560547 0.009375 0.031250
0 0.433594 0.556641 0.007812 0.031250
0 0.282813 0.552734 0.009375 0.027344
0 0.255469 0.552734 0.010937 0.031250
0 0.141406 0.566406 0.014063 0.046875
0 0.114062 0.621094 0.037500 0.179688
0 0.079687 0.566406 0.018750 0.058594
0 0.067969 0.562500 0.017188 0.046875
0 0.052344 0.566406 0.010937 0.042969
0 0.041406 0.570312 0.017188 0.050781
0 0.019531 0.564453 0.014063 0.039062
2 0.466406 0.565430 0.029687 0.029297
2 0.418750 0.561523 0.025000 0.029297
2 0.305469 0.781250 0.442188 0.433594
2 0.059375 0.766602 0.118750 0.337891
