9 0.446875 0.528320 0.006250 0.017578
9 0.560156 0.527344 0.004687 0.015625
11 0.042969 0.418945 0.064062 0.083984
11 0.079687 0.427734 0.025000 0.054688
11 0.069531 0.465820 0.042188 0.017578
11 0.198437 0.440430 0.021875 0.083984
0 0.347656 0.565430 0.017188 0.064453
0 0.360938 0.567383 0.015625 0.060547
0 0.418750 0.551758 0.012500 0.029297
0 0.430469 0.551758 0.010937 0.017578
0 0.572656 0.572266 0.007812 0.023438
0 0.596094 0.571289 0.007812 0.013672
0 0.604688 0.576172 0.006250 0.019531
0 0.614062 0.581055 0.009375 0.029297
0 0.626563 0.580078 0.006250 0.031250
2 0.160156 0.713867 0.320312 0.251953
2 0.433594 0.589844 0.054688 0.062500
2 0.496875 0.638672 0.137500 0.140625
2 0.545312 0.570312 0.015625 0.015625
2 0.534375 0.566406 0.009375 0.007812
