5 0.842969 0.418945 0.310937 0.150391
5 0.432812 0.451172 0.096875 0.042969
5 0.518750 0.445312 0.062500 0.082031
5 0.635938 0.431641 0.090625 0.054688
0 0.907031 0.485352 0.076563 0.240234
0 0.170313 0.489258 0.012500 0.052734
0 0.128125 0.490234 0.015625 0.027344
0 0.114844 0.493164 0.014063 0.052734
0 0.382031 0.464844 0.007812 0.023438
0 0.675781 0.430664 0.017188 0.025391
0 0.646875 0.465820 0.031250 0.111328
0 0.625781 0.476562 0.023438 0.093750
0 0.610156 0.458008 0.017188 0.064453
0 0.549219 0.459961 0.007812 0.041016
0 0.556250 0.457031 0.012500 0.042969
0 0.572656 0.458008 0.010937 0.044922
0 0.582031 0.458008 0.014063 0.044922
0 0.595313 0.457031 0.012500 0.046875
2 0.961719 0.487305 0.073438 0.111328
2 0.910937 0.447266 0.175000 0.136719
2 0.841406 0.443359 0.120313 0.109375
2 0.453906 0.462891 0.029687 0.023438
2 0.476562 0.462891 0.021875 0.023438
10 0.341406 0.478516 0.007812 0.019531
