11 0.471875 0.444336 0.006250 0.009766
2 0.588281 0.474609 0.123438 0.117188
2 0.520312 0.465820 0.056250 0.064453
2 0.075781 0.462891 0.042188 0.042969
2 0.122656 0.495117 0.110937 0.083984
2 0.189844 0.489258 0.064062 0.068359
2 0.224219 0.478516 0.051562 0.066406
2 0.296094 0.484375 0.092188 0.078125
2 0.341406 0.466797 0.023438 0.027344
2 0.355469 0.463867 0.014063 0.021484
2 0.367188 0.462891 0.012500 0.019531
2 0.381250 0.460938 0.015625 0.015625
2 0.392188 0.461914 0.006250 0.013672
2 0.490625 0.471680 0.012500 0.037109
2 0.482812 0.469727 0.012500 0.033203
2 0.475781 0.466797 0.014063 0.027344
2 0.469531 0.464844 0.014063 0.023438
2 0.461719 0.463867 0.014063 0.021484
2 0.455469 0.460938 0.014063 0.015625
2 0.443750 0.459961 0.009375 0.013672
2 0.434375 0.460938 0.009375 0.011719
2 0.429688 0.463867 0.012500 0.009766
2 0.046094 0.474609 0.045312 0.042969
2 0.017188 0.473633 0.034375 0.052734
