9 0.074219 0.357422 0.017188 0.054688
9 0.092188 0.356445 0.015625 0.052734
11 0.015625 0.352539 0.031250 0.041016
11 0.018750 0.394531 0.034375 0.039062
11 0.017188 0.435547 0.034375 0.042969
11 0.082031 0.413086 0.029687 0.037109
11 0.525781 0.370117 0.042188 0.013672
11 0.528125 0.386719 0.040625 0.011719
11 0.524219 0.400391 0.035937 0.007812
11 0.511719 0.413086 0.035937 0.009766
11 0.514062 0.425781 0.034375 0.007812
3 0.181250 0.534180 0.062500 0.052734
3 0.494531 0.504883 0.060937 0.048828
2 0.542188 0.487305 0.090625 0.048828
2 0.680469 0.471680 0.082812 0.041016
2 0.650000 0.557617 0.159375 0.185547
2 0.849219 0.476562 0.217188 0.109375
2 0.889062 0.531250 0.184375 0.152344
2 0.037500 0.526367 0.031250 0.025391
2 0.069531 0.516602 0.020313 0.009766
2 0.739062 0.458984 0.028125 0.035156
0 0.181250 0.522461 0.025000 0.060547
0 0.500781 0.489258 0.023438 0.056641
78 0.324219 0.468750 0.073438 0.035156
