5 0.492188 0.351562 0.143750 0.179688
9 0.364844 0.308594 0.010937 0.023438
0 0.992969 0.432617 0.010937 0.021484
0 0.914844 0.438477 0.017188 0.037109
0 0.897656 0.442383 0.017188 0.052734
0 0.868750 0.436523 0.015625 0.048828
0 0.829688 0.422852 0.009375 0.025391
0 0.766406 0.409180 0.007812 0.013672
0 0.715625 0.407227 0.006250 0.021484
0 0.702344 0.407227 0.010937 0.029297
0 0.597656 0.387695 0.004687 0.017578
0 0.611719 0.386719 0.004687 0.019531
0 0.615625 0.386719 0.006250 0.019531
2 0.894531 0.658203 0.207813 0.429688
2 0.647656 0.458008 0.101562 0.111328
2 0.517969 0.475586 0.207813 0.224609
2 0.797656 0.462891 0.120313 0.093750
2 0.734375 0.427734 0.050000 0.054688
2 0.244531 0.449219 0.223438 0.242188
2 0.381250 0.402344 0.078125 0.105469
2 0.628906 0.394531 0.026562 0.019531
2 0.671875 0.394531 0.028125 0.019531
