9 0.948438 0.357422 0.021875 0.027344
9 0.650781 0.312500 0.029687 0.085938
9 0.648438 0.377930 0.021875 0.021484
9 0.437500 0.390625 0.006250 0.019531
11 0.978906 0.299805 0.035937 0.044922
11 0.413281 0.405273 0.007812 0.009766
11 0.650781 0.352539 0.045312 0.017578
0 0.901563 0.465820 0.031250 0.142578
0 0.871094 0.473633 0.029687 0.134766
0 0.841406 0.469727 0.032813 0.130859
0 0.775781 0.481445 0.029687 0.138672
0 0.791406 0.471680 0.023438 0.123047
0 0.755469 0.474609 0.026562 0.121094
0 0.727344 0.464844 0.029687 0.113281
0 0.708594 0.464844 0.020313 0.097656
0 0.491406 0.465820 0.010937 0.025391
0 0.282813 0.480469 0.043750 0.121094
0 0.290625 0.483398 0.040625 0.103516
0 0.010156 0.491211 0.020313 0.095703
0 0.562500 0.458008 0.009375 0.037109
0 0.555469 0.459961 0.007812 0.037109
2 0.412500 0.467773 0.031250 0.033203
2 0.376563 0.465820 0.025000 0.021484
2 0.395313 0.463867 0.009375 0.013672
2 0.191406 0.480469 0.098437 0.082031
2 0.253125 0.472656 0.046875 0.066406
2 0.303906 0.476562 0.010937 0.046875
2 0.382812 0.463867 0.018750 0.021484
