5 0.846094 0.403320 0.304688 0.115234
5 0.627344 0.433594 0.104688 0.050781
5 0.510938 0.447266 0.056250 0.082031
5 0.434375 0.449219 0.096875 0.031250
0 0.117969 0.493164 0.014063 0.052734
0 0.169531 0.481445 0.010937 0.037109
0 0.363281 0.466797 0.007812 0.019531
0 0.367969 0.465820 0.004687 0.021484
0 0.377344 0.464844 0.007812 0.023438
0 0.428125 0.459961 0.006250 0.021484
0 0.633594 0.445312 0.007812 0.031250
0 0.627344 0.453125 0.014063 0.046875
0 0.607031 0.450195 0.007812 0.037109
0 0.612500 0.452148 0.012500 0.044922
0 0.595313 0.453125 0.012500 0.042969
0 0.586719 0.457031 0.010937 0.046875
0 0.575781 0.457031 0.010937 0.042969
0 0.559375 0.452148 0.006250 0.029297
0 0.548438 0.456055 0.009375 0.029297
0 0.683594 0.429688 0.010937 0.023438
1 0.407813 0.511719 0.031250 0.058594
2 0.952344 0.466797 0.092188 0.140625
2 0.912500 0.446289 0.171875 0.138672
2 0.453125 0.462891 0.025000 0.023438
2 0.473438 0.461914 0.028125 0.025391
2 0.645312 0.449219 0.021875 0.027344
2 0.869531 0.443359 0.185938 0.113281
0 0.407813 0.480469 0.031250 0.097656
10 0.339844 0.477539 0.007812 0.021484
