0 0.019531 0.488281 0.029687 0.078125
0 0.099219 0.478516 0.029687 0.093750
0 0.273438 0.490234 0.037500 0.121094
0 0.855469 0.562500 0.154688 0.484375
0 0.164844 0.475586 0.023438 0.076172
0 0.780469 0.561523 0.135937 0.376953
2 0.924219 0.533203 0.148438 0.292969
2 0.700781 0.522461 0.154688 0.177734
2 0.348438 0.492188 0.046875 0.097656
2 0.335938 0.482422 0.062500 0.089844
2 0.285156 0.491211 0.060937 0.072266
2 0.274219 0.481445 0.089063 0.072266
2 0.225781 0.481445 0.039062 0.064453
2 0.196875 0.478516 0.062500 0.062500
2 0.155469 0.479492 0.032813 0.048828
2 0.135937 0.475586 0.037500 0.048828
78 0.488281 0.469727 0.267188 0.197266
