5 0.422656 0.445312 0.132812 0.097656
5 0.517188 0.447266 0.065625 0.082031
5 0.635156 0.439453 0.089063 0.062500
5 0.844531 0.416992 0.307812 0.142578
0 0.171094 0.490234 0.014063 0.054688
0 0.128125 0.490234 0.015625 0.027344
0 0.115625 0.495117 0.015625 0.056641
0 0.324219 0.485352 0.017188 0.068359
0 0.344531 0.475586 0.023438 0.080078
0 0.639062 0.462891 0.025000 0.093750
0 0.621875 0.462891 0.021875 0.070312
0 0.601562 0.464844 0.018750 0.070312
0 0.591406 0.456055 0.010937 0.048828
0 0.579688 0.456055 0.012500 0.048828
0 0.551562 0.459961 0.012500 0.041016
0 0.558594 0.454102 0.007812 0.033203
0 0.667969 0.433594 0.010937 0.027344
0 0.571875 0.454102 0.009375 0.033203
2 0.951562 0.487305 0.093750 0.115234
2 0.909375 0.447266 0.178125 0.140625
2 0.851562 0.446289 0.143750 0.111328
