5 0.484375 0.463867 0.018750 0.025391
9 0.527344 0.425781 0.004687 0.011719
9 0.483594 0.425781 0.004687 0.011719
9 0.442969 0.447266 0.004687 0.011719
9 0.535156 0.452148 0.001563 0.005859
9 0.554688 0.450195 0.003125 0.005859
9 0.567187 0.448242 0.003125 0.009766
11 0.720313 0.310547 0.021875 0.035156
11 0.721094 0.376953 0.014063 0.039062
11 0.725781 0.433594 0.014063 0.023438
2 0.530469 0.469727 0.004687 0.005859
2 0.539844 0.470703 0.004687 0.007812
2 0.548438 0.472656 0.012500 0.019531
2 0.564844 0.479492 0.032813 0.033203
