11 0.105469 0.277344 0.064062 0.066406
0 0.971875 0.511719 0.053125 0.125000
0 0.600000 0.461914 0.015625 0.044922
0 0.342187 0.463867 0.009375 0.033203
1 0.859375 0.550781 0.065625 0.105469
2 0.514062 0.453125 0.012500 0.011719
2 0.491406 0.456055 0.007812 0.009766
2 0.481250 0.456055 0.015625 0.013672
2 0.464062 0.455078 0.015625 0.015625
2 0.423438 0.460938 0.059375 0.050781
2 0.370312 0.464844 0.043750 0.042969
2 0.285156 0.483398 0.032813 0.052734
2 0.139844 0.512695 0.279687 0.240234
10 0.567187 0.468750 0.006250 0.015625
