11 0.831250 0.371094 0.009375 0.015625
11 0.513281 0.378906 0.010937 0.023438
0 0.234375 0.448242 0.046875 0.123047
1 0.532813 0.446289 0.021875 0.041016
1 0.479687 0.453125 0.025000 0.035156
1 0.448437 0.452148 0.037500 0.041016
1 0.400000 0.454102 0.037500 0.048828
1 0.352344 0.461914 0.032813 0.044922
1 0.277344 0.463867 0.048438 0.064453
1 0.196875 0.472656 0.034375 0.070312
1 0.164844 0.479492 0.032813 0.060547
1 0.135937 0.484375 0.028125 0.050781
1 0.097656 0.484375 0.035937 0.078125
1 0.038281 0.483398 0.076563 0.087891
2 0.823438 0.425781 0.034375 0.074219
2 0.756250 0.430664 0.128125 0.087891
2 0.508594 0.429688 0.032813 0.031250
2 0.073438 0.419922 0.146875 0.085938
0 0.533594 0.425781 0.020313 0.054688
0 0.478125 0.436523 0.021875 0.052734
0 0.447656 0.430664 0.029687 0.048828
0 0.398438 0.429688 0.028125 0.078125
0 0.352344 0.436523 0.029687 0.064453
0 0.283594 0.435547 0.029687 0.089844
0 0.171094 0.454102 0.039062 0.080078
0 0.141406 0.457031 0.020313 0.085938
0 0.036719 0.454102 0.051562 0.138672
0 0.102344 0.455078 0.042188 0.113281
0 0.205469 0.434570 0.035937 0.076172
2 0.627344 0.427734 0.032813 0.023438
2 0.554688 0.418945 0.065625 0.037109
