0 0.424219 0.438477 0.007812 0.009766
0 0.675781 0.430664 0.007812 0.017578
0 0.684375 0.433594 0.006250 0.015625
1 0.157812 0.640625 0.068750 0.132812
2 0.817187 0.583984 0.225000 0.218750
2 0.696094 0.538086 0.117188 0.142578
2 0.635938 0.501953 0.078125 0.078125
2 0.621094 0.484375 0.076563 0.062500
2 0.588281 0.472656 0.042188 0.050781
2 0.568750 0.456055 0.037500 0.041016
2 0.550781 0.452148 0.017188 0.037109
2 0.535937 0.445312 0.012500 0.023438
2 0.528906 0.441406 0.007812 0.019531
2 0.507812 0.443359 0.021875 0.027344
2 0.488281 0.434570 0.007812 0.013672
2 0.482812 0.437500 0.009375 0.015625
2 0.465625 0.441406 0.018750 0.019531
2 0.449219 0.441406 0.010937 0.015625
2 0.425000 0.459961 0.034375 0.033203
2 0.441406 0.457031 0.017188 0.031250
2 0.373437 0.478516 0.050000 0.046875
2 0.089063 0.495117 0.115625 0.080078
2 0.273438 0.476562 0.071875 0.058594
2 0.296875 0.464844 0.078125 0.054688
2 0.340625 0.459961 0.031250 0.044922
2 0.234375 0.446289 0.050000 0.037109
2 0.167187 0.478516 0.084375 0.054688
2 0.206250 0.469727 0.078125 0.068359
2 0.369531 0.446289 0.045312 0.017578
2 0.495312 0.432617 0.006250 0.009766
0 0.158594 0.581055 0.067187 0.173828
