9 0.729688 0.331055 0.009375 0.044922
9 0.735938 0.379883 0.009375 0.017578
9 0.560937 0.350586 0.009375 0.041016
9 0.559375 0.389648 0.012500 0.013672
9 0.686719 0.285156 0.042188 0.050781
9 0.092969 0.368164 0.010937 0.041016
9 0.117969 0.407227 0.010937 0.017578
11 0.774219 0.367188 0.023438 0.007812
11 0.682813 0.179688 0.037500 0.082031
11 0.696094 0.238281 0.026562 0.042969
11 0.735156 0.361328 0.010937 0.015625
0 0.300781 0.496094 0.076563 0.191406
0 0.642969 0.467773 0.048438 0.220703
0 0.672656 0.472656 0.039062 0.195312
0 0.701562 0.452148 0.040625 0.111328
2 0.502344 0.458984 0.042188 0.039062
2 0.474219 0.453125 0.014063 0.015625
2 0.362500 0.459961 0.043750 0.041016
2 0.429688 0.455078 0.021875 0.019531
2 0.245312 0.470703 0.056250 0.054688
2 0.460938 0.458008 0.012500 0.013672
10 0.551562 0.466797 0.009375 0.039062
