5 0.516406 0.546875 0.020313 0.023438
9 0.767188 0.451172 0.015625 0.046875
9 0.768750 0.450195 0.018750 0.048828
9 0.633594 0.500977 0.007812 0.025391
9 0.215625 0.443359 0.015625 0.050781
9 0.350781 0.495117 0.007812 0.025391
0 0.298438 0.554688 0.012500 0.046875
0 0.314063 0.559570 0.012500 0.044922
0 0.625781 0.557617 0.010937 0.037109
0 0.615625 0.558594 0.012500 0.035156
0 0.604688 0.556641 0.009375 0.031250
0 0.977344 0.593750 0.035937 0.125000
0 0.848437 0.568359 0.021875 0.062500
0 0.830469 0.572266 0.023438 0.058594
0 0.549219 0.547852 0.004687 0.013672
0 0.544531 0.546875 0.004687 0.015625
0 0.537500 0.547852 0.006250 0.013672
2 0.409375 0.581055 0.065625 0.056641
2 0.479687 0.560547 0.025000 0.023438
2 0.498437 0.556641 0.018750 0.023438
2 0.450000 0.552734 0.018750 0.019531
2 0.460156 0.549805 0.010937 0.017578
2 0.467187 0.548828 0.006250 0.011719
