11 0.676562 0.498047 0.021875 0.035156
11 0.679688 0.458008 0.028125 0.041016
11 0.952344 0.513672 0.064062 0.031250
11 0.954688 0.435547 0.075000 0.101562
11 0.217969 0.487305 0.029687 0.017578
0 0.807813 0.565430 0.046875 0.060547
0 0.671094 0.617188 0.048438 0.156250
0 0.366406 0.550781 0.017188 0.054688
0 0.424219 0.536133 0.010937 0.025391
3 0.046094 0.800781 0.092188 0.269531
3 0.069531 0.760742 0.139063 0.244141
3 0.100781 0.726562 0.151562 0.222656
3 0.132812 0.707031 0.156250 0.203125
3 0.170313 0.668945 0.196875 0.193359
3 0.237500 0.636719 0.156250 0.171875
3 0.378906 0.594727 0.026562 0.056641
2 0.597656 0.610352 0.073438 0.119141
2 0.656250 0.636719 0.140625 0.160156
2 0.753906 0.698242 0.217188 0.232422
2 0.866406 0.811523 0.264062 0.373047
