11 0.933594 0.232422 0.085938 0.105469
11 0.936719 0.296875 0.064062 0.023438
11 0.846094 0.358398 0.010937 0.033203
11 0.635156 0.353516 0.029687 0.011719
11 0.114062 0.392578 0.028125 0.035156
11 0.113281 0.416992 0.020313 0.013672
0 0.073438 0.491211 0.028125 0.087891
2 0.523438 0.479492 0.062500 0.056641
2 0.475000 0.470703 0.028125 0.031250
2 0.472656 0.465820 0.029687 0.033203
2 0.453906 0.467773 0.007812 0.017578
2 0.450000 0.461914 0.009375 0.009766
2 0.411719 0.463867 0.017188 0.021484
2 0.389062 0.464844 0.028125 0.039062
2 0.379688 0.474609 0.025000 0.031250
2 0.375000 0.477539 0.021875 0.033203
2 0.362500 0.478516 0.018750 0.046875
2 0.324219 0.479492 0.073438 0.080078
2 0.250781 0.482422 0.073438 0.070312
78 0.588281 0.469727 0.017188 0.037109
