11 0.798438 0.323242 0.059375 0.025391
11 0.798438 0.294922 0.021875 0.027344
0 0.786719 0.536133 0.045312 0.162109
2 0.162500 0.573242 0.162500 0.130859
2 0.116406 0.549805 0.114062 0.115234
2 0.271094 0.542969 0.082812 0.078125
2 0.321094 0.538086 0.042188 0.052734
2 0.341406 0.533203 0.026562 0.046875
2 0.340625 0.521484 0.053125 0.066406
2 0.395313 0.511719 0.012500 0.011719
2 0.552344 0.551758 0.107813 0.087891
2 0.425781 0.510742 0.020313 0.017578
2 0.466406 0.526367 0.035937 0.037109
2 0.460938 0.520508 0.034375 0.044922
