5 0.507812 0.392578 0.084375 0.125000
9 0.385156 0.367188 0.004687 0.019531
11 0.042188 0.259766 0.040625 0.023438
11 0.041406 0.295898 0.017188 0.021484
11 0.041406 0.331055 0.023438 0.048828
11 0.039844 0.373047 0.020313 0.031250
11 0.695312 0.364258 0.025000 0.037109
11 0.395313 0.377930 0.006250 0.013672
11 0.405469 0.377930 0.004687 0.013672
2 0.046875 0.493164 0.093750 0.169922
2 0.335156 0.421875 0.070312 0.066406
2 0.402344 0.423828 0.067187 0.078125
2 0.452344 0.401367 0.014063 0.013672
2 0.258594 0.398438 0.045312 0.039062
2 0.856250 0.457031 0.100000 0.089844
