11 0.292187 0.378906 0.025000 0.035156
11 0.890625 0.425781 0.028125 0.050781
0 0.650781 0.532227 0.064062 0.189453
2 0.753906 0.487305 0.076563 0.068359
2 0.740625 0.473633 0.103125 0.076172
2 0.684375 0.453125 0.012500 0.011719
2 0.639844 0.462891 0.017188 0.015625
2 0.639844 0.453125 0.017188 0.011719
2 0.625000 0.458984 0.015625 0.015625
2 0.610156 0.460938 0.017188 0.019531
2 0.599219 0.462891 0.017188 0.019531
2 0.580469 0.467773 0.029687 0.025391
2 0.556250 0.465820 0.018750 0.025391
2 0.571094 0.454102 0.020313 0.017578
2 0.538281 0.477539 0.032813 0.044922
2 0.500000 0.470703 0.021875 0.035156
2 0.487500 0.471680 0.025000 0.041016
2 0.454688 0.469727 0.056250 0.048828
2 0.251563 0.462891 0.106250 0.074219
2 0.132031 0.442383 0.123438 0.060547
0 0.532813 0.504883 0.021875 0.115234
0 0.517188 0.495117 0.021875 0.107422
78 0.649219 0.627930 0.026562 0.017578
78 0.532031 0.565430 0.020313 0.009766
78 0.516406 0.548828 0.014063 0.007812
