9 0.829688 0.306641 0.018750 0.050781
9 0.838281 0.366211 0.014063 0.021484
9 0.017969 0.333984 0.014063 0.058594
9 0.050000 0.384766 0.018750 0.019531
11 0.885938 0.349609 0.034375 0.011719
11 0.835156 0.342773 0.020313 0.017578
0 0.298438 0.456055 0.009375 0.037109
0 0.310937 0.456055 0.009375 0.033203
0 0.319531 0.455078 0.007812 0.027344
0 0.505469 0.462891 0.035937 0.093750
0 0.689844 0.543945 0.101562 0.466797
0 0.555469 0.540039 0.220312 0.431641
0 0.588281 0.542969 0.242188 0.527344
2 0.928125 0.476562 0.140625 0.109375
2 0.461719 0.452148 0.010937 0.013672
2 0.475781 0.453125 0.014063 0.015625
2 0.428906 0.448242 0.054688 0.056641
2 0.217969 0.462891 0.070312 0.058594
