1 0.657813 0.550781 0.046875 0.113281
1 0.610938 0.536133 0.053125 0.107422
2 0.120313 0.528320 0.240625 0.197266
2 0.337500 0.492188 0.100000 0.078125
2 0.385937 0.477539 0.065625 0.076172
2 0.432812 0.475586 0.037500 0.044922
2 0.447656 0.472656 0.017188 0.039062
2 0.450781 0.463867 0.042188 0.044922
2 0.478125 0.464844 0.012500 0.031250
2 0.497656 0.461914 0.017188 0.017578
2 0.509375 0.461914 0.009375 0.017578
2 0.517188 0.463867 0.006250 0.013672
2 0.522656 0.463867 0.004687 0.013672
2 0.939063 0.676758 0.118750 0.255859
2 0.861719 0.551758 0.273438 0.255859
2 0.706250 0.511719 0.053125 0.093750
2 0.589844 0.470703 0.020313 0.039062
2 0.574219 0.460938 0.017188 0.027344
2 0.635938 0.482422 0.018750 0.042969
2 0.170313 0.474609 0.168750 0.105469
2 0.560937 0.464844 0.009375 0.015625
2 0.525781 0.461914 0.007812 0.013672
0 0.660156 0.505859 0.048438 0.144531
0 0.608594 0.501953 0.051562 0.152344
