9 0.973437 0.253906 0.050000 0.062500
9 0.985938 0.108398 0.025000 0.123047
0 0.485156 0.456055 0.007812 0.025391
0 0.874219 0.442383 0.020313 0.095703
0 0.814844 0.443359 0.026562 0.082031
0 0.928125 0.439453 0.031250 0.105469
1 0.473438 0.469727 0.012500 0.025391
1 0.651563 0.580078 0.234375 0.183594
2 0.341406 0.458984 0.029687 0.031250
2 0.392188 0.457031 0.021875 0.023438
2 0.425781 0.464844 0.032813 0.035156
0 0.474219 0.460938 0.014063 0.035156
0 0.626563 0.500000 0.106250 0.265625
2 0.664062 0.495117 0.228125 0.224609
