9 0.667969 0.323242 0.029687 0.041016
9 0.653125 0.226562 0.031250 0.085938
9 0.306250 0.261719 0.018750 0.078125
9 0.301563 0.337891 0.028125 0.031250
11 0.731250 0.304688 0.059375 0.019531
11 0.707031 0.261719 0.023438 0.054688
11 0.661719 0.287109 0.039062 0.023438
11 0.246875 0.362305 0.012500 0.025391
11 0.295312 0.408203 0.012500 0.023438
0 0.978906 0.560547 0.039062 0.500000
0 0.903906 0.525391 0.167187 0.542969
0 0.827344 0.511719 0.073438 0.394531
0 0.776563 0.507812 0.087500 0.410156
0 0.649219 0.477539 0.073438 0.205078
0 0.613281 0.480469 0.035937 0.175781
0 0.571094 0.480469 0.060937 0.195312
0 0.517188 0.485352 0.065625 0.197266
0 0.354687 0.455078 0.037500 0.121094
0 0.315625 0.450195 0.031250 0.115234
0 0.273438 0.448242 0.012500 0.041016
2 0.209375 0.459961 0.056250 0.060547
2 0.175781 0.448242 0.017188 0.021484
2 0.155469 0.447266 0.017188 0.019531
2 0.127344 0.449219 0.020313 0.023438
2 0.027344 0.454102 0.042188 0.037109
10 0.281250 0.477539 0.015625 0.064453
