9 0.553906 0.407227 0.007812 0.021484
9 0.220312 0.385742 0.012500 0.041016
9 0.280469 0.405273 0.007812 0.021484
9 0.717187 0.420898 0.015625 0.013672
11 0.600781 0.407227 0.017188 0.017578
11 0.057031 0.413086 0.029687 0.021484
0 0.816406 0.536133 0.110937 0.443359
0 0.653906 0.478516 0.020313 0.082031
0 0.705469 0.468750 0.014063 0.046875
0 0.585938 0.466797 0.009375 0.031250
0 0.034375 0.489258 0.031250 0.056641
0 0.137500 0.458008 0.018750 0.037109
0 0.126562 0.462891 0.012500 0.031250
2 0.919531 0.538086 0.157812 0.470703
2 0.432812 0.525391 0.209375 0.222656
2 0.232813 0.493164 0.153125 0.146484
