9 0.307031 0.261719 0.020313 0.074219
9 0.300781 0.337891 0.023438 0.027344
9 0.653125 0.225586 0.031250 0.087891
9 0.664062 0.322266 0.018750 0.035156
11 0.735938 0.302734 0.050000 0.019531
11 0.660937 0.285156 0.037500 0.023438
0 0.953125 0.540039 0.090625 0.517578
0 0.667969 0.462891 0.035937 0.152344
0 0.646875 0.462891 0.043750 0.164062
0 0.617969 0.470703 0.051562 0.183594
0 0.582812 0.457031 0.031250 0.160156
0 0.554688 0.479492 0.053125 0.177734
0 0.510156 0.488281 0.054688 0.167969
0 0.333594 0.452148 0.035937 0.111328
0 0.280469 0.438477 0.029687 0.083984
0 0.068750 0.449219 0.006250 0.023438
2 0.868750 0.499023 0.259375 0.146484
2 0.209375 0.459961 0.056250 0.060547
2 0.177344 0.449219 0.014063 0.019531
2 0.156250 0.449219 0.018750 0.019531
2 0.127344 0.451172 0.020313 0.019531
2 0.042188 0.453125 0.040625 0.035156
10 0.280469 0.489258 0.010937 0.037109
