5 0.404687 0.464844 0.012500 0.019531
0 0.676562 0.458008 0.018750 0.068359
0 0.692969 0.454102 0.020313 0.060547
3 0.685156 0.508789 0.073438 0.072266
2 0.934375 0.656250 0.128125 0.289062
2 0.598437 0.511719 0.146875 0.117188
2 0.033594 0.528320 0.067187 0.130859
2 0.414844 0.470703 0.014063 0.011719
2 0.456250 0.474609 0.025000 0.027344
2 0.435937 0.470703 0.015625 0.023438
2 0.307812 0.468750 0.037500 0.031250
2 0.332031 0.470703 0.017188 0.031250
2 0.343750 0.470703 0.009375 0.027344
2 0.351562 0.472656 0.006250 0.023438
2 0.360156 0.471680 0.010937 0.013672
