11 0.316406 0.414062 0.020313 0.031250
0 0.445312 0.451172 0.009375 0.023438
0 0.520312 0.456055 0.006250 0.017578
0 0.514844 0.455078 0.004687 0.019531
0 0.508594 0.454102 0.004687 0.013672
0 0.502344 0.452148 0.004687 0.017578
0 0.497656 0.453125 0.004687 0.015625
2 0.963281 0.787109 0.070312 0.265625
2 0.911719 0.511719 0.173437 0.097656
2 0.758594 0.547852 0.201563 0.169922
2 0.678125 0.483398 0.084375 0.056641
2 0.617969 0.472656 0.042188 0.039062
2 0.575000 0.476562 0.053125 0.050781
2 0.533594 0.460938 0.023438 0.023438
2 0.481250 0.457031 0.025000 0.027344
2 0.421094 0.484375 0.101562 0.058594
2 0.468750 0.452148 0.009375 0.013672
2 0.461719 0.450195 0.007812 0.013672
2 0.407031 0.450195 0.035937 0.021484
2 0.366406 0.465820 0.048438 0.048828
2 0.452344 0.450195 0.010937 0.013672
2 0.058594 0.534180 0.117188 0.236328
