5 0.568750 0.479492 0.053125 0.087891
5 0.619531 0.478516 0.023438 0.042969
11 0.266406 0.345703 0.076563 0.093750
11 0.432031 0.202148 0.014063 0.021484
11 0.435156 0.219727 0.010937 0.013672
7 0.078906 0.466797 0.157812 0.199219
2 0.298438 0.504883 0.050000 0.048828
2 0.335156 0.499023 0.039062 0.037109
2 0.512500 0.492188 0.018750 0.027344
2 0.493750 0.500977 0.034375 0.041016
2 0.532813 0.497070 0.021875 0.025391
2 0.471094 0.522461 0.073438 0.072266
2 0.584375 0.516602 0.056250 0.064453
2 0.642969 0.543945 0.104688 0.091797
2 0.736719 0.528320 0.082812 0.076172
2 0.785156 0.513672 0.064062 0.066406
2 0.022656 0.549805 0.045312 0.087891
2 0.067187 0.547852 0.046875 0.041016
