9 0.040625 0.372070 0.028125 0.087891
9 0.059375 0.480469 0.015625 0.050781
9 0.701562 0.372070 0.025000 0.076172
11 0.017969 0.431641 0.035937 0.042969
11 0.155469 0.514648 0.017188 0.017578
11 0.156250 0.527344 0.012500 0.007812
11 0.496875 0.509766 0.018750 0.015625
11 0.496094 0.482422 0.017188 0.035156
0 0.808594 0.613281 0.029687 0.132812
0 0.786719 0.604492 0.042188 0.142578
0 0.428906 0.553711 0.007812 0.037109
0 0.434375 0.553711 0.009375 0.037109
0 0.196875 0.572266 0.018750 0.046875
0 0.273438 0.556641 0.009375 0.027344
0 0.398438 0.536133 0.009375 0.021484
0 0.449219 0.534180 0.007812 0.021484
3 0.258594 0.619141 0.032813 0.062500
2 0.927344 0.590820 0.110937 0.064453
2 0.511719 0.606445 0.107813 0.111328
2 0.421875 0.719727 0.275000 0.279297
2 0.376563 0.546875 0.021875 0.019531
2 0.294531 0.572266 0.042188 0.039062
0 0.257812 0.589844 0.031250 0.074219
