5 0.844531 0.397461 0.307812 0.103516
5 0.517969 0.447266 0.064062 0.082031
5 0.433594 0.453125 0.098437 0.039062
0 0.632812 0.453125 0.009375 0.042969
0 0.628906 0.454102 0.007812 0.044922
0 0.621094 0.454102 0.010937 0.044922
0 0.610938 0.457031 0.009375 0.039062
0 0.604688 0.452148 0.009375 0.041016
0 0.597656 0.455078 0.007812 0.035156
0 0.582031 0.455078 0.010937 0.042969
0 0.571875 0.456055 0.009375 0.044922
0 0.591406 0.458984 0.007812 0.039062
0 0.558594 0.457031 0.010937 0.042969
0 0.548438 0.458008 0.012500 0.037109
0 0.434375 0.461914 0.006250 0.021484
0 0.168750 0.487305 0.012500 0.048828
0 0.112500 0.494141 0.018750 0.054688
2 0.951562 0.488281 0.093750 0.105469
2 0.910937 0.448242 0.175000 0.130859
2 0.851562 0.446289 0.146875 0.103516
2 0.771875 0.443359 0.118750 0.085938
