5 0.275000 0.434570 0.028125 0.037109
9 0.464844 0.369141 0.007812 0.023438
9 0.472656 0.367188 0.007812 0.023438
9 0.015625 0.370117 0.012500 0.037109
11 0.484375 0.390625 0.025000 0.007812
11 0.442188 0.401367 0.009375 0.013672
0 0.005469 0.469727 0.010937 0.068359
0 0.446875 0.443359 0.006250 0.027344
0 0.439063 0.451172 0.009375 0.042969
0 0.514062 0.469727 0.021875 0.083984
0 0.554688 0.464844 0.018750 0.082031
0 0.682813 0.407227 0.012500 0.037109
0 0.703906 0.407227 0.010937 0.033203
0 0.714844 0.408203 0.010937 0.031250
2 0.250000 0.451172 0.028125 0.027344
2 0.323437 0.438477 0.009375 0.009766
2 0.364844 0.462891 0.089063 0.066406
2 0.405469 0.451172 0.023438 0.042969
2 0.665625 0.453125 0.131250 0.058594
10 0.460938 0.468750 0.009375 0.031250
9 0.596875 0.356445 0.009375 0.033203
