9 0.644531 0.402344 0.010937 0.035156
9 0.149219 0.394531 0.010937 0.035156
9 0.407031 0.457031 0.004687 0.015625
9 0.547656 0.461914 0.004687 0.017578
11 0.157031 0.440430 0.017188 0.033203
11 0.639062 0.449219 0.018750 0.039062
0 0.703125 0.496094 0.018750 0.027344
0 0.735938 0.515625 0.015625 0.027344
0 0.685937 0.507812 0.009375 0.039062
0 0.297656 0.488281 0.010937 0.015625
0 0.344531 0.486328 0.007812 0.015625
0 0.364063 0.493164 0.009375 0.017578
2 0.238281 0.524414 0.098437 0.076172
2 0.500000 0.499023 0.021875 0.021484
2 0.521875 0.491211 0.012500 0.017578
2 0.493750 0.477539 0.012500 0.013672
2 0.503125 0.485352 0.012500 0.009766
9 0.989062 0.389648 0.018750 0.060547
9 0.990625 0.444336 0.015625 0.041016
