0 0.419531 0.463867 0.010937 0.013672
2 0.019531 0.573242 0.039062 0.205078
2 0.099219 0.551758 0.173437 0.166016
2 0.212500 0.530273 0.125000 0.119141
2 0.301563 0.479492 0.059375 0.060547
2 0.334375 0.506836 0.084375 0.076172
2 0.382031 0.497070 0.042188 0.060547
2 0.423438 0.490234 0.043750 0.042969
2 0.446094 0.488281 0.020313 0.035156
2 0.450000 0.484375 0.025000 0.031250
2 0.453125 0.481445 0.028125 0.037109
2 0.465625 0.481445 0.012500 0.033203
2 0.470313 0.479492 0.012500 0.029297
2 0.480469 0.474609 0.020313 0.027344
2 0.490625 0.470703 0.012500 0.019531
2 0.491406 0.465820 0.017188 0.021484
2 0.503125 0.467773 0.009375 0.013672
2 0.507812 0.465820 0.012500 0.013672
2 0.835938 0.603516 0.268750 0.214844
2 0.746094 0.540039 0.170313 0.177734
2 0.669531 0.521484 0.054688 0.125000
2 0.638281 0.514648 0.045312 0.068359
2 0.521094 0.462891 0.010937 0.011719
0 0.560156 0.497070 0.026562 0.083984
0 0.581250 0.494141 0.018750 0.078125
0 0.610156 0.509766 0.042188 0.132812
78 0.606250 0.581055 0.018750 0.013672
78 0.558594 0.544922 0.010937 0.007812
78 0.581250 0.537109 0.012500 0.007812
