5 0.067969 0.494141 0.132812 0.121094
11 0.052344 0.358398 0.067187 0.037109
11 0.048438 0.284180 0.087500 0.107422
0 0.793750 0.464844 0.015625 0.058594
0 0.808594 0.469727 0.017188 0.060547
0 0.568750 0.511719 0.028125 0.039062
0 0.548438 0.511719 0.034375 0.042969
0 0.551562 0.485352 0.012500 0.044922
0 0.506250 0.499023 0.015625 0.044922
0 0.521875 0.492188 0.015625 0.050781
0 0.535156 0.488281 0.014063 0.046875
0 0.574219 0.483398 0.014063 0.041016
0 0.475000 0.493164 0.015625 0.048828
0 0.467187 0.498047 0.015625 0.039062
0 0.454688 0.500000 0.015625 0.046875
0 0.432812 0.501953 0.015625 0.042969
0 0.418750 0.501953 0.012500 0.039062
0 0.639844 0.486328 0.014063 0.042969
0 0.296875 0.510742 0.012500 0.044922
0 0.357812 0.510742 0.009375 0.033203
0 0.232031 0.513672 0.014063 0.046875
0 0.908594 0.445312 0.010937 0.031250
2 0.329688 0.520508 0.053125 0.041016
