9 0.182812 0.332031 0.025000 0.035156
9 0.188281 0.243164 0.035937 0.095703
9 0.892188 0.358398 0.028125 0.029297
9 0.887500 0.271484 0.031250 0.089844
11 0.316406 0.458008 0.014063 0.025391
11 0.314844 0.423828 0.014063 0.019531
11 0.913281 0.333984 0.064062 0.015625
11 0.726562 0.397461 0.012500 0.021484
0 0.007812 0.442383 0.015625 0.142578
0 0.218750 0.447266 0.009375 0.039062
0 0.244531 0.454102 0.007812 0.021484
0 0.267969 0.457031 0.020313 0.066406
0 0.733594 0.474609 0.035937 0.132812
0 0.818750 0.477539 0.059375 0.142578
0 0.904687 0.473633 0.034375 0.115234
0 0.931250 0.471680 0.034375 0.138672
1 0.113281 0.450195 0.045312 0.041016
1 0.147656 0.452148 0.051562 0.041016
2 0.320312 0.466797 0.093750 0.070312
2 0.349219 0.459961 0.054688 0.068359
2 0.375000 0.457031 0.025000 0.062500
2 0.392969 0.462891 0.026562 0.042969
2 0.407813 0.458008 0.021875 0.033203
2 0.487500 0.463867 0.040625 0.041016
2 0.516406 0.464844 0.020313 0.031250
2 0.531250 0.465820 0.021875 0.033203
2 0.565625 0.457031 0.056250 0.062500
2 0.596094 0.468750 0.048438 0.058594
2 0.621094 0.474609 0.051562 0.054688
2 0.684375 0.467773 0.090625 0.099609
