5 0.461719 0.389648 0.035937 0.044922
9 0.770312 0.293945 0.018750 0.076172
9 0.650781 0.337891 0.010937 0.046875
9 0.620313 0.359375 0.009375 0.031250
9 0.604688 0.363281 0.009375 0.035156
9 0.727344 0.309570 0.017188 0.064453
0 0.387500 0.402344 0.009375 0.046875
0 0.362500 0.402344 0.012500 0.046875
7 0.506250 0.395508 0.028125 0.037109
7 0.912500 0.417969 0.171875 0.179688
2 0.163281 0.461914 0.326562 0.388672
2 0.471875 0.404297 0.025000 0.027344
2 0.503906 0.405273 0.023438 0.021484
2 0.533594 0.409180 0.029687 0.041016
2 0.562500 0.414062 0.040625 0.046875
2 0.589063 0.416016 0.015625 0.035156
2 0.607812 0.416992 0.021875 0.033203
2 0.680469 0.415039 0.060937 0.072266
2 0.652344 0.443359 0.101562 0.089844
