9 0.728906 0.287109 0.020313 0.066406
9 0.724219 0.357422 0.026562 0.039062
11 0.608594 0.394531 0.020313 0.031250
0 0.234375 0.468750 0.015625 0.023438
0 0.205469 0.466797 0.014063 0.019531
0 0.132031 0.468750 0.017188 0.035156
0 0.153125 0.471680 0.018750 0.033203
1 0.839063 0.591797 0.115625 0.238281
1 0.632812 0.538086 0.040625 0.099609
2 0.625781 0.487305 0.098437 0.095703
2 0.514062 0.481445 0.028125 0.029297
2 0.446875 0.503906 0.112500 0.121094
2 0.389062 0.471680 0.031250 0.041016
0 0.839063 0.504883 0.115625 0.326172
0 0.632812 0.497070 0.050000 0.150391
