5 0.377344 0.458984 0.104688 0.070312
11 0.889062 0.404297 0.012500 0.027344
11 0.771875 0.429688 0.006250 0.015625
11 0.752344 0.434570 0.004687 0.013672
0 0.935937 0.466797 0.012500 0.046875
0 0.881250 0.462891 0.012500 0.042969
0 0.869531 0.463867 0.010937 0.041016
0 0.856250 0.464844 0.012500 0.042969
0 0.827344 0.455078 0.010937 0.027344
1 0.810937 0.520508 0.071875 0.099609
2 0.699219 0.475586 0.070312 0.052734
2 0.666406 0.465820 0.054688 0.044922
2 0.621094 0.474609 0.042188 0.035156
2 0.567187 0.476562 0.065625 0.078125
2 0.492188 0.505859 0.146875 0.136719
2 0.293750 0.474609 0.078125 0.054688
2 0.164062 0.463867 0.090625 0.064453
2 0.082812 0.477539 0.121875 0.115234
2 0.013281 0.493164 0.026562 0.056641
0 0.803125 0.485352 0.062500 0.166016
