0 0.563281 0.464844 0.007812 0.035156
0 0.557031 0.463867 0.004687 0.033203
0 0.552344 0.463867 0.004687 0.033203
0 0.531250 0.455078 0.003125 0.011719
0 0.509375 0.454102 0.003125 0.013672
0 0.417187 0.473633 0.018750 0.068359
2 0.893750 0.648438 0.209375 0.425781
2 0.796094 0.586914 0.154688 0.197266
2 0.731250 0.538086 0.137500 0.138672
2 0.687500 0.508789 0.118750 0.119141
2 0.636719 0.505859 0.035937 0.078125
2 0.628125 0.494141 0.053125 0.070312
2 0.604688 0.483398 0.053125 0.056641
2 0.599219 0.466797 0.054688 0.046875
2 0.571875 0.471680 0.018750 0.033203
2 0.547656 0.456055 0.007812 0.013672
2 0.539062 0.456055 0.009375 0.009766
2 0.525781 0.454102 0.007812 0.009766
2 0.519531 0.452148 0.007812 0.009766
2 0.514844 0.453125 0.007812 0.007812
2 0.503125 0.454102 0.009375 0.013672
2 0.495312 0.456055 0.009375 0.017578
2 0.487500 0.458008 0.015625 0.017578
2 0.475781 0.460938 0.014063 0.027344
2 0.466406 0.463867 0.017188 0.029297
2 0.449219 0.465820 0.029687 0.037109
2 0.444531 0.467773 0.023438 0.037109
2 0.417187 0.468750 0.046875 0.050781
2 0.371094 0.479492 0.064062 0.072266
2 0.330469 0.493164 0.095312 0.076172
2 0.217188 0.514648 0.143750 0.103516
2 0.064844 0.562500 0.129688 0.199219
2 0.657813 0.452148 0.034375 0.021484
