1 0.964844 0.648438 0.067187 0.136719
1 0.604688 0.555664 0.187500 0.142578
1 0.220312 0.531250 0.059375 0.136719
1 0.196094 0.521484 0.032813 0.105469
1 0.264062 0.512695 0.034375 0.076172
1 0.304688 0.499023 0.028125 0.052734
2 0.542188 0.480469 0.062500 0.078125
2 0.507812 0.481445 0.021875 0.052734
2 0.498437 0.477539 0.018750 0.044922
2 0.487500 0.479492 0.012500 0.033203
2 0.406250 0.472656 0.028125 0.031250
2 0.374219 0.475586 0.042188 0.037109
2 0.338281 0.472656 0.026562 0.035156
2 0.322656 0.475586 0.014063 0.037109
2 0.042188 0.505859 0.084375 0.121094
2 0.168750 0.481445 0.059375 0.083984
0 0.600000 0.506836 0.100000 0.208984
0 0.221875 0.487305 0.056250 0.158203
0 0.196094 0.481445 0.032813 0.115234
0 0.264062 0.486328 0.034375 0.105469
0 0.304688 0.471680 0.028125 0.080078
9 0.615625 0.332031 0.009375 0.039062
