9 0.027344 0.426758 0.023438 0.068359
9 0.715625 0.458008 0.018750 0.052734
9 0.639844 0.546875 0.007812 0.031250
9 0.101562 0.498047 0.012500 0.039062
9 0.510938 0.509766 0.006250 0.023438
11 0.028906 0.488281 0.039062 0.046875
11 0.728125 0.397461 0.037500 0.064453
11 0.731250 0.507812 0.034375 0.042969
0 0.506250 0.573242 0.009375 0.029297
0 0.553125 0.579102 0.012500 0.041016
0 0.564844 0.577148 0.010937 0.041016
0 0.942187 0.641602 0.046875 0.169922
0 0.983594 0.659180 0.029687 0.185547
0 0.140625 0.575195 0.012500 0.021484
0 0.065625 0.576172 0.015625 0.019531
0 0.118750 0.573242 0.021875 0.025391
2 0.099219 0.708984 0.198437 0.246094
2 0.217188 0.627930 0.125000 0.126953
2 0.275781 0.592773 0.035937 0.044922
2 0.296094 0.585938 0.017188 0.023438
2 0.310937 0.584961 0.015625 0.021484
2 0.375781 0.602539 0.067187 0.068359
2 0.477344 0.656250 0.142187 0.144531
2 0.402344 0.574219 0.023438 0.031250
2 0.826562 0.587891 0.037500 0.050781
2 0.321094 0.581055 0.014063 0.017578
2 0.333594 0.575195 0.014063 0.017578
2 0.426563 0.578125 0.012500 0.011719
