5 0.391406 0.426758 0.060937 0.076172
11 0.692187 0.369141 0.012500 0.023438
9 0.792969 0.352539 0.020313 0.025391
9 0.789062 0.268555 0.021875 0.076172
11 0.780469 0.328125 0.048438 0.023438
11 0.568750 0.399414 0.012500 0.013672
11 0.569531 0.411133 0.010937 0.009766
0 0.142969 0.472656 0.076563 0.152344
1 0.010937 0.513672 0.021875 0.050781
2 0.280469 0.471680 0.101562 0.087891
2 0.342969 0.460938 0.054688 0.070312
2 0.446094 0.443359 0.010937 0.011719
2 0.467187 0.444336 0.021875 0.021484
2 0.491406 0.445312 0.010937 0.011719
2 0.501563 0.445312 0.009375 0.023438
2 0.514844 0.447266 0.014063 0.031250
2 0.532813 0.450195 0.031250 0.041016
2 0.542188 0.455078 0.018750 0.039062
2 0.575781 0.451172 0.054688 0.070312
2 0.617188 0.463867 0.084375 0.083984
