9 0.843750 0.410156 0.015625 0.019531
9 0.852344 0.367188 0.010937 0.042969
9 0.802344 0.366211 0.014063 0.041016
9 0.593750 0.390625 0.009375 0.031250
9 0.182031 0.392578 0.010937 0.035156
11 0.589063 0.424805 0.015625 0.025391
0 0.978906 0.500977 0.039062 0.154297
0 0.856250 0.463867 0.021875 0.072266
0 0.821094 0.478516 0.029687 0.089844
0 0.065625 0.481445 0.028125 0.064453
1 0.263281 0.499023 0.023438 0.044922
2 0.451562 0.492188 0.175000 0.191406
2 0.332031 0.485352 0.060937 0.064453
0 0.261719 0.474609 0.017188 0.062500
