11 0.428125 0.406250 0.009375 0.011719
0 0.533594 0.460938 0.017188 0.054688
1 0.451562 0.465820 0.018750 0.037109
1 0.477344 0.438477 0.007812 0.009766
1 0.909375 0.475586 0.071875 0.041016
1 0.892969 0.472656 0.067187 0.035156
2 0.044531 0.649414 0.089063 0.361328
2 0.082031 0.478516 0.142187 0.089844
2 0.164062 0.462891 0.071875 0.046875
2 0.173437 0.548828 0.178125 0.144531
2 0.319531 0.492188 0.076563 0.078125
2 0.364844 0.468750 0.048438 0.054688
2 0.385156 0.466797 0.029687 0.050781
2 0.395313 0.454102 0.046875 0.056641
2 0.422656 0.448242 0.020313 0.037109
2 0.433594 0.445312 0.014063 0.031250
2 0.465625 0.434570 0.015625 0.021484
2 0.510156 0.441406 0.020313 0.027344
2 0.551562 0.465820 0.034375 0.041016
2 0.579688 0.468750 0.031250 0.058594
2 0.581250 0.473633 0.021875 0.060547
2 0.629687 0.477539 0.093750 0.103516
2 0.721094 0.526367 0.151562 0.150391
2 0.790625 0.604492 0.212500 0.197266
2 0.892188 0.752930 0.212500 0.388672
2 0.548438 0.437500 0.028125 0.019531
0 0.450781 0.449219 0.017188 0.058594
0 0.477344 0.432617 0.004687 0.017578
0 0.499219 0.445312 0.017188 0.050781
78 0.499219 0.476562 0.007812 0.011719
0 0.059375 0.430664 0.006250 0.013672
0 0.066406 0.430664 0.007812 0.013672
