9 0.132812 0.332031 0.012500 0.054688
9 0.467187 0.181641 0.015625 0.058594
9 0.667188 0.323242 0.015625 0.056641
0 0.964063 0.480469 0.028125 0.101562
0 0.931250 0.481445 0.021875 0.095703
0 0.890625 0.443359 0.018750 0.031250
0 0.241406 0.447266 0.014063 0.039062
0 0.073438 0.457031 0.025000 0.042969
0 0.063281 0.505859 0.035937 0.101562
0 0.788281 0.484375 0.026562 0.113281
0 0.336719 0.444336 0.007812 0.037109
1 0.192969 0.475586 0.039062 0.041016
1 0.169531 0.482422 0.039062 0.046875
1 0.733594 0.480469 0.023438 0.058594
1 0.693750 0.484375 0.021875 0.050781
1 0.707031 0.482422 0.023438 0.050781
1 0.619531 0.459961 0.017188 0.041016
2 0.082812 0.452148 0.075000 0.037109
2 0.572656 0.471680 0.060937 0.064453
2 0.544531 0.455078 0.035937 0.046875
2 0.525781 0.448242 0.023438 0.037109
2 0.503906 0.434570 0.026562 0.025391
2 0.446875 0.429688 0.012500 0.011719
2 0.433594 0.430664 0.017188 0.017578
11 0.796094 0.362305 0.042188 0.013672
11 0.792188 0.348633 0.015625 0.017578
