9 0.685937 0.284180 0.043750 0.048828
9 0.736719 0.379883 0.010937 0.017578
9 0.729688 0.326172 0.009375 0.035156
9 0.561719 0.350586 0.010937 0.041016
9 0.559375 0.389648 0.012500 0.013672
9 0.091406 0.369141 0.014063 0.042969
11 0.682031 0.176758 0.039062 0.083984
11 0.772656 0.367188 0.026562 0.007812
11 0.696875 0.237305 0.028125 0.041016
0 0.642969 0.468750 0.051562 0.222656
0 0.436719 0.491211 0.085938 0.185547
0 0.860156 0.461914 0.035937 0.197266
0 0.669531 0.472656 0.042188 0.195312
0 0.689063 0.442383 0.040625 0.134766
0 0.285156 0.461914 0.010937 0.044922
2 0.845313 0.458008 0.050000 0.068359
2 0.379688 0.458008 0.034375 0.037109
2 0.501563 0.459961 0.040625 0.041016
2 0.245312 0.469727 0.059375 0.052734
10 0.550000 0.466797 0.009375 0.039062
