9 0.750781 0.439453 0.014063 0.031250
9 0.635938 0.330078 0.025000 0.078125
9 0.239063 0.406250 0.012500 0.039062
11 0.784375 0.439453 0.034375 0.019531
11 0.784375 0.458984 0.034375 0.019531
11 0.468750 0.474609 0.015625 0.019531
11 0.607031 0.339844 0.014063 0.015625
11 0.603125 0.354492 0.028125 0.021484
11 0.602344 0.373047 0.026562 0.019531
11 0.603125 0.403320 0.028125 0.044922
11 0.603906 0.435547 0.023438 0.015625
11 0.123438 0.419922 0.034375 0.027344
0 0.007031 0.490234 0.014063 0.058594
0 0.082031 0.497070 0.020313 0.076172
0 0.066406 0.509766 0.026562 0.097656
0 0.195312 0.540039 0.037500 0.150391
7 0.412500 0.471680 0.084375 0.080078
3 0.035156 0.513672 0.051562 0.062500
2 0.678125 0.505859 0.140625 0.078125
2 0.603125 0.503906 0.062500 0.062500
2 0.513281 0.506836 0.104688 0.056641
2 0.372656 0.507812 0.120313 0.058594
2 0.478906 0.545898 0.135937 0.080078
2 0.425781 0.705078 0.329688 0.335938
2 0.947656 0.496094 0.048438 0.062500
0 0.048438 0.497070 0.021875 0.060547
0 0.503125 0.491211 0.012500 0.017578
