9 0.890625 0.376953 0.021875 0.035156
9 0.927344 0.375977 0.017188 0.029297
9 0.633594 0.371094 0.010937 0.039062
9 0.636719 0.416016 0.014063 0.015625
9 0.232813 0.380859 0.012500 0.042969
9 0.146875 0.375000 0.012500 0.039062
9 0.144531 0.424805 0.007812 0.017578
11 0.579688 0.412109 0.012500 0.023438
11 0.302344 0.418945 0.007812 0.013672
11 0.248438 0.337891 0.050000 0.015625
11 0.233594 0.410156 0.026562 0.011719
11 0.107813 0.393555 0.034375 0.009766
2 0.927344 0.473633 0.126562 0.068359
2 0.437500 0.525391 0.253125 0.292969
2 0.316406 0.488281 0.064062 0.078125
