9 0.160156 0.262695 0.017188 0.076172
9 0.151562 0.354492 0.021875 0.033203
9 0.914844 0.374023 0.023438 0.029297
9 0.906250 0.282227 0.021875 0.080078
11 0.307812 0.355469 0.009375 0.019531
11 0.935937 0.348633 0.065625 0.021484
11 0.760156 0.373047 0.023438 0.023438
0 0.556250 0.504883 0.065625 0.134766
2 0.066406 0.618164 0.132812 0.248047
2 0.329688 0.467773 0.087500 0.091797
2 0.371875 0.457031 0.037500 0.074219
2 0.407813 0.434570 0.034375 0.033203
2 0.428125 0.433594 0.012500 0.031250
2 0.601562 0.454102 0.056250 0.048828
2 0.567969 0.443359 0.026562 0.031250
2 0.560156 0.431641 0.042188 0.050781
2 0.535937 0.436523 0.018750 0.033203
2 0.519531 0.435547 0.014063 0.023438
78 0.503906 0.531250 0.057813 0.085938
