11 0.835938 0.468750 0.025000 0.046875
11 0.755469 0.478516 0.035937 0.105469
0 0.710156 0.523438 0.070312 0.285156
0 0.052344 0.506836 0.060937 0.201172
78 0.072656 0.457031 0.145313 0.144531
2 0.972656 0.533203 0.051562 0.226562
2 0.922656 0.468750 0.132812 0.085938
2 0.053906 0.500977 0.107813 0.150391
2 0.167969 0.474609 0.060937 0.058594
2 0.258594 0.469727 0.032813 0.029297
78 0.660156 0.453125 0.404687 0.187500
78 0.435937 0.485352 0.156250 0.083984
78 0.371875 0.479492 0.096875 0.072266
78 0.321094 0.472656 0.092188 0.058594
