9 0.545312 0.501953 0.003125 0.011719
9 0.528906 0.480469 0.004687 0.015625
11 0.021875 0.488281 0.028125 0.039062
11 0.020313 0.513672 0.021875 0.011719
0 0.041406 0.574219 0.029687 0.078125
0 0.796094 0.554688 0.010937 0.031250
0 0.620313 0.552734 0.009375 0.031250
0 0.630469 0.548828 0.007812 0.023438
0 0.646094 0.543945 0.007812 0.017578
0 0.605469 0.544922 0.007812 0.019531
3 0.417969 0.592773 0.020313 0.037109
3 0.519531 0.615234 0.032813 0.066406
2 0.785937 0.620117 0.143750 0.107422
2 0.490625 0.549805 0.009375 0.009766
2 0.472656 0.549805 0.010937 0.009766
2 0.346094 0.616211 0.126562 0.115234
2 0.432812 0.554688 0.009375 0.011719
0 0.417187 0.580078 0.018750 0.050781
0 0.518750 0.585938 0.031250 0.054688
