9 0.688281 0.486328 0.014063 0.019531
9 0.558594 0.458984 0.014063 0.039062
9 0.303125 0.460938 0.012500 0.039062
9 0.309375 0.510742 0.009375 0.013672
11 0.831250 0.508789 0.037500 0.044922
11 0.528906 0.526367 0.014063 0.017578
0 0.918750 0.580078 0.015625 0.050781
0 0.851562 0.583984 0.018750 0.066406
0 0.871094 0.583984 0.017188 0.062500
0 0.751563 0.583008 0.015625 0.064453
0 0.773438 0.584961 0.018750 0.060547
0 0.653906 0.564453 0.014063 0.039062
0 0.634375 0.558594 0.009375 0.023438
0 0.680469 0.564453 0.007812 0.039062
0 0.536719 0.576172 0.010937 0.031250
0 0.543750 0.572266 0.012500 0.035156
0 0.404687 0.572266 0.015625 0.039062
0 0.337500 0.552734 0.012500 0.023438
0 0.325000 0.567383 0.012500 0.052734
0 0.281250 0.573242 0.018750 0.033203
0 0.257031 0.572266 0.014063 0.035156
0 0.672656 0.567383 0.010937 0.041016
2 0.518750 0.563477 0.015625 0.017578
2 0.466406 0.555664 0.067187 0.021484
2 0.464062 0.624023 0.125000 0.123047
2 0.364844 0.591797 0.076563 0.078125
2 0.171094 0.613281 0.120313 0.113281
2 0.081250 0.642578 0.162500 0.148438
