9 0.112500 0.299805 0.018750 0.060547
9 0.110156 0.372070 0.017188 0.029297
9 0.467187 0.155273 0.015625 0.064453
9 0.675781 0.314453 0.017188 0.058594
9 0.674219 0.383789 0.017188 0.029297
11 0.810156 0.352539 0.048438 0.017578
11 0.810156 0.333984 0.020313 0.019531
0 0.843750 0.451172 0.021875 0.031250
0 0.985156 0.452148 0.020313 0.044922
0 0.696875 0.488281 0.056250 0.125000
0 0.726562 0.483398 0.050000 0.119141
0 0.607812 0.463867 0.018750 0.064453
0 0.444531 0.449219 0.010937 0.035156
0 0.434375 0.445312 0.009375 0.023438
0 0.503906 0.446289 0.007812 0.017578
0 0.080469 0.438477 0.020313 0.025391
0 0.064062 0.439453 0.018750 0.023438
0 0.039844 0.448242 0.023438 0.044922
2 0.398438 0.465820 0.081250 0.056641
2 0.473438 0.443359 0.015625 0.019531
2 0.578125 0.477539 0.065625 0.060547
2 0.550000 0.471680 0.021875 0.048828
2 0.540625 0.466797 0.025000 0.046875
2 0.535156 0.462891 0.023438 0.039062
2 0.532031 0.456055 0.029687 0.041016
2 0.515625 0.451172 0.015625 0.023438
