11 0.728906 0.512695 0.032813 0.021484
0 0.053906 0.507812 0.014063 0.050781
2 0.795312 0.441406 0.100000 0.050781
2 0.537500 0.450195 0.018750 0.021484
2 0.517969 0.441406 0.010937 0.011719
2 0.507812 0.439453 0.009375 0.011719
2 0.492969 0.430664 0.010937 0.009766
2 0.467969 0.443359 0.014063 0.015625
2 0.394531 0.437500 0.010937 0.007812
2 0.382031 0.436523 0.010937 0.009766
2 0.349219 0.469727 0.032813 0.033203
2 0.177344 0.481445 0.064062 0.037109
2 0.446094 0.431641 0.010937 0.011719
2 0.530469 0.439453 0.014063 0.015625
2 0.253125 0.467773 0.037500 0.025391
