11 0.140625 0.419922 0.125000 0.171875
0 0.563281 0.487305 0.035937 0.119141
2 0.051562 0.541992 0.103125 0.255859
2 0.225781 0.503906 0.135937 0.136719
2 0.303906 0.494141 0.057813 0.101562
2 0.341406 0.500000 0.026562 0.062500
7 0.349219 0.470703 0.073438 0.101562
2 0.396094 0.483398 0.020313 0.044922
2 0.413281 0.478516 0.023438 0.035156
2 0.479687 0.487305 0.043750 0.048828
2 0.556250 0.483398 0.078125 0.115234
2 0.651563 0.524414 0.140625 0.138672
2 0.772656 0.528320 0.123438 0.115234
2 0.904687 0.563477 0.187500 0.248047
