11 0.742969 0.400391 0.029687 0.046875
11 0.740625 0.334961 0.062500 0.080078
11 0.560156 0.496094 0.020313 0.031250
11 0.524219 0.538086 0.014063 0.021484
11 0.522656 0.518555 0.010937 0.013672
11 0.340625 0.540039 0.009375 0.013672
11 0.339062 0.527344 0.009375 0.007812
0 0.762500 0.519531 0.034375 0.101562
0 0.664844 0.545898 0.020313 0.056641
0 0.647656 0.551758 0.017188 0.044922
0 0.633594 0.545898 0.020313 0.048828
0 0.621094 0.551758 0.017188 0.044922
2 0.488281 0.577148 0.023438 0.017578
2 0.402344 0.577148 0.026562 0.017578
2 0.486719 0.570312 0.023438 0.019531
2 0.468750 0.559570 0.012500 0.013672
2 0.396094 0.565430 0.014063 0.013672
