0 0.399219 0.473633 0.020313 0.076172
0 0.760938 0.493164 0.025000 0.103516
1 0.503906 0.465820 0.010937 0.029297
2 0.257812 0.517578 0.093750 0.093750
2 0.304688 0.500000 0.053125 0.070312
2 0.327344 0.488281 0.054688 0.062500
2 0.377344 0.472656 0.032813 0.066406
2 0.448437 0.464844 0.043750 0.046875
2 0.610938 0.497070 0.100000 0.103516
2 0.869531 0.724609 0.257812 0.351562
0 0.503906 0.455078 0.010937 0.039062
0 0.768750 0.426758 0.006250 0.021484
0 0.775781 0.426758 0.007812 0.021484
17 0.791406 0.537109 0.020313 0.027344
