9 0.978906 0.361328 0.026562 0.035156
9 0.931250 0.360352 0.018750 0.037109
9 0.642188 0.365234 0.012500 0.039062
9 0.644531 0.410156 0.014063 0.015625
9 0.218750 0.377930 0.015625 0.048828
9 0.125781 0.371094 0.014063 0.042969
9 0.123438 0.423828 0.012500 0.023438
11 0.582031 0.409180 0.010937 0.021484
11 0.294531 0.417969 0.007812 0.015625
11 0.235156 0.333008 0.051562 0.017578
11 0.219531 0.408203 0.026562 0.011719
11 0.085156 0.391602 0.035937 0.013672
2 0.932813 0.471680 0.131250 0.076172
2 0.444531 0.519531 0.229687 0.269531
2 0.334375 0.483398 0.046875 0.068359
2 0.301563 0.484375 0.040625 0.062500
