9 0.033594 0.364258 0.017188 0.060547
9 0.037500 0.423828 0.018750 0.019531
9 0.704688 0.369141 0.021875 0.062500
9 0.697656 0.433594 0.020313 0.023438
9 0.387500 0.449219 0.006250 0.019531
9 0.585938 0.455078 0.006250 0.015625
11 0.035156 0.404297 0.039062 0.019531
11 0.704688 0.411133 0.043750 0.021484
0 0.230469 0.487305 0.007812 0.044922
0 0.289844 0.482422 0.007812 0.035156
0 0.335156 0.482422 0.007812 0.015625
0 0.389844 0.478516 0.007812 0.019531
0 0.394531 0.481445 0.010937 0.029297
0 0.413281 0.487305 0.007812 0.021484
0 0.421094 0.489258 0.007812 0.021484
0 0.432812 0.486328 0.006250 0.011719
0 0.632812 0.494141 0.006250 0.015625
0 0.641406 0.489258 0.007812 0.021484
0 0.650781 0.492188 0.007812 0.019531
0 0.668750 0.489258 0.012500 0.021484
0 0.937500 0.521484 0.031250 0.082031
0 0.932813 0.513672 0.021875 0.089844
0 0.360156 0.530273 0.045312 0.111328
0 0.373437 0.524414 0.040625 0.123047
1 0.153906 0.514648 0.023438 0.033203
2 0.531250 0.491211 0.012500 0.017578
2 0.523438 0.496094 0.018750 0.023438
2 0.507031 0.498047 0.023438 0.031250
2 0.557813 0.500000 0.028125 0.031250
