5 0.456250 0.439453 0.015625 0.023438
9 0.110937 0.383789 0.018750 0.021484
9 0.114844 0.321289 0.017188 0.052734
9 0.697656 0.380859 0.020313 0.023438
9 0.696094 0.317383 0.014063 0.052734
9 0.857812 0.296875 0.018750 0.058594
9 0.869531 0.365234 0.017188 0.031250
11 0.117969 0.363281 0.032813 0.015625
11 0.558594 0.416992 0.010937 0.009766
11 0.558594 0.404297 0.010937 0.015625
11 0.643750 0.383789 0.009375 0.017578
11 0.691406 0.359375 0.035937 0.015625
11 0.915625 0.344727 0.050000 0.013672
0 0.659375 0.449219 0.021875 0.062500
2 0.238281 0.487305 0.276562 0.099609
2 0.283594 0.451172 0.042188 0.035156
2 0.332031 0.456055 0.067187 0.041016
2 0.420312 0.447266 0.015625 0.015625
2 0.444531 0.446289 0.014063 0.013672
2 0.478906 0.444336 0.014063 0.013672
2 0.492188 0.442383 0.012500 0.017578
2 0.503906 0.445312 0.014063 0.023438
2 0.511719 0.448242 0.017188 0.025391
2 0.525781 0.450195 0.026562 0.033203
2 0.534375 0.454102 0.015625 0.037109
2 0.554688 0.450195 0.040625 0.056641
2 0.586719 0.459961 0.064062 0.064453
2 0.839063 0.555664 0.318750 0.302734
