5 0.503906 0.567383 0.057813 0.056641
9 0.712500 0.390625 0.025000 0.093750
9 0.291406 0.514648 0.010937 0.025391
9 0.037500 0.459961 0.009375 0.033203
9 0.914844 0.552734 0.010937 0.039062
11 0.917969 0.300781 0.051562 0.066406
11 0.900781 0.399414 0.017188 0.044922
11 0.403906 0.513672 0.014063 0.019531
11 0.403906 0.532227 0.010937 0.017578
11 0.333594 0.513672 0.039062 0.011719
11 0.746094 0.478516 0.032813 0.007812
11 0.745313 0.488281 0.034375 0.007812
11 0.744531 0.500000 0.032813 0.007812
11 0.745313 0.512695 0.031250 0.009766
11 0.775000 0.493164 0.018750 0.021484
11 0.775000 0.509766 0.018750 0.011719
0 0.147656 0.575195 0.010937 0.025391
0 0.160938 0.573242 0.015625 0.021484
0 0.299219 0.574219 0.010937 0.027344
0 0.283594 0.578125 0.010937 0.019531
0 0.272656 0.581055 0.007812 0.013672
0 0.320312 0.583008 0.009375 0.029297
0 0.455469 0.580078 0.007812 0.031250
0 0.637500 0.592773 0.025000 0.052734
0 0.633594 0.583984 0.020313 0.066406
0 0.885938 0.611328 0.043750 0.132812
0 0.839844 0.618164 0.032813 0.146484
0 0.724219 0.691406 0.070312 0.312500
0 0.775781 0.682617 0.051562 0.263672
0 0.807031 0.685547 0.051562 0.250000
2 0.068750 0.641602 0.137500 0.138672
2 0.045312 0.817383 0.090625 0.302734
2 0.206250 0.669922 0.246875 0.183594
2 0.360156 0.597656 0.060937 0.074219
2 0.394531 0.598633 0.095312 0.060547
2 0.444531 0.773438 0.332813 0.355469
