9 0.380469 0.402344 0.007812 0.023438
9 0.689844 0.400391 0.007812 0.023438
9 0.860938 0.384766 0.021875 0.070312
11 0.382031 0.428711 0.014063 0.017578
11 0.688281 0.425781 0.010937 0.019531
0 0.021875 0.513672 0.040625 0.113281
0 0.814063 0.471680 0.021875 0.056641
0 0.891406 0.463867 0.014063 0.044922
0 0.908594 0.461914 0.010937 0.048828
0 0.420312 0.461914 0.012500 0.033203
0 0.683594 0.460938 0.007812 0.015625
0 0.627344 0.449219 0.007812 0.023438
0 0.622656 0.449219 0.004687 0.019531
1 0.765625 0.502930 0.025000 0.052734
2 0.528125 0.476562 0.043750 0.039062
2 0.543750 0.470703 0.031250 0.035156
2 0.495312 0.459961 0.031250 0.029297
2 0.507031 0.454102 0.017188 0.021484
2 0.635938 0.450195 0.009375 0.017578
2 0.610938 0.445312 0.012500 0.011719
2 0.599219 0.443359 0.007812 0.007812
2 0.585156 0.444336 0.007812 0.005859
0 0.768750 0.480469 0.025000 0.070312
9 0.252344 0.366211 0.023438 0.060547
