5 0.055469 0.526367 0.110937 0.123047
5 0.662500 0.463867 0.078125 0.083984
9 0.855469 0.408203 0.017188 0.050781
11 0.120313 0.488281 0.015625 0.023438
0 0.271875 0.531250 0.031250 0.082031
0 0.304688 0.530273 0.021875 0.072266
0 0.345313 0.522461 0.037500 0.076172
0 0.371094 0.519531 0.029687 0.082031
0 0.399219 0.521484 0.032813 0.074219
0 0.435156 0.525391 0.035937 0.062500
0 0.485156 0.532227 0.039062 0.064453
0 0.510156 0.537109 0.032813 0.121094
0 0.433594 0.487305 0.020313 0.021484
0 0.451562 0.500977 0.021875 0.044922
0 0.486719 0.491211 0.014063 0.029297
0 0.474219 0.488281 0.010937 0.027344
0 0.463281 0.487305 0.010937 0.025391
0 0.657031 0.496094 0.026562 0.058594
0 0.673438 0.497070 0.018750 0.064453
0 0.689844 0.497070 0.014063 0.056641
0 0.718750 0.566406 0.046875 0.167969
2 0.204687 0.547852 0.096875 0.091797
2 0.136719 0.532227 0.057813 0.060547
2 0.822656 0.492188 0.085938 0.070312
2 0.764844 0.491211 0.045312 0.060547
2 0.542969 0.487305 0.029687 0.025391
2 0.865625 0.692383 0.265625 0.462891
2 0.349219 0.777344 0.448437 0.441406
