5 0.432812 0.371094 0.031250 0.015625
5 0.468750 0.397461 0.021875 0.021484
0 0.039062 0.502930 0.078125 0.318359
0 0.189062 0.423828 0.031250 0.089844
0 0.224219 0.395508 0.017188 0.037109
0 0.277344 0.388672 0.014063 0.023438
0 0.316406 0.393555 0.017188 0.021484
0 0.338281 0.400391 0.007812 0.015625
0 0.802344 0.429688 0.017188 0.050781
7 0.551562 0.398438 0.137500 0.218750
7 0.491406 0.387695 0.023438 0.119141
7 0.433594 0.405273 0.042188 0.056641
2 0.314063 0.461914 0.250000 0.130859
2 0.637500 0.439453 0.053125 0.070312
2 0.474219 0.419922 0.017188 0.031250
2 0.460156 0.412109 0.014063 0.023438
