0 0.160938 0.458984 0.021875 0.062500
0 0.292187 0.453125 0.012500 0.046875
0 0.885156 0.452148 0.045312 0.083984
0 0.863281 0.445312 0.026562 0.070312
1 0.177344 0.475586 0.020313 0.044922
1 0.348438 0.561523 0.031250 0.130859
1 0.439063 0.536133 0.053125 0.134766
1 0.479687 0.511719 0.031250 0.082031
1 0.540625 0.470703 0.015625 0.042969
1 0.589844 0.530273 0.051562 0.126953
1 0.711719 0.637695 0.110937 0.275391
1 0.838281 0.540039 0.082812 0.173828
2 0.255469 0.475586 0.076563 0.068359
2 0.120313 0.454102 0.068750 0.048828
0 0.725781 0.516602 0.117188 0.431641
0 0.346875 0.489258 0.065625 0.208984
0 0.445312 0.477539 0.065625 0.185547
0 0.482812 0.477539 0.037500 0.142578
0 0.594531 0.470703 0.064062 0.207031
