11 0.060156 0.350586 0.026562 0.029297
11 0.488281 0.341797 0.032813 0.054688
11 0.725000 0.485352 0.009375 0.017578
0 0.387500 0.477539 0.015625 0.060547
0 0.667969 0.474609 0.007812 0.031250
1 0.435937 0.500000 0.021875 0.046875
2 0.532813 0.479492 0.075000 0.041016
2 0.575000 0.477539 0.034375 0.041016
2 0.599219 0.475586 0.035937 0.041016
2 0.636719 0.479492 0.048438 0.044922
2 0.742969 0.479492 0.107813 0.056641
2 0.887500 0.491211 0.115625 0.103516
2 0.967187 0.478516 0.053125 0.050781
0 0.435937 0.478516 0.028125 0.062500
78 0.640625 0.465820 0.084375 0.048828
11 0.480469 0.492188 0.010937 0.023438
