9 0.348438 0.438477 0.006250 0.017578
9 0.564063 0.445312 0.006250 0.019531
11 0.349219 0.455078 0.010937 0.011719
11 0.561719 0.461914 0.007812 0.013672
0 0.100781 0.472656 0.010937 0.039062
0 0.246875 0.485352 0.015625 0.041016
0 0.320312 0.482422 0.009375 0.027344
0 0.373437 0.477539 0.003125 0.009766
0 0.378125 0.479492 0.003125 0.009766
0 0.385937 0.479492 0.003125 0.005859
0 0.862500 0.489258 0.015625 0.033203
0 0.846875 0.501953 0.018750 0.062500
0 0.739062 0.486328 0.006250 0.023438
0 0.762500 0.485352 0.015625 0.033203
0 0.724219 0.490234 0.007812 0.015625
0 0.628125 0.497070 0.006250 0.013672
0 0.584375 0.485352 0.003125 0.009766
2 0.500000 0.487305 0.009375 0.013672
2 0.492188 0.490234 0.015625 0.019531
2 0.447656 0.491211 0.020313 0.021484
2 0.899219 0.600586 0.198437 0.263672
