11 0.138281 0.407227 0.010937 0.017578
11 0.137500 0.382812 0.015625 0.019531
11 0.189062 0.414062 0.009375 0.011719
11 0.189062 0.393555 0.012500 0.017578
11 0.463281 0.429688 0.004687 0.011719
0 0.414844 0.462891 0.017188 0.042969
0 0.382031 0.460938 0.007812 0.027344
0 0.396094 0.457031 0.010937 0.023438
0 0.353906 0.457031 0.010937 0.031250
0 0.371875 0.457031 0.006250 0.023438
0 0.644531 0.468750 0.026562 0.085938
1 0.279687 0.492188 0.015625 0.035156
1 0.768750 0.532227 0.078125 0.150391
1 0.813281 0.525391 0.057813 0.144531
1 0.850000 0.528320 0.065625 0.138672
1 0.900781 0.532227 0.092188 0.154297
2 0.061719 0.494141 0.123438 0.105469
2 0.212500 0.477539 0.075000 0.060547
2 0.258594 0.473633 0.035937 0.048828
2 0.295312 0.467773 0.021875 0.044922
2 0.316406 0.467773 0.026562 0.033203
2 0.332031 0.461914 0.026562 0.033203
0 0.279687 0.471680 0.015625 0.064453
