0 0.450000 0.464844 0.012500 0.042969
0 0.429688 0.463867 0.009375 0.044922
0 0.435156 0.466797 0.007812 0.039062
0 0.439844 0.458984 0.014063 0.050781
0 0.574219 0.467773 0.017188 0.060547
0 0.735938 0.452148 0.018750 0.033203
1 0.489063 0.463867 0.012500 0.021484
2 0.012500 0.480469 0.025000 0.089844
2 0.217188 0.500977 0.165625 0.134766
2 0.302344 0.463867 0.060937 0.041016
2 0.360938 0.480469 0.075000 0.066406
2 0.792969 0.545898 0.214062 0.212891
2 0.680469 0.523438 0.089063 0.121094
2 0.670312 0.496094 0.096875 0.109375
2 0.618750 0.484375 0.043750 0.058594
2 0.612500 0.476562 0.050000 0.058594
2 0.589063 0.471680 0.021875 0.044922
2 0.573438 0.456055 0.021875 0.029297
2 0.564063 0.455078 0.012500 0.023438
2 0.560937 0.452148 0.012500 0.021484
2 0.557031 0.451172 0.010937 0.019531
2 0.533594 0.451172 0.017188 0.019531
2 0.550781 0.446289 0.007812 0.013672
2 0.467969 0.447266 0.017188 0.015625
2 0.504687 0.447266 0.012500 0.011719
2 0.512500 0.445312 0.006250 0.007812
2 0.518750 0.443359 0.006250 0.007812
0 0.489063 0.455078 0.012500 0.031250
