11 0.740625 0.480469 0.015625 0.027344
0 0.703125 0.544922 0.009375 0.039062
0 0.635156 0.549805 0.007812 0.037109
0 0.641406 0.550781 0.007812 0.039062
0 0.910937 0.559570 0.009375 0.044922
0 0.929688 0.560547 0.015625 0.050781
0 0.774219 0.537109 0.007812 0.023438
0 0.810937 0.537109 0.009375 0.019531
0 0.861719 0.537109 0.010937 0.019531
0 0.829688 0.539062 0.009375 0.015625
0 0.793750 0.537109 0.009375 0.019531
0 0.120313 0.548828 0.009375 0.035156
0 0.210156 0.549805 0.007812 0.029297
3 0.986719 0.702148 0.023438 0.123047
2 0.037500 0.563477 0.075000 0.056641
2 0.247656 0.555664 0.060937 0.048828
2 0.565625 0.549805 0.025000 0.029297
2 0.534375 0.556641 0.046875 0.046875
2 0.417187 0.696289 0.275000 0.310547
2 0.330469 0.560547 0.042188 0.035156
2 0.315625 0.546875 0.028125 0.031250
2 0.418750 0.535156 0.028125 0.015625
2 0.457031 0.534180 0.017188 0.013672
2 0.288281 0.551758 0.023438 0.029297
0 0.147656 0.556641 0.010937 0.031250
0 0.171875 0.552734 0.009375 0.027344
