11 0.206250 0.284180 0.053125 0.025391
11 0.206250 0.228516 0.050000 0.085938
11 0.419531 0.372070 0.010937 0.021484
11 0.621875 0.367188 0.015625 0.007812
11 0.621094 0.376953 0.010937 0.011719
11 0.535937 0.382812 0.009375 0.011719
11 0.521094 0.382812 0.010937 0.011719
11 0.393750 0.343750 0.012500 0.027344
0 0.303906 0.396484 0.014063 0.031250
0 0.392969 0.410156 0.014063 0.046875
0 0.407031 0.413086 0.014063 0.048828
0 0.703906 0.425781 0.014063 0.039062
2 0.015625 0.406250 0.031250 0.054688
2 0.065625 0.410156 0.128125 0.074219
2 0.435156 0.411133 0.045312 0.029297
2 0.503906 0.405273 0.014063 0.017578
2 0.515625 0.406250 0.021875 0.023438
2 0.553906 0.414062 0.026562 0.027344
2 0.581250 0.417969 0.031250 0.035156
2 0.624219 0.440430 0.076563 0.080078
2 0.489844 0.402344 0.014063 0.015625
2 0.465625 0.397461 0.015625 0.013672
0 0.113281 0.390625 0.026562 0.050781
