0 0.275781 0.494141 0.026562 0.101562
0 0.299219 0.492188 0.026562 0.105469
0 0.533594 0.455078 0.020313 0.054688
2 0.051562 0.537109 0.103125 0.207031
2 0.175781 0.477539 0.054688 0.068359
2 0.209375 0.505859 0.118750 0.101562
2 0.272656 0.478516 0.089063 0.105469
2 0.335938 0.470703 0.059375 0.074219
2 0.409375 0.483398 0.100000 0.076172
2 0.490625 0.467773 0.025000 0.021484
2 0.505469 0.468750 0.007812 0.015625
2 0.512500 0.468750 0.009375 0.015625
2 0.516406 0.465820 0.014063 0.017578
2 0.706250 0.477539 0.046875 0.060547
2 0.853125 0.672852 0.290625 0.513672
2 0.639062 0.494141 0.096875 0.125000
2 0.592969 0.459961 0.023438 0.033203
0 0.567187 0.497070 0.050000 0.130859
0 0.539844 0.489258 0.026562 0.091797
78 0.564063 0.563477 0.018750 0.013672
78 0.539062 0.532227 0.015625 0.009766
