9 0.917188 0.326172 0.012500 0.046875
9 0.896875 0.327148 0.015625 0.044922
9 0.017969 0.250977 0.020313 0.072266
11 0.714063 0.401367 0.009375 0.013672
11 0.416406 0.398438 0.010937 0.023438
1 0.886719 0.500977 0.045312 0.072266
7 0.575781 0.447266 0.026562 0.039062
2 0.139063 0.531250 0.278125 0.238281
2 0.216406 0.465820 0.389062 0.220703
2 0.453906 0.475586 0.089063 0.107422
2 0.689063 0.469727 0.068750 0.052734
2 0.653906 0.463867 0.032813 0.044922
2 0.630469 0.458984 0.029687 0.042969
2 0.592969 0.455078 0.026562 0.027344
2 0.532813 0.453125 0.021875 0.015625
0 0.886719 0.463867 0.032813 0.087891
