0 0.706250 0.456055 0.018750 0.064453
0 0.601562 0.496094 0.028125 0.082031
0 0.585938 0.489258 0.021875 0.080078
0 0.546094 0.494141 0.026562 0.070312
0 0.558594 0.488281 0.017188 0.066406
0 0.279687 0.485352 0.021875 0.103516
0 0.410156 0.473633 0.017188 0.064453
0 0.379688 0.475586 0.012500 0.048828
0 0.428906 0.471680 0.017188 0.048828
0 0.446875 0.475586 0.012500 0.048828
0 0.471094 0.473633 0.014063 0.056641
1 0.655469 0.523438 0.067187 0.109375
2 0.500000 0.473633 0.065625 0.041016
2 0.068750 0.483398 0.068750 0.052734
2 0.024219 0.477539 0.042188 0.044922
2 0.341406 0.471680 0.060937 0.068359
2 0.110156 0.474609 0.042188 0.039062
