0 0.419531 0.464844 0.014063 0.050781
0 0.685937 0.470703 0.018750 0.050781
0 0.753906 0.434570 0.004687 0.017578
0 0.985156 0.438477 0.007812 0.029297
0 0.979688 0.438477 0.006250 0.029297
1 0.497656 0.466797 0.014063 0.031250
2 0.310156 0.500977 0.067187 0.068359
2 0.341406 0.489258 0.042188 0.052734
2 0.353906 0.482422 0.045312 0.050781
2 0.375000 0.478516 0.025000 0.042969
2 0.394531 0.465820 0.035937 0.041016
2 0.424219 0.458008 0.023438 0.033203
2 0.438281 0.453125 0.014063 0.019531
2 0.456250 0.463867 0.034375 0.037109
2 0.714063 0.571289 0.175000 0.150391
2 0.580469 0.485352 0.076563 0.080078
2 0.543750 0.474609 0.025000 0.042969
2 0.532031 0.469727 0.017188 0.037109
2 0.536719 0.460938 0.042188 0.046875
2 0.512500 0.451172 0.012500 0.027344
2 0.485938 0.444336 0.018750 0.021484
2 0.866406 0.495117 0.107813 0.087891
2 0.930469 0.537109 0.135937 0.128906
0 0.497656 0.455078 0.014063 0.042969
10 0.039062 0.586914 0.028125 0.052734
