9 0.374219 0.466797 0.014063 0.039062
9 0.376563 0.557617 0.006250 0.017578
9 0.503125 0.504883 0.003125 0.013672
9 0.671875 0.443359 0.009375 0.035156
9 0.667188 0.523438 0.006250 0.019531
9 0.675781 0.492188 0.007812 0.011719
9 0.610938 0.516602 0.006250 0.021484
9 0.591406 0.500977 0.004687 0.013672
11 0.374219 0.505859 0.023438 0.031250
11 0.375781 0.536133 0.020313 0.009766
0 0.171094 0.558594 0.035937 0.042969
0 0.128906 0.563477 0.032813 0.044922
2 0.916406 0.811523 0.164062 0.373047
2 0.817969 0.671875 0.298438 0.289062
2 0.632031 0.634766 0.129688 0.132812
2 0.612500 0.584961 0.081250 0.048828
2 0.579688 0.587891 0.068750 0.082031
2 0.544531 0.577148 0.029687 0.056641
2 0.532031 0.566406 0.039062 0.050781
2 0.515625 0.558594 0.034375 0.039062
2 0.494531 0.557617 0.026562 0.037109
2 0.475781 0.534180 0.017188 0.013672
2 0.461719 0.544922 0.045312 0.023438
2 0.473438 0.583984 0.075000 0.054688
2 0.411719 0.706055 0.264062 0.298828
2 0.155469 0.688477 0.282813 0.220703
