1 0.389844 0.471680 0.010937 0.013672
2 0.786719 0.445312 0.026562 0.015625
2 0.466406 0.467773 0.010937 0.013672
2 0.449219 0.455078 0.004687 0.007812
2 0.444531 0.458008 0.004687 0.005859
2 0.426563 0.464844 0.006250 0.007812
2 0.413281 0.467773 0.007812 0.009766
2 0.400781 0.466797 0.010937 0.011719
2 0.385156 0.470703 0.004687 0.007812
2 0.367188 0.471680 0.018750 0.017578
2 0.351562 0.471680 0.015625 0.017578
2 0.319531 0.475586 0.017188 0.017578
2 0.275000 0.479492 0.028125 0.025391
2 0.469531 0.444336 0.004687 0.005859
0 0.389844 0.464844 0.010937 0.023438
10 0.619531 0.478516 0.010937 0.039062
