11 0.326562 0.405273 0.012500 0.017578
11 0.325781 0.418945 0.010937 0.005859
11 0.738281 0.355469 0.032813 0.039062
11 0.738281 0.382812 0.017188 0.011719
0 0.287500 0.458008 0.012500 0.044922
0 0.301563 0.461914 0.015625 0.052734
0 0.579688 0.524414 0.068750 0.150391
1 0.314844 0.472656 0.017188 0.027344
1 0.360156 0.483398 0.017188 0.037109
1 0.425781 0.563477 0.042188 0.115234
2 0.027344 0.653320 0.054688 0.212891
2 0.111719 0.591797 0.207813 0.191406
2 0.205469 0.540039 0.114062 0.130859
2 0.262500 0.518555 0.081250 0.103516
2 0.336719 0.451172 0.029687 0.035156
2 0.380469 0.463867 0.035937 0.041016
2 0.402344 0.460938 0.017188 0.035156
2 0.412500 0.458984 0.012500 0.023438
2 0.420312 0.452148 0.012500 0.021484
2 0.467187 0.458008 0.025000 0.029297
2 0.690625 0.534180 0.143750 0.111328
2 0.967187 0.792969 0.062500 0.195312
2 0.853125 0.645508 0.290625 0.224609
2 0.947656 0.489258 0.101562 0.087891
2 0.871094 0.478516 0.070312 0.058594
2 0.541406 0.470703 0.042188 0.042969
2 0.517188 0.461914 0.021875 0.044922
2 0.502344 0.460938 0.014063 0.035156
2 0.492969 0.457031 0.017188 0.027344
0 0.314844 0.459961 0.014063 0.048828
0 0.360156 0.467773 0.017188 0.048828
0 0.429688 0.524414 0.053125 0.162109
78 0.565625 0.604492 0.018750 0.021484
78 0.540625 0.445312 0.028125 0.023438
