9 0.051562 0.345703 0.015625 0.054688
9 0.362500 0.203125 0.015625 0.058594
9 0.571094 0.316406 0.017188 0.054688
9 0.671094 0.296875 0.017188 0.054688
9 0.688281 0.366211 0.020313 0.021484
9 0.812500 0.045898 0.021875 0.076172
9 0.908594 0.159180 0.029687 0.099609
9 0.759375 0.266602 0.025000 0.064453
9 0.757812 0.110352 0.056250 0.162109
11 0.589063 0.356445 0.043750 0.013672
11 0.979688 0.233398 0.037500 0.041016
0 0.855469 0.490234 0.054688 0.171875
0 0.886719 0.468750 0.039062 0.187500
0 0.778906 0.502930 0.054688 0.169922
0 0.776563 0.437500 0.040625 0.078125
0 0.661719 0.460938 0.023438 0.093750
0 0.591406 0.472656 0.032813 0.089844
2 0.947656 0.435547 0.101562 0.140625
2 0.282031 0.479492 0.073438 0.064453
2 0.326562 0.474609 0.015625 0.027344
2 0.342969 0.473633 0.017188 0.021484
2 0.356250 0.469727 0.018750 0.021484
2 0.370312 0.466797 0.012500 0.015625
2 0.392188 0.458984 0.015625 0.015625
2 0.403906 0.458008 0.010937 0.017578
2 0.427344 0.455078 0.007812 0.007812
2 0.453125 0.465820 0.028125 0.025391
2 0.444531 0.456055 0.014063 0.013672
2 0.439063 0.447266 0.006250 0.007812
