1 0.493750 0.480469 0.015625 0.031250
1 0.526563 0.485352 0.012500 0.029297
2 0.861719 0.571289 0.273438 0.224609
2 0.719531 0.521484 0.117188 0.109375
2 0.659375 0.498047 0.071875 0.078125
2 0.135937 0.517578 0.228125 0.199219
2 0.276562 0.510742 0.081250 0.111328
2 0.313281 0.495117 0.092188 0.103516
2 0.370312 0.486328 0.043750 0.066406
2 0.413281 0.465820 0.032813 0.033203
2 0.415625 0.443359 0.018750 0.011719
2 0.562500 0.472656 0.043750 0.046875
2 0.544531 0.466797 0.023438 0.042969
2 0.514062 0.463867 0.015625 0.025391
2 0.510156 0.457031 0.020313 0.031250
2 0.485156 0.454102 0.017188 0.017578
2 0.473438 0.451172 0.015625 0.015625
2 0.459375 0.448242 0.012500 0.013672
0 0.493750 0.468750 0.015625 0.042969
0 0.525781 0.471680 0.014063 0.041016
