9 0.339844 0.250000 0.020313 0.050781
9 0.664062 0.249023 0.018750 0.056641
9 0.648438 0.256836 0.012500 0.056641
9 0.374219 0.398438 0.004687 0.011719
9 0.414062 0.401367 0.003125 0.009766
0 0.410156 0.446289 0.004687 0.013672
1 0.617188 0.492188 0.090625 0.062500
2 0.104688 0.536133 0.209375 0.251953
2 0.187500 0.470703 0.043750 0.039062
2 0.498437 0.467773 0.025000 0.037109
2 0.277344 0.464844 0.020313 0.019531
2 0.283594 0.458984 0.020313 0.015625
2 0.330469 0.454102 0.017188 0.017578
2 0.372656 0.450195 0.014063 0.013672
2 0.420312 0.449219 0.012500 0.011719
2 0.234375 0.470703 0.050000 0.023438
