9 0.071875 0.452148 0.012500 0.048828
9 0.012500 0.465820 0.018750 0.048828
9 0.234375 0.500000 0.009375 0.031250
9 0.686719 0.362305 0.032813 0.103516
9 0.728125 0.364258 0.031250 0.099609
9 0.700000 0.495117 0.012500 0.041016
9 0.508594 0.533203 0.007812 0.023438
11 0.169531 0.516602 0.014063 0.025391
11 0.470313 0.522461 0.028125 0.009766
11 0.469531 0.533203 0.026562 0.011719
11 0.470313 0.546875 0.028125 0.011719
11 0.468750 0.557617 0.025000 0.009766
11 0.237500 0.534180 0.015625 0.017578
0 0.962500 0.590820 0.021875 0.056641
0 0.810156 0.583984 0.007812 0.019531
0 0.828125 0.597656 0.009375 0.035156
0 0.834375 0.594727 0.009375 0.037109
0 0.867188 0.590820 0.009375 0.041016
0 0.859375 0.591797 0.009375 0.042969
0 0.850000 0.593750 0.012500 0.046875
0 0.840625 0.595703 0.009375 0.042969
7 0.130469 0.552734 0.092188 0.046875
3 0.760156 0.741211 0.076563 0.185547
2 0.262500 0.648438 0.206250 0.156250
2 0.443750 0.601562 0.081250 0.078125
2 0.522656 0.616211 0.104688 0.103516
2 0.578906 0.603516 0.048438 0.074219
2 0.610938 0.596680 0.034375 0.037109
2 0.634375 0.597656 0.015625 0.019531
2 0.660156 0.598633 0.014063 0.021484
0 0.761719 0.655273 0.082812 0.197266
