11 0.844531 0.323242 0.026562 0.052734
11 0.842969 0.266602 0.054688 0.033203
11 0.834375 0.192383 0.087500 0.099609
11 0.850000 0.441406 0.018750 0.046875
11 0.687500 0.388672 0.015625 0.031250
11 0.686719 0.367188 0.017188 0.007812
11 0.527344 0.432617 0.010937 0.013672
11 0.525000 0.412109 0.021875 0.027344
11 0.035156 0.367188 0.035937 0.019531
11 0.036719 0.319336 0.060937 0.068359
2 0.961719 0.512695 0.057813 0.044922
2 0.926562 0.504883 0.059375 0.044922
2 0.746875 0.485352 0.134375 0.064453
2 0.367188 0.483398 0.050000 0.021484
2 0.400781 0.479492 0.020313 0.021484
