9 0.252344 0.171875 0.014063 0.054688
9 0.464062 0.307617 0.012500 0.048828
9 0.446094 0.311523 0.010937 0.048828
9 0.467187 0.369141 0.018750 0.019531
9 0.914062 0.172852 0.056250 0.087891
11 0.451562 0.221680 0.031250 0.021484
11 0.476562 0.349609 0.031250 0.011719
11 0.976562 0.045898 0.043750 0.068359
0 0.885156 0.401367 0.014063 0.041016
0 0.821094 0.464844 0.045312 0.171875
0 0.659375 0.463867 0.046875 0.119141
0 0.428125 0.449219 0.012500 0.050781
7 0.268750 0.435547 0.031250 0.042969
2 0.946094 0.426758 0.104688 0.060547
2 0.828125 0.412109 0.071875 0.031250
2 0.717187 0.444336 0.084375 0.068359
2 0.566406 0.430664 0.039062 0.076172
2 0.520312 0.436523 0.034375 0.044922
2 0.340625 0.445312 0.034375 0.035156
2 0.321094 0.444336 0.010937 0.029297
2 0.212500 0.455078 0.062500 0.066406
2 0.098437 0.466797 0.162500 0.144531
2 0.010937 0.460938 0.021875 0.078125
2 0.298438 0.443359 0.031250 0.035156
2 0.248438 0.449219 0.018750 0.035156
2 0.263281 0.442383 0.023438 0.033203
