5 0.519531 0.447266 0.064062 0.082031
5 0.433594 0.454102 0.098437 0.041016
0 0.976562 0.541992 0.043750 0.412109
0 0.900781 0.577148 0.120313 0.486328
0 0.788281 0.514648 0.082812 0.298828
0 0.658594 0.462891 0.020313 0.082031
0 0.639844 0.466797 0.023438 0.085938
0 0.623437 0.448242 0.009375 0.041016
0 0.613281 0.454102 0.010937 0.041016
0 0.606250 0.456055 0.009375 0.044922
0 0.595313 0.456055 0.009375 0.044922
0 0.585938 0.457031 0.009375 0.042969
0 0.575781 0.458984 0.010937 0.042969
0 0.569531 0.451172 0.004687 0.027344
0 0.557031 0.458984 0.007812 0.039062
0 0.548438 0.458984 0.009375 0.039062
0 0.378125 0.470703 0.009375 0.035156
0 0.181250 0.491211 0.015625 0.044922
0 0.167187 0.491211 0.018750 0.056641
0 0.128125 0.490234 0.015625 0.027344
0 0.113281 0.498047 0.017188 0.046875
2 0.773438 0.444336 0.121875 0.083984
5 0.637500 0.423828 0.090625 0.019531
