11 0.560937 0.400391 0.018750 0.031250
0 0.338281 0.479492 0.014063 0.052734
0 0.399219 0.490234 0.014063 0.023438
0 0.415625 0.489258 0.009375 0.025391
0 0.694531 0.458008 0.023438 0.064453
0 0.501563 0.463867 0.015625 0.060547
1 0.132031 0.542969 0.060937 0.117188
1 0.307031 0.514648 0.029687 0.068359
1 0.786719 0.481445 0.073438 0.068359
1 0.730469 0.479492 0.032813 0.064453
2 0.064062 0.500977 0.128125 0.142578
2 0.971094 0.496094 0.054688 0.156250
0 0.128906 0.484375 0.064062 0.164062
0 0.303906 0.477539 0.029687 0.111328
0 0.521094 0.467773 0.029687 0.107422
78 0.519531 0.524414 0.014063 0.009766
