11 0.014063 0.429688 0.015625 0.019531
11 0.014844 0.411133 0.010937 0.005859
11 0.146875 0.441406 0.015625 0.011719
11 0.471094 0.431641 0.010937 0.011719
11 0.548438 0.431641 0.003125 0.007812
11 0.518750 0.431641 0.012500 0.007812
11 0.595313 0.417969 0.003125 0.007812
11 0.625781 0.423828 0.010937 0.011719
2 0.064844 0.477539 0.023438 0.021484
2 0.113281 0.476562 0.014063 0.019531
2 0.446094 0.470703 0.060937 0.062500
2 0.578125 0.444336 0.012500 0.013672
2 0.558594 0.444336 0.014063 0.013672
