11 0.495312 0.424805 0.012500 0.005859
0 0.808594 0.472656 0.010937 0.023438
0 0.788281 0.472656 0.010937 0.031250
0 0.785937 0.455078 0.009375 0.019531
0 0.800000 0.461914 0.012500 0.021484
0 0.864844 0.537109 0.042188 0.136719
0 0.655469 0.471680 0.014063 0.041016
0 0.636719 0.456055 0.010937 0.017578
0 0.525781 0.454102 0.007812 0.029297
0 0.368750 0.454102 0.006250 0.021484
0 0.375000 0.454102 0.006250 0.021484
0 0.288281 0.458008 0.007812 0.033203
0 0.249219 0.475586 0.020313 0.060547
0 0.157031 0.480469 0.017188 0.035156
0 0.177344 0.479492 0.010937 0.048828
0 0.197656 0.479492 0.020313 0.041016
0 0.092969 0.496094 0.026562 0.082031
1 0.614062 0.538086 0.021875 0.060547
1 0.203125 0.505859 0.031250 0.054688
1 0.294531 0.506836 0.020313 0.041016
7 0.572656 0.442383 0.032813 0.041016
2 0.078125 0.666992 0.156250 0.294922
2 0.737500 0.470703 0.087500 0.039062
2 0.559375 0.469727 0.043750 0.033203
2 0.542188 0.457031 0.031250 0.019531
2 0.494531 0.461914 0.039062 0.033203
2 0.464844 0.459961 0.035937 0.029297
2 0.436719 0.455078 0.042188 0.023438
2 0.600781 0.478516 0.045312 0.046875
2 0.623437 0.488281 0.068750 0.058594
2 0.825781 0.467773 0.039062 0.029297
2 0.321094 0.451172 0.014063 0.023438
2 0.285938 0.445312 0.028125 0.023438
2 0.209375 0.451172 0.018750 0.035156
0 0.614844 0.509766 0.029687 0.093750
0 0.601562 0.490234 0.021875 0.074219
0 0.295312 0.485352 0.021875 0.056641
