9 0.378125 0.439453 0.006250 0.023438
9 0.581250 0.445312 0.006250 0.019531
0 0.008594 0.482422 0.017188 0.058594
0 0.089063 0.484375 0.018750 0.039062
0 0.167969 0.500977 0.014063 0.052734
0 0.647656 0.483398 0.007812 0.013672
0 0.642969 0.483398 0.007812 0.017578
0 0.240625 0.489258 0.012500 0.021484
1 0.575781 0.527344 0.020313 0.042969
2 0.518750 0.492188 0.025000 0.031250
2 0.501563 0.484375 0.015625 0.011719
2 0.568750 0.499023 0.018750 0.033203
2 0.485938 0.546875 0.121875 0.121094
0 0.575000 0.512695 0.018750 0.060547
10 0.395313 0.503906 0.006250 0.019531
