0 0.441406 0.461914 0.014063 0.048828
0 0.452344 0.462891 0.010937 0.046875
0 0.474219 0.458008 0.007812 0.037109
0 0.484375 0.456055 0.009375 0.033203
2 0.075000 0.550781 0.150000 0.175781
2 0.889844 0.503906 0.095312 0.093750
2 0.768750 0.566406 0.212500 0.207031
2 0.650781 0.482422 0.095312 0.093750
2 0.603906 0.468750 0.042188 0.058594
2 0.796094 0.462891 0.123438 0.058594
2 0.946875 0.494141 0.059375 0.109375
2 0.278906 0.485352 0.117188 0.115234
2 0.347656 0.483398 0.048438 0.072266
2 0.352344 0.473633 0.054688 0.076172
2 0.396875 0.470703 0.043750 0.046875
2 0.410938 0.459961 0.046875 0.056641
2 0.439063 0.458984 0.021875 0.050781
2 0.512500 0.459961 0.043750 0.041016
2 0.464844 0.458008 0.020313 0.033203
2 0.703906 0.456055 0.054688 0.048828
2 0.539062 0.462891 0.012500 0.019531
0 0.575000 0.469727 0.025000 0.087891
0 0.553125 0.468750 0.018750 0.070312
78 0.572656 0.517578 0.014063 0.007812
78 0.554688 0.507812 0.012500 0.007812
