0 0.275781 0.533203 0.042188 0.125000
0 0.508594 0.436523 0.004687 0.017578
0 0.615625 0.612305 0.078125 0.240234
1 0.372656 0.518555 0.029687 0.068359
1 0.454688 0.626953 0.062500 0.164062
2 0.038281 0.633789 0.076563 0.169922
2 0.128125 0.547852 0.203125 0.189453
2 0.238281 0.520508 0.060937 0.115234
2 0.305469 0.507812 0.067187 0.082031
2 0.331250 0.469727 0.062500 0.044922
2 0.367969 0.477539 0.051562 0.048828
2 0.403125 0.467773 0.037500 0.037109
2 0.414844 0.462891 0.020313 0.035156
2 0.423438 0.458008 0.025000 0.037109
2 0.441406 0.452148 0.023438 0.033203
2 0.467969 0.452148 0.023438 0.025391
2 0.481250 0.441406 0.015625 0.015625
2 0.486719 0.438477 0.014063 0.017578
2 0.501563 0.437500 0.009375 0.015625
2 0.513281 0.437500 0.004687 0.011719
2 0.525781 0.435547 0.014063 0.015625
2 0.583594 0.481445 0.054688 0.056641
2 0.571094 0.467773 0.057813 0.060547
2 0.544531 0.457031 0.029687 0.039062
2 0.535156 0.452148 0.017188 0.029297
2 0.648438 0.455078 0.093750 0.031250
2 0.672656 0.435547 0.029687 0.015625
2 0.764844 0.453125 0.079687 0.031250
2 0.746094 0.445312 0.085938 0.039062
2 0.785156 0.616211 0.217188 0.193359
2 0.707031 0.552734 0.151562 0.152344
2 0.670312 0.498047 0.093750 0.070312
2 0.896094 0.769531 0.204687 0.457031
0 0.371094 0.488281 0.032813 0.101562
0 0.453906 0.560547 0.073438 0.218750
78 0.599219 0.704102 0.029687 0.033203
