11 0.639844 0.365234 0.010937 0.031250
11 0.409375 0.414062 0.006250 0.015625
0 0.645312 0.529297 0.078125 0.289062
0 0.480469 0.483398 0.039062 0.150391
0 0.334375 0.474609 0.015625 0.062500
0 0.308594 0.473633 0.020313 0.064453
1 0.247656 0.500000 0.032813 0.082031
1 0.258594 0.492188 0.020313 0.070312
2 0.075781 0.494141 0.151562 0.156250
2 0.143750 0.477539 0.087500 0.080078
2 0.961719 0.538086 0.073438 0.291016
2 0.867969 0.539062 0.179688 0.191406
2 0.779687 0.521484 0.171875 0.152344
2 0.742188 0.499023 0.181250 0.158203
2 0.600781 0.499023 0.073438 0.115234
2 0.558594 0.484375 0.145313 0.109375
2 0.471094 0.483398 0.060937 0.080078
2 0.432031 0.478516 0.060937 0.074219
2 0.392969 0.474609 0.054688 0.058594
2 0.353125 0.476562 0.028125 0.039062
2 0.337500 0.468750 0.043750 0.046875
0 0.246094 0.474609 0.035937 0.117188
0 0.259375 0.465820 0.028125 0.099609
