9 0.925781 0.309570 0.029687 0.091797
11 0.918750 0.417969 0.050000 0.082031
11 0.915625 0.514648 0.018750 0.033203
11 0.580469 0.407227 0.004687 0.005859
0 0.792969 0.464844 0.014063 0.031250
0 0.282031 0.464844 0.010937 0.050781
0 0.296094 0.461914 0.014063 0.052734
0 0.311719 0.452148 0.014063 0.021484
0 0.326562 0.451172 0.006250 0.023438
0 0.579688 0.438477 0.006250 0.017578
0 0.865625 0.538086 0.034375 0.068359
1 0.728125 0.534180 0.028125 0.056641
2 0.307812 0.593750 0.203125 0.164062
2 0.398438 0.474609 0.062500 0.058594
2 0.436719 0.468750 0.026562 0.050781
2 0.605469 0.444336 0.023438 0.025391
2 0.587500 0.437500 0.009375 0.011719
0 0.728906 0.510742 0.032813 0.076172
