5 0.845313 0.416992 0.306250 0.142578
5 0.635156 0.429688 0.092188 0.039062
5 0.521875 0.446289 0.068750 0.080078
5 0.433594 0.452148 0.095312 0.041016
0 0.114844 0.493164 0.014063 0.052734
0 0.128125 0.489258 0.012500 0.029297
0 0.169531 0.481445 0.010937 0.037109
0 0.364844 0.465820 0.007812 0.021484
0 0.373437 0.464844 0.009375 0.023438
0 0.381250 0.463867 0.006250 0.021484
0 0.386719 0.463867 0.007812 0.021484
0 0.427344 0.461914 0.007812 0.025391
0 0.436719 0.461914 0.007812 0.021484
0 0.443750 0.458984 0.006250 0.015625
0 0.549219 0.459961 0.010937 0.037109
0 0.557031 0.454102 0.010937 0.033203
0 0.571094 0.459961 0.007812 0.041016
0 0.577344 0.458008 0.010937 0.044922
0 0.588281 0.458008 0.014063 0.044922
0 0.595313 0.455078 0.012500 0.046875
0 0.605469 0.453125 0.010937 0.042969
0 0.612500 0.452148 0.012500 0.044922
0 0.631250 0.453125 0.015625 0.046875
0 0.619531 0.450195 0.010937 0.044922
0 0.685937 0.427734 0.012500 0.019531
1 0.314844 0.554688 0.064062 0.113281
2 0.455469 0.463867 0.023438 0.021484
2 0.472656 0.461914 0.026562 0.025391
2 0.646094 0.448242 0.020313 0.025391
2 0.853906 0.445312 0.151562 0.105469
2 0.916406 0.447266 0.164062 0.136719
2 0.951562 0.488281 0.093750 0.113281
0 0.313281 0.504883 0.060937 0.177734
10 0.340625 0.476562 0.006250 0.019531
