1 0.314844 0.495117 0.017188 0.048828
1 0.385156 0.480469 0.007812 0.019531
2 0.164062 0.505859 0.121875 0.085938
2 0.223438 0.497070 0.050000 0.068359
2 0.259375 0.491211 0.046875 0.060547
2 0.275781 0.484375 0.051562 0.058594
2 0.331250 0.480469 0.018750 0.042969
2 0.342969 0.481445 0.020313 0.033203
2 0.356250 0.481445 0.015625 0.029297
2 0.367969 0.476562 0.017188 0.023438
2 0.375000 0.472656 0.018750 0.023438
2 0.403125 0.475586 0.015625 0.017578
2 0.392969 0.474609 0.010937 0.019531
2 0.424219 0.469727 0.010937 0.013672
2 0.451562 0.475586 0.021875 0.021484
2 0.473438 0.473633 0.012500 0.021484
2 0.487500 0.473633 0.021875 0.025391
2 0.496094 0.476562 0.023438 0.023438
2 0.511719 0.479492 0.020313 0.033203
2 0.540625 0.470703 0.046875 0.062500
2 0.550781 0.477539 0.045312 0.052734
2 0.557031 0.483398 0.045312 0.060547
2 0.572656 0.490234 0.048438 0.066406
2 0.614062 0.498047 0.081250 0.082031
2 0.656250 0.504883 0.059375 0.115234
2 0.800000 0.517578 0.159375 0.167969
0 0.696875 0.506836 0.065625 0.259766
0 0.314063 0.482422 0.018750 0.070312
0 0.385156 0.473633 0.007812 0.029297
78 0.698438 0.642578 0.043750 0.011719
