0 0.478125 0.445312 0.012500 0.046875
0 0.515625 0.453125 0.015625 0.042969
1 0.346094 0.509766 0.023438 0.062500
1 0.438281 0.460938 0.017188 0.031250
2 0.195312 0.442383 0.068750 0.025391
2 0.201563 0.521484 0.165625 0.160156
2 0.306250 0.497070 0.068750 0.076172
2 0.367969 0.470703 0.029687 0.050781
2 0.379688 0.458984 0.034375 0.042969
2 0.397656 0.455078 0.017188 0.039062
2 0.401562 0.448242 0.040625 0.041016
2 0.493750 0.439453 0.021875 0.027344
2 0.906250 0.792969 0.184375 0.394531
2 0.682031 0.543945 0.135937 0.123047
2 0.631250 0.512695 0.087500 0.091797
2 0.618750 0.488281 0.081250 0.085938
2 0.575781 0.464844 0.064062 0.074219
2 0.546875 0.458984 0.018750 0.046875
2 0.529687 0.450195 0.031250 0.048828
0 0.346875 0.482422 0.021875 0.078125
0 0.438281 0.448242 0.017188 0.048828
78 0.478906 0.472656 0.007812 0.007812
