0 0.545312 0.443359 0.006250 0.023438
1 0.552344 0.461914 0.010937 0.021484
2 0.068750 0.497070 0.137500 0.072266
2 0.107813 0.584961 0.215625 0.208984
2 0.236719 0.538086 0.107813 0.138672
2 0.289062 0.507812 0.106250 0.128906
2 0.364063 0.482422 0.065625 0.070312
2 0.399219 0.480469 0.029687 0.054688
2 0.403125 0.475586 0.037500 0.052734
2 0.419531 0.465820 0.035937 0.048828
2 0.449219 0.451172 0.026562 0.027344
2 0.464062 0.443359 0.018750 0.019531
2 0.471875 0.437500 0.015625 0.015625
2 0.787500 0.584961 0.193750 0.166016
2 0.664844 0.512695 0.098437 0.087891
2 0.757812 0.474609 0.100000 0.062500
2 0.835156 0.483398 0.139063 0.048828
2 0.689844 0.456055 0.039062 0.041016
2 0.648438 0.457031 0.050000 0.039062
2 0.638281 0.450195 0.045312 0.037109
2 0.617969 0.451172 0.026562 0.035156
2 0.596094 0.452148 0.007812 0.025391
2 0.605469 0.442383 0.039062 0.033203
2 0.529687 0.435547 0.015625 0.015625
2 0.583594 0.437500 0.010937 0.023438
2 0.398438 0.442383 0.043750 0.017578
0 0.552344 0.451172 0.007812 0.031250
0 0.652344 0.459961 0.017188 0.025391
