9 0.385937 0.415039 0.006250 0.017578
9 0.385156 0.432617 0.004687 0.005859
9 0.560156 0.408203 0.004687 0.011719
9 0.511719 0.402344 0.007812 0.015625
9 0.547656 0.411133 0.004687 0.009766
9 0.533594 0.408203 0.004687 0.011719
9 0.627344 0.413086 0.007812 0.017578
9 0.626563 0.431641 0.006250 0.007812
11 0.542188 0.409180 0.006250 0.009766
11 0.672656 0.418945 0.017188 0.021484
0 0.678125 0.458008 0.009375 0.033203
0 0.765625 0.479492 0.025000 0.060547
0 0.934375 0.506836 0.031250 0.115234
0 0.873437 0.509766 0.031250 0.113281
0 0.264844 0.468750 0.010937 0.050781
1 0.152344 0.515625 0.057813 0.066406
1 0.018750 0.541992 0.037500 0.068359
1 0.900781 0.717773 0.073438 0.205078
2 0.319531 0.504883 0.101562 0.099609
2 0.528125 0.470703 0.053125 0.050781
2 0.553906 0.448242 0.014063 0.013672
2 0.568750 0.451172 0.012500 0.011719
2 0.560937 0.451172 0.003125 0.007812
0 0.907031 0.640625 0.082812 0.234375
