9 0.785937 0.203125 0.021875 0.070312
9 0.156250 0.354492 0.015625 0.052734
9 0.153125 0.421875 0.018750 0.019531
11 0.874219 0.418945 0.017188 0.025391
11 0.842187 0.448242 0.025000 0.033203
11 0.160938 0.394531 0.028125 0.011719
0 0.089844 0.500977 0.029687 0.099609
0 0.171094 0.500977 0.026562 0.103516
0 0.190625 0.503906 0.025000 0.085938
0 0.225000 0.508789 0.025000 0.091797
0 0.237500 0.479492 0.012500 0.056641
0 0.256250 0.480469 0.012500 0.046875
0 0.263281 0.477539 0.010937 0.048828
0 0.612500 0.483398 0.006250 0.017578
2 0.548438 0.498047 0.015625 0.015625
11 0.663281 0.463867 0.023438 0.005859
11 0.696875 0.471680 0.009375 0.009766
11 0.485156 0.476562 0.010937 0.011719
