9 0.364844 0.342773 0.020313 0.068359
9 0.377344 0.340820 0.007812 0.064453
9 0.352344 0.508789 0.014063 0.037109
9 0.318750 0.457031 0.009375 0.031250
9 0.885156 0.391602 0.020313 0.064453
9 0.903906 0.523438 0.010937 0.035156
11 0.308594 0.484375 0.017188 0.019531
11 0.861719 0.431641 0.029687 0.023438
11 0.860156 0.458984 0.023438 0.023438
11 0.898438 0.454102 0.059375 0.021484
2 0.038281 0.562500 0.076563 0.054688
2 0.361719 0.560547 0.139063 0.078125
2 0.462500 0.545898 0.050000 0.048828
2 0.429688 0.542969 0.034375 0.039062
2 0.474219 0.520508 0.035937 0.029297
2 0.555469 0.546875 0.051562 0.054688
2 0.677344 0.577148 0.139063 0.126953
2 0.935156 0.685547 0.126562 0.382812
