9 0.236719 0.424805 0.007812 0.029297
9 0.646875 0.416016 0.009375 0.035156
11 0.242188 0.461914 0.015625 0.033203
0 0.041406 0.523438 0.026562 0.089844
0 0.063281 0.521484 0.026562 0.097656
0 0.217969 0.516602 0.017188 0.068359
0 0.225781 0.514648 0.014063 0.068359
0 0.765625 0.503906 0.018750 0.050781
1 0.682031 0.540039 0.067187 0.052734
2 0.368750 0.534180 0.103125 0.087891
2 0.473438 0.504883 0.028125 0.029297
2 0.535937 0.592773 0.200000 0.205078
10 0.631250 0.527344 0.012500 0.039062
9 0.742969 0.364258 0.035937 0.072266
