9 0.414844 0.356445 0.007812 0.021484
9 0.453125 0.368164 0.006250 0.017578
0 0.978906 0.473633 0.039062 0.091797
0 0.927344 0.480469 0.048438 0.101562
0 0.778125 0.433594 0.018750 0.050781
0 0.596875 0.436523 0.009375 0.033203
0 0.585938 0.431641 0.009375 0.027344
2 0.065625 0.460938 0.131250 0.113281
2 0.188281 0.464844 0.117188 0.078125
2 0.437500 0.443359 0.028125 0.023438
2 0.393750 0.436523 0.040625 0.056641
0 0.815625 0.437500 0.021875 0.046875
0 0.844531 0.431641 0.026562 0.058594
11 0.553906 0.333984 0.017188 0.027344
5 0.512500 0.429688 0.043750 0.062500
