11 0.291406 0.552734 0.057813 0.074219
0 0.500781 0.590820 0.014063 0.064453
7 0.731250 0.541016 0.262500 0.320312
2 0.090625 0.638672 0.181250 0.191406
2 0.196094 0.613281 0.101562 0.136719
2 0.261719 0.609375 0.067187 0.101562
2 0.317969 0.595703 0.045312 0.070312
2 0.347656 0.593750 0.029687 0.062500
7 0.364063 0.578125 0.050000 0.070312
2 0.435937 0.594727 0.050000 0.044922
2 0.492969 0.592773 0.042188 0.056641
2 0.529687 0.603516 0.062500 0.066406
2 0.577344 0.609375 0.035937 0.054688
2 0.600000 0.613281 0.040625 0.093750
2 0.843750 0.648438 0.309375 0.257812
2 0.967187 0.743164 0.062500 0.212891
