9 0.157812 0.182617 0.021875 0.060547
9 0.389844 0.329102 0.014063 0.048828
9 0.667188 0.323242 0.018750 0.052734
9 0.669531 0.383789 0.014063 0.021484
9 0.703125 0.385742 0.018750 0.021484
11 0.028125 0.160156 0.021875 0.027344
11 0.382031 0.250977 0.026562 0.021484
0 0.416406 0.457031 0.014063 0.039062
0 0.403906 0.453125 0.010937 0.042969
0 0.262500 0.453125 0.012500 0.031250
0 0.598437 0.456055 0.021875 0.068359
0 0.771094 0.464844 0.057813 0.187500
0 0.834375 0.491211 0.053125 0.205078
0 0.952344 0.491211 0.060937 0.236328
0 0.979688 0.479492 0.037500 0.224609
0 0.890625 0.463867 0.050000 0.169922
0 0.861719 0.457031 0.035937 0.156250
0 0.809375 0.463867 0.037500 0.158203
0 0.572656 0.445312 0.020313 0.062500
1 0.362500 0.511719 0.037500 0.093750
1 0.533594 0.537109 0.082812 0.144531
2 0.023438 0.452148 0.046875 0.072266
2 0.087500 0.457031 0.106250 0.097656
2 0.194531 0.471680 0.117188 0.107422
0 0.364063 0.460938 0.043750 0.140625
0 0.517188 0.473633 0.068750 0.228516
2 0.824219 0.473633 0.195312 0.095703
