9 0.540625 0.148438 0.031250 0.078125
9 0.072656 0.484375 0.010937 0.042969
9 0.362500 0.410156 0.021875 0.062500
9 0.381250 0.409180 0.021875 0.060547
9 0.779687 0.353516 0.025000 0.066406
11 0.283594 0.476562 0.017188 0.007812
11 0.285156 0.489258 0.014063 0.017578
11 0.296875 0.456055 0.018750 0.013672
11 0.296875 0.470703 0.018750 0.007812
11 0.362500 0.470703 0.028125 0.007812
11 0.363281 0.478516 0.026562 0.007812
11 0.364063 0.486328 0.028125 0.007812
11 0.364063 0.492188 0.028125 0.007812
11 0.380469 0.453125 0.026562 0.015625
11 0.585938 0.436523 0.015625 0.025391
11 0.761719 0.400391 0.032813 0.011719
11 0.764062 0.416016 0.034375 0.015625
11 0.734375 0.415039 0.021875 0.044922
2 0.071875 0.833984 0.143750 0.304688
2 0.059375 0.638672 0.118750 0.152344
2 0.040625 0.575195 0.081250 0.072266
2 0.208594 0.661133 0.304688 0.271484
2 0.380469 0.585938 0.173437 0.171875
2 0.472656 0.533203 0.095312 0.101562
2 0.202344 0.517578 0.082812 0.023438
2 0.654687 0.682617 0.381250 0.408203
2 0.649219 0.473633 0.229687 0.037109
