11 0.275781 0.397461 0.020313 0.025391
11 0.801562 0.335938 0.059375 0.074219
0 0.640625 0.470703 0.006250 0.027344
0 0.591406 0.466797 0.007812 0.023438
0 0.563281 0.462891 0.007812 0.027344
1 0.679688 0.559570 0.025000 0.087891
1 0.542969 0.470703 0.004687 0.019531
2 0.351562 0.470703 0.050000 0.042969
2 0.378125 0.463867 0.040625 0.048828
2 0.404687 0.462891 0.018750 0.035156
2 0.421875 0.464844 0.021875 0.031250
2 0.457031 0.464844 0.017188 0.019531
2 0.479687 0.464844 0.031250 0.031250
2 0.513281 0.466797 0.014063 0.011719
2 0.500781 0.466797 0.010937 0.011719
2 0.441406 0.459961 0.020313 0.025391
0 0.678906 0.515625 0.067187 0.132812
0 0.542969 0.459961 0.007812 0.029297
