9 0.368750 0.437500 0.003125 0.011719
9 0.373437 0.438477 0.003125 0.009766
11 0.832031 0.289062 0.039062 0.062500
11 0.575000 0.416992 0.012500 0.009766
11 0.217969 0.415039 0.020313 0.021484
11 0.570312 0.430664 0.006250 0.009766
1 0.559375 0.493164 0.025000 0.056641
2 0.600781 0.481445 0.057813 0.064453
2 0.588281 0.475586 0.048438 0.064453
2 0.457813 0.499023 0.171875 0.205078
2 0.329688 0.491211 0.093750 0.087891
2 0.253125 0.489258 0.068750 0.080078
2 0.185938 0.505859 0.118750 0.097656
2 0.761719 0.461914 0.054688 0.068359
0 0.558594 0.476562 0.026562 0.074219
