11 0.148438 0.387695 0.025000 0.041016
1 0.420312 0.486328 0.012500 0.035156
1 0.398438 0.494141 0.021875 0.046875
2 0.400000 0.470703 0.028125 0.031250
2 0.364063 0.471680 0.046875 0.052734
2 0.299219 0.482422 0.085938 0.062500
2 0.113281 0.476562 0.142187 0.082031
2 0.578906 0.475586 0.020313 0.033203
2 0.605469 0.475586 0.048438 0.052734
2 0.539062 0.473633 0.015625 0.017578
2 0.556250 0.479492 0.009375 0.009766
0 0.397656 0.473633 0.020313 0.076172
0 0.420312 0.472656 0.012500 0.050781
0 0.445312 0.474609 0.012500 0.050781
0 0.467187 0.471680 0.009375 0.044922
