5 0.844531 0.420898 0.307812 0.146484
5 0.517969 0.447266 0.064062 0.082031
5 0.432812 0.455078 0.100000 0.042969
0 0.551562 0.459961 0.012500 0.041016
0 0.574219 0.459961 0.014063 0.044922
0 0.592187 0.455078 0.015625 0.042969
0 0.611719 0.466797 0.017188 0.054688
0 0.629687 0.461914 0.025000 0.083984
0 0.656250 0.464844 0.021875 0.074219
0 0.672656 0.432617 0.020313 0.029297
0 0.367188 0.465820 0.006250 0.025391
0 0.379688 0.463867 0.009375 0.025391
0 0.170313 0.489258 0.015625 0.048828
0 0.116406 0.492188 0.014063 0.054688
0 0.128125 0.491211 0.015625 0.029297
2 0.951562 0.488281 0.093750 0.113281
2 0.910156 0.449219 0.176563 0.144531
2 0.852344 0.444336 0.145313 0.107422
2 0.453125 0.462891 0.025000 0.023438
2 0.476562 0.461914 0.021875 0.025391
2 0.348438 0.466797 0.021875 0.019531
10 0.340625 0.478516 0.006250 0.019531
