5 0.175000 0.362305 0.350000 0.724609
2 0.447656 0.421875 0.045312 0.050781
2 0.477344 0.415039 0.023438 0.033203
2 0.578125 0.463867 0.109375 0.119141
2 0.626563 0.434570 0.025000 0.048828
2 0.524219 0.437500 0.035937 0.046875
2 0.986719 0.603516 0.023438 0.167969
2 0.959375 0.460938 0.078125 0.105469
2 0.894531 0.458008 0.067187 0.056641
2 0.839844 0.448242 0.048438 0.056641
2 0.803125 0.446289 0.062500 0.048828
2 0.760156 0.429688 0.048438 0.062500
2 0.722656 0.429688 0.026562 0.042969
2 0.685156 0.424805 0.026562 0.025391
2 0.674219 0.421875 0.026562 0.027344
