11 0.667188 0.362305 0.034375 0.013672
11 0.598437 0.404297 0.009375 0.019531
11 0.795312 0.331055 0.021875 0.037109
0 0.550781 0.431641 0.010937 0.035156
2 0.492188 0.432617 0.012500 0.009766
2 0.463281 0.435547 0.029687 0.035156
2 0.357812 0.436523 0.034375 0.033203
2 0.328906 0.451172 0.023438 0.042969
2 0.311719 0.453125 0.020313 0.046875
2 0.281250 0.453125 0.056250 0.066406
2 0.270313 0.463867 0.043750 0.064453
2 0.218750 0.467773 0.075000 0.080078
2 0.146875 0.481445 0.093750 0.095703
2 0.061719 0.497070 0.123438 0.119141
2 0.713281 0.508789 0.176563 0.142578
