9 0.892969 0.323242 0.014063 0.064453
9 0.894531 0.379883 0.010937 0.025391
9 0.652344 0.397461 0.017188 0.021484
9 0.655469 0.343750 0.010937 0.039062
9 0.134375 0.404297 0.015625 0.019531
9 0.139063 0.349609 0.009375 0.039062
11 0.578906 0.401367 0.010937 0.017578
0 0.309375 0.602539 0.143750 0.376953
0 0.246094 0.587891 0.101562 0.445312
1 0.596875 0.481445 0.031250 0.033203
2 0.503125 0.468750 0.028125 0.027344
2 0.486719 0.467773 0.010937 0.021484
2 0.479687 0.467773 0.009375 0.021484
2 0.472656 0.461914 0.010937 0.013672
2 0.470313 0.455078 0.012500 0.011719
2 0.447656 0.453125 0.007812 0.007812
2 0.325000 0.480469 0.028125 0.035156
2 0.345313 0.472656 0.028125 0.035156
2 0.368750 0.470703 0.025000 0.027344
2 0.385156 0.468750 0.014063 0.023438
2 0.392969 0.468750 0.010937 0.019531
2 0.403906 0.466797 0.017188 0.023438
2 0.421094 0.463867 0.014063 0.017578
2 0.427344 0.459961 0.010937 0.017578
2 0.435156 0.456055 0.007812 0.013672
10 0.631250 0.485352 0.012500 0.041016
