9 0.383594 0.450195 0.004687 0.017578
9 0.558594 0.454102 0.004687 0.017578
0 0.135937 0.490234 0.015625 0.042969
0 0.153906 0.484375 0.023438 0.039062
0 0.175781 0.500000 0.023438 0.062500
0 0.219531 0.488281 0.010937 0.023438
0 0.603906 0.487305 0.007812 0.013672
0 0.978906 0.534180 0.039062 0.150391
0 0.902344 0.535156 0.042188 0.136719
0 0.871094 0.527344 0.029687 0.117188
0 0.815625 0.512695 0.028125 0.060547
1 0.559375 0.531250 0.015625 0.039062
2 0.078906 0.550781 0.157812 0.113281
2 0.547656 0.500977 0.017188 0.029297
2 0.487500 0.486328 0.012500 0.011719
2 0.475000 0.550781 0.128125 0.125000
0 0.559375 0.516602 0.015625 0.060547
10 0.396094 0.502930 0.004687 0.017578
