11 0.624219 0.424805 0.010937 0.017578
11 0.121094 0.321289 0.035937 0.060547
1 0.060156 0.488281 0.070312 0.093750
1 0.082031 0.488281 0.076563 0.101562
1 0.182812 0.491211 0.062500 0.064453
1 0.258594 0.485352 0.064062 0.064453
1 0.326562 0.475586 0.050000 0.068359
1 0.349219 0.473633 0.067187 0.068359
1 0.412500 0.464844 0.050000 0.062500
1 0.425781 0.465820 0.042188 0.056641
1 0.467969 0.462891 0.039062 0.054688
1 0.487500 0.458008 0.037500 0.060547
1 0.513281 0.456055 0.029687 0.044922
1 0.553125 0.458008 0.028125 0.041016
1 0.585156 0.453125 0.032813 0.046875
2 0.146875 0.430664 0.256250 0.111328
2 0.780469 0.434570 0.045312 0.048828
2 0.953906 0.430664 0.076563 0.080078
2 0.645312 0.430664 0.037500 0.033203
0 0.081250 0.450195 0.062500 0.138672
0 0.057031 0.449219 0.060937 0.136719
0 0.178125 0.450195 0.053125 0.107422
0 0.257812 0.457031 0.037500 0.082031
0 0.321875 0.447266 0.037500 0.066406
0 0.345313 0.448242 0.046875 0.107422
0 0.409375 0.447266 0.031250 0.070312
0 0.426563 0.436523 0.028125 0.095703
0 0.467187 0.439453 0.037500 0.085938
0 0.585938 0.429688 0.031250 0.082031
0 0.551562 0.440430 0.025000 0.068359
0 0.515625 0.440430 0.025000 0.064453
0 0.483594 0.429688 0.042188 0.085938
