9 0.429688 0.345703 0.009375 0.027344
9 0.439844 0.372070 0.007812 0.021484
9 0.349219 0.401367 0.007812 0.029297
9 0.515625 0.401367 0.009375 0.025391
11 0.632031 0.386719 0.014063 0.019531
0 0.116406 0.465820 0.029687 0.087891
0 0.245312 0.458008 0.015625 0.044922
0 0.403906 0.458984 0.007812 0.023438
0 0.421875 0.459961 0.006250 0.021484
0 0.725000 0.474609 0.034375 0.109375
0 0.623437 0.465820 0.015625 0.060547
0 0.582031 0.456055 0.010937 0.033203
0 0.594531 0.457031 0.007812 0.031250
0 0.507812 0.458008 0.009375 0.029297
1 0.171094 0.502930 0.039062 0.076172
1 0.148438 0.511719 0.037500 0.070312
1 0.338281 0.467773 0.014063 0.033203
1 0.299219 0.479492 0.017188 0.041016
1 0.282813 0.480469 0.018750 0.039062
1 0.214062 0.491211 0.025000 0.056641
1 0.261719 0.478516 0.017188 0.046875
1 0.492188 0.498047 0.015625 0.054688
1 0.536719 0.500000 0.020313 0.054688
1 0.859375 0.577148 0.084375 0.169922
1 0.640625 0.494141 0.031250 0.070312
1 0.671875 0.485352 0.040625 0.091797
1 0.604688 0.476562 0.012500 0.050781
2 0.460156 0.460938 0.014063 0.015625
2 0.924219 0.531250 0.148438 0.183594
2 0.441406 0.459961 0.020313 0.017578
2 0.468750 0.458984 0.015625 0.019531
0 0.491406 0.473633 0.020313 0.083984
0 0.856250 0.507812 0.084375 0.250000
0 0.537500 0.464844 0.021875 0.097656
