11 0.246875 0.436523 0.018750 0.025391
0 0.478906 0.480469 0.010937 0.042969
0 0.453125 0.484375 0.012500 0.042969
0 0.461719 0.480469 0.010937 0.042969
0 0.942187 0.578125 0.112500 0.429688
0 0.810156 0.510742 0.054688 0.177734
0 0.699219 0.514648 0.054688 0.177734
0 0.682813 0.451172 0.028125 0.089844
2 0.049219 0.491211 0.079687 0.052734
2 0.226562 0.485352 0.031250 0.037109
2 0.252344 0.485352 0.035937 0.033203
2 0.275781 0.483398 0.039062 0.029297
2 0.374219 0.480469 0.032813 0.031250
2 0.418750 0.481445 0.015625 0.017578
