5 0.435937 0.454102 0.106250 0.044922
5 0.841406 0.416016 0.314063 0.140625
5 0.520312 0.448242 0.068750 0.083984
0 0.165625 0.482422 0.012500 0.035156
0 0.553125 0.459961 0.015625 0.041016
0 0.596094 0.472656 0.020313 0.058594
0 0.618750 0.466797 0.025000 0.070312
0 0.628125 0.452148 0.015625 0.044922
0 0.581250 0.457031 0.015625 0.050781
0 0.647656 0.453125 0.010937 0.042969
0 0.658594 0.450195 0.010937 0.044922
0 0.669531 0.439453 0.014063 0.039062
0 0.720313 0.487305 0.043750 0.142578
0 0.763281 0.482422 0.045312 0.148438
0 0.837500 0.495117 0.062500 0.220703
0 0.888281 0.495117 0.051562 0.197266
2 0.107031 0.557617 0.214062 0.197266
2 0.441406 0.466797 0.048438 0.050781
2 0.955469 0.485352 0.085938 0.111328
2 0.926562 0.438477 0.143750 0.123047
2 0.821875 0.451172 0.087500 0.093750
10 0.340625 0.477539 0.006250 0.021484
