9 0.187500 0.248047 0.018750 0.050781
9 0.300781 0.245117 0.017188 0.048828
9 0.463281 0.325195 0.014063 0.033203
0 0.103906 0.461914 0.010937 0.044922
0 0.119531 0.469727 0.010937 0.048828
0 0.131250 0.468750 0.015625 0.046875
0 0.627344 0.456055 0.020313 0.068359
0 0.644531 0.463867 0.014063 0.060547
2 0.325781 0.425781 0.023438 0.011719
2 0.325781 0.463867 0.039062 0.033203
2 0.440625 0.475586 0.115625 0.123047
11 0.269531 0.232422 0.029687 0.039062
9 0.171094 0.394531 0.007812 0.027344
9 0.177344 0.424805 0.007812 0.013672
