11 0.286719 0.411133 0.010937 0.017578
2 0.966406 0.439453 0.064062 0.062500
2 0.889844 0.456055 0.126562 0.068359
2 0.685156 0.468750 0.185938 0.089844
2 0.510938 0.448242 0.028125 0.029297
2 0.521875 0.428711 0.018750 0.021484
2 0.439844 0.428711 0.020313 0.017578
2 0.419531 0.438477 0.010937 0.017578
2 0.411719 0.441406 0.014063 0.023438
2 0.396094 0.448242 0.023438 0.033203
2 0.385156 0.454102 0.026562 0.029297
2 0.324219 0.462891 0.070312 0.035156
2 0.204687 0.480469 0.096875 0.070312
2 0.039844 0.496094 0.079687 0.109375
2 0.021875 0.566406 0.043750 0.136719
2 0.132031 0.457031 0.039062 0.035156
2 0.519531 0.377930 0.014063 0.017578
11 0.796094 0.358398 0.017188 0.033203
