0 0.959375 0.536133 0.068750 0.193359
0 0.911719 0.478516 0.017188 0.062500
0 0.784375 0.477539 0.021875 0.072266
0 0.750781 0.475586 0.014063 0.056641
0 0.766406 0.475586 0.014063 0.056641
0 0.829688 0.463867 0.012500 0.025391
0 0.797656 0.476562 0.017188 0.054688
0 0.246875 0.508789 0.050000 0.177734
0 0.007812 0.522461 0.015625 0.146484
0 0.527344 0.466797 0.017188 0.042969
0 0.367969 0.456055 0.010937 0.025391
0 0.475000 0.454102 0.015625 0.017578
0 0.387500 0.462891 0.015625 0.042969
0 0.396094 0.469727 0.014063 0.041016
0 0.509375 0.458008 0.015625 0.029297
0 0.434375 0.458008 0.012500 0.037109
0 0.415625 0.471680 0.012500 0.041016
1 0.299219 0.547852 0.092188 0.107422
1 0.199219 0.524414 0.070312 0.076172
2 0.855469 0.479492 0.082812 0.056641
2 0.719531 0.488281 0.051562 0.054688
2 0.633594 0.490234 0.145313 0.101562
2 0.471094 0.508789 0.139063 0.091797
2 0.309375 0.519531 0.209375 0.113281
0 0.301563 0.503906 0.065625 0.152344
