11 0.618750 0.440430 0.015625 0.025391
11 0.547656 0.500977 0.014063 0.021484
0 0.017969 0.522461 0.020313 0.091797
0 0.147656 0.524414 0.017188 0.072266
0 0.130469 0.524414 0.017188 0.060547
0 0.982812 0.504883 0.031250 0.166016
0 0.957031 0.496094 0.032813 0.160156
0 0.926562 0.504883 0.050000 0.173828
0 0.887500 0.491211 0.031250 0.126953
0 0.860156 0.491211 0.032813 0.119141
0 0.839063 0.489258 0.028125 0.111328
0 0.811719 0.488281 0.035937 0.113281
0 0.771094 0.495117 0.023438 0.091797
0 0.749219 0.496094 0.023438 0.082031
0 0.735156 0.500000 0.017188 0.070312
0 0.718750 0.498047 0.018750 0.070312
0 0.654687 0.510742 0.015625 0.041016
0 0.611719 0.506836 0.039062 0.103516
2 0.475781 0.538086 0.035937 0.029297
