5 0.517969 0.448242 0.060937 0.080078
5 0.432031 0.454102 0.098437 0.037109
0 0.909375 0.518555 0.106250 0.326172
0 0.876563 0.488281 0.037500 0.218750
0 0.842969 0.496094 0.042188 0.234375
0 0.806250 0.521484 0.090625 0.347656
0 0.746875 0.508789 0.075000 0.251953
0 0.651563 0.461914 0.015625 0.072266
0 0.639062 0.462891 0.021875 0.078125
0 0.631250 0.464844 0.018750 0.078125
0 0.659375 0.447266 0.012500 0.046875
0 0.667188 0.440430 0.009375 0.033203
0 0.613281 0.456055 0.010937 0.044922
0 0.603125 0.457031 0.009375 0.042969
0 0.592187 0.457031 0.012500 0.042969
0 0.585156 0.455078 0.010937 0.039062
0 0.575781 0.456055 0.007812 0.037109
0 0.556250 0.458984 0.009375 0.039062
0 0.548438 0.458984 0.009375 0.039062
0 0.390625 0.466797 0.012500 0.046875
0 0.196094 0.491211 0.010937 0.044922
0 0.183594 0.489258 0.017188 0.052734
0 0.128125 0.490234 0.015625 0.027344
0 0.114844 0.500000 0.014063 0.042969
