11 0.148438 0.421875 0.028125 0.031250
11 0.322656 0.487305 0.014063 0.017578
0 0.155469 0.533203 0.017188 0.031250
0 0.178125 0.529297 0.021875 0.031250
0 0.226562 0.532227 0.015625 0.033203
0 0.592187 0.536133 0.009375 0.033203
0 0.987500 0.545898 0.021875 0.052734
0 0.953125 0.539062 0.025000 0.054688
0 0.910156 0.547852 0.020313 0.037109
0 0.880469 0.557617 0.023438 0.060547
0 0.469531 0.517578 0.004687 0.015625
0 0.464844 0.516602 0.004687 0.013672
0 0.285156 0.531250 0.014063 0.023438
3 0.051562 0.609375 0.103125 0.109375
2 0.912500 0.643555 0.171875 0.162109
2 0.684375 0.541016 0.071875 0.085938
2 0.466406 0.600586 0.123438 0.123047
2 0.510156 0.549805 0.070312 0.091797
2 0.191406 0.601562 0.151562 0.121094
2 0.294531 0.583008 0.089063 0.083984
2 0.326562 0.566406 0.081250 0.078125
2 0.364844 0.559570 0.057813 0.072266
2 0.394531 0.551758 0.057813 0.064453
2 0.435156 0.526367 0.048438 0.041016
