11 0.545312 0.405273 0.009375 0.021484
0 0.479687 0.494141 0.046875 0.128906
0 0.525781 0.496094 0.039062 0.125000
0 0.382031 0.480469 0.017188 0.054688
0 0.361719 0.479492 0.020313 0.060547
0 0.330469 0.478516 0.017188 0.062500
0 0.978125 0.644531 0.040625 0.535156
2 0.186719 0.488281 0.082812 0.074219
2 0.121094 0.500977 0.170313 0.126953
2 0.061719 0.504883 0.123438 0.146484
2 0.967187 0.551758 0.062500 0.345703
2 0.867969 0.525391 0.260937 0.257812
2 0.733594 0.509766 0.092188 0.171875
2 0.671875 0.517578 0.106250 0.121094
2 0.634375 0.498047 0.184375 0.128906
2 0.535156 0.487305 0.073438 0.087891
2 0.464844 0.481445 0.073438 0.068359
2 0.421094 0.483398 0.039062 0.048828
2 0.406250 0.478516 0.034375 0.046875
2 0.253906 0.470703 0.042188 0.035156
2 0.298438 0.475586 0.037500 0.033203
2 0.332031 0.474609 0.048438 0.042969
2 0.387500 0.476562 0.043750 0.046875
2 0.228125 0.474609 0.012500 0.023438
