0 0.753125 0.556641 0.050000 0.175781
0 0.779687 0.540039 0.046875 0.189453
0 0.425781 0.462891 0.010937 0.035156
2 0.160938 0.459961 0.090625 0.056641
2 0.188281 0.453125 0.085938 0.066406
2 0.245312 0.458984 0.046875 0.050781
2 0.249219 0.446289 0.070312 0.048828
2 0.322656 0.460938 0.076563 0.042969
2 0.339844 0.458008 0.057813 0.044922
2 0.412500 0.459961 0.056250 0.029297
2 0.457813 0.459961 0.021875 0.021484
2 0.500781 0.460938 0.017188 0.015625
2 0.508594 0.459961 0.007812 0.013672
2 0.514062 0.458008 0.006250 0.009766
2 0.517969 0.458008 0.004687 0.009766
2 0.521875 0.456055 0.006250 0.009766
2 0.554688 0.465820 0.025000 0.025391
2 0.954688 0.693359 0.087500 0.222656
2 0.885156 0.607422 0.226562 0.210938
2 0.737500 0.515625 0.128125 0.140625
2 0.678906 0.505859 0.042188 0.085938
2 0.657813 0.501953 0.043750 0.074219
2 0.637500 0.495117 0.040625 0.060547
2 0.612500 0.481445 0.040625 0.041016
2 0.607031 0.475586 0.039062 0.044922
2 0.587500 0.472656 0.021875 0.039062
2 0.578906 0.468750 0.017188 0.031250
2 0.571875 0.464844 0.009375 0.023438
2 0.525000 0.455078 0.006250 0.007812
2 0.353125 0.456055 0.046875 0.044922
