9 0.339844 0.375977 0.007812 0.021484
9 0.360938 0.402344 0.012500 0.035156
9 0.394531 0.411133 0.010937 0.029297
9 0.428125 0.354492 0.009375 0.025391
9 0.442969 0.393555 0.007812 0.017578
9 0.483594 0.360352 0.007812 0.025391
11 0.525000 0.429688 0.012500 0.019531
11 0.614844 0.409180 0.017188 0.029297
11 0.369531 0.413086 0.017188 0.021484
11 0.363281 0.463867 0.026562 0.037109
2 0.289062 0.475586 0.056250 0.068359
2 0.242188 0.495117 0.093750 0.087891
2 0.070312 0.564453 0.140625 0.285156
2 0.457813 0.496094 0.090625 0.097656
