5 0.442969 0.396484 0.017188 0.023438
9 0.189844 0.359375 0.014063 0.019531
9 0.600000 0.329102 0.018750 0.021484
11 0.193750 0.390625 0.025000 0.035156
11 0.600781 0.370117 0.029687 0.048828
11 0.505469 0.392578 0.007812 0.011719
0 0.165625 0.463867 0.012500 0.056641
0 0.147656 0.463867 0.010937 0.056641
0 0.153906 0.474609 0.017188 0.070312
0 0.950000 0.427734 0.018750 0.050781
0 0.970313 0.417969 0.012500 0.042969
0 0.937500 0.419922 0.012500 0.058594
0 0.886719 0.423828 0.007812 0.035156
0 0.893750 0.414062 0.009375 0.039062
0 0.920312 0.426758 0.009375 0.044922
0 0.828906 0.422852 0.010937 0.037109
0 0.841406 0.418945 0.010937 0.037109
0 0.850000 0.431641 0.012500 0.046875
0 0.864062 0.430664 0.012500 0.052734
0 0.837500 0.488281 0.028125 0.113281
0 0.800781 0.433594 0.014063 0.054688
0 0.786719 0.436523 0.017188 0.048828
0 0.753906 0.413086 0.010937 0.041016
0 0.725781 0.414062 0.007812 0.023438
0 0.734375 0.408203 0.009375 0.027344
0 0.709375 0.398438 0.006250 0.023438
0 0.737500 0.398438 0.006250 0.023438
0 0.728125 0.398438 0.006250 0.015625
0 0.760938 0.398438 0.009375 0.023438
0 0.891406 0.395508 0.010937 0.029297
0 0.709375 0.483398 0.025000 0.087891
0 0.731250 0.482422 0.031250 0.089844
0 0.731250 0.450195 0.031250 0.048828
0 0.718750 0.457031 0.012500 0.070312
0 0.696094 0.467773 0.014063 0.064453
0 0.658594 0.470703 0.020313 0.074219
0 0.679688 0.469727 0.021875 0.072266
0 0.633594 0.475586 0.023438 0.056641
0 0.681250 0.455078 0.018750 0.070312
0 0.779687 0.399414 0.006250 0.021484
0 0.785937 0.397461 0.006250 0.021484
0 0.642969 0.468750 0.017188 0.054688
0 0.646875 0.442383 0.012500 0.029297
0 0.603125 0.449219 0.015625 0.054688
0 0.622656 0.462891 0.020313 0.054688
0 0.618750 0.441406 0.012500 0.035156
0 0.528906 0.410156 0.004687 0.015625
0 0.534375 0.411133 0.006250 0.017578
0 0.587500 0.416016 0.006250 0.023438
0 0.575781 0.430664 0.007812 0.037109
0 0.611719 0.415039 0.007812 0.025391
0 0.542969 0.409180 0.004687 0.017578
0 0.516406 0.418945 0.004687 0.013672
0 0.567187 0.433594 0.006250 0.031250
0 0.538281 0.431641 0.007812 0.027344
0 0.658594 0.422852 0.014063 0.021484
0 0.650781 0.423828 0.007812 0.023438
0 0.642188 0.429688 0.012500 0.023438
0 0.560937 0.434570 0.009375 0.033203
2 0.066406 0.573242 0.132812 0.275391
2 0.246094 0.510742 0.117188 0.099609
2 0.269531 0.462891 0.060937 0.042969
2 0.303906 0.463867 0.029687 0.048828
2 0.347656 0.458008 0.057813 0.060547
2 0.370312 0.442383 0.037500 0.041016
2 0.387500 0.435547 0.018750 0.035156
2 0.397656 0.417969 0.020313 0.023438
2 0.427344 0.410156 0.017188 0.011719
2 0.423438 0.403320 0.012500 0.009766
2 0.432812 0.441406 0.062500 0.054688
2 0.430469 0.394531 0.010937 0.011719
2 0.421094 0.478516 0.073438 0.070312
2 0.508594 0.514648 0.110937 0.111328
2 0.466406 0.419922 0.026562 0.023438
2 0.475781 0.438477 0.029687 0.041016
2 0.498437 0.442383 0.050000 0.041016
2 0.455469 0.409180 0.017188 0.013672
2 0.396094 0.402344 0.014063 0.011719
2 0.417969 0.398438 0.007812 0.007812
10 0.689844 0.516602 0.020313 0.052734
