9 0.829688 0.499023 0.015625 0.021484
9 0.873437 0.495117 0.012500 0.017578
11 0.667188 0.473633 0.009375 0.021484
0 0.087500 0.544922 0.009375 0.039062
0 0.946094 0.537109 0.014063 0.035156
0 0.937500 0.534180 0.009375 0.025391
0 0.916406 0.541992 0.014063 0.037109
0 0.897656 0.538086 0.010937 0.033203
0 0.872656 0.532227 0.010937 0.025391
2 0.953906 0.635742 0.089063 0.169922
2 0.737500 0.586914 0.137500 0.166016
2 0.603125 0.574219 0.103125 0.093750
2 0.500000 0.559570 0.040625 0.052734
2 0.432812 0.585938 0.115625 0.148438
2 0.362500 0.672852 0.234375 0.236328
2 0.193750 0.549805 0.062500 0.041016
2 0.275781 0.541992 0.054688 0.029297
2 0.331250 0.543945 0.075000 0.025391
2 0.050000 0.555664 0.050000 0.041016
2 0.021875 0.571289 0.043750 0.052734
2 0.654687 0.543945 0.028125 0.037109
