5 0.619531 0.524414 0.176563 0.193359
11 0.783594 0.367188 0.026562 0.054688
11 0.960156 0.456055 0.076563 0.021484
11 0.959375 0.426758 0.078125 0.021484
11 0.962500 0.390625 0.071875 0.035156
11 0.960156 0.358398 0.076563 0.021484
11 0.979688 0.322266 0.037500 0.035156
11 0.822656 0.428711 0.039062 0.048828
11 0.822656 0.468750 0.026562 0.027344
0 0.218750 0.545898 0.018750 0.052734
0 0.196875 0.541992 0.018750 0.056641
0 0.171094 0.531250 0.017188 0.035156
0 0.255469 0.545898 0.017188 0.052734
2 0.489063 0.560547 0.084375 0.105469
2 0.421875 0.561523 0.050000 0.083984
2 0.336719 0.568359 0.117188 0.105469
