0 0.531250 0.435547 0.006250 0.027344
0 0.704688 0.486328 0.021875 0.085938
0 0.543750 0.443359 0.012500 0.039062
0 0.558594 0.428711 0.007812 0.021484
2 0.033594 0.507812 0.067187 0.101562
2 0.217969 0.521484 0.139063 0.144531
2 0.300781 0.505859 0.057813 0.089844
2 0.315625 0.486328 0.071875 0.078125
2 0.356250 0.480469 0.046875 0.066406
2 0.360156 0.465820 0.057813 0.060547
2 0.410938 0.448242 0.034375 0.033203
2 0.432031 0.440430 0.026562 0.029297
2 0.445312 0.425781 0.015625 0.015625
2 0.450781 0.420898 0.017188 0.017578
2 0.460938 0.422852 0.009375 0.013672
2 0.466406 0.421875 0.007812 0.011719
2 0.511719 0.427734 0.020313 0.019531
2 0.870313 0.660156 0.256250 0.265625
2 0.917969 0.498047 0.160938 0.128906
2 0.771094 0.484375 0.082812 0.113281
2 0.702344 0.467773 0.076563 0.060547
2 0.675781 0.454102 0.067187 0.048828
2 0.653125 0.443359 0.056250 0.042969
2 0.607812 0.441406 0.040625 0.031250
2 0.592969 0.428711 0.032813 0.033203
2 0.578906 0.428711 0.017188 0.029297
2 0.353906 0.434570 0.057813 0.017578
1 0.543750 0.451172 0.012500 0.023438
