5 0.344531 0.451172 0.060937 0.070312
9 0.662500 0.308594 0.006250 0.027344
9 0.470313 0.335938 0.009375 0.027344
9 0.560156 0.423828 0.004687 0.011719
9 0.378906 0.428711 0.007812 0.009766
9 0.169531 0.329102 0.014063 0.041016
9 0.460938 0.426758 0.003125 0.005859
9 0.492188 0.423828 0.003125 0.007812
9 0.083594 0.400391 0.014063 0.042969
9 0.107031 0.398438 0.017188 0.039062
9 0.300000 0.303711 0.015625 0.044922
11 0.677344 0.312500 0.007812 0.023438
11 0.492188 0.322266 0.009375 0.011719
11 0.620313 0.367188 0.012500 0.027344
11 0.618750 0.338867 0.025000 0.037109
11 0.614844 0.416992 0.010937 0.017578
11 0.614844 0.429688 0.010937 0.007812
11 0.608594 0.408203 0.014063 0.015625
11 0.573438 0.434570 0.006250 0.005859
11 0.417187 0.428711 0.009375 0.017578
11 0.303125 0.408203 0.021875 0.027344
11 0.304688 0.436523 0.025000 0.029297
11 0.305469 0.463867 0.017188 0.025391
11 0.175000 0.378906 0.031250 0.050781
11 0.176563 0.426758 0.031250 0.041016
11 0.178125 0.477539 0.031250 0.041016
11 0.097656 0.342773 0.029687 0.013672
11 0.110937 0.441406 0.018750 0.011719
11 0.259375 0.288086 0.031250 0.025391
11 0.510156 0.432617 0.004687 0.005859
11 0.709375 0.328125 0.009375 0.023438
1 0.600000 0.518555 0.037500 0.080078
2 0.180469 0.484375 0.101562 0.050781
2 0.275000 0.476562 0.043750 0.039062
2 0.300781 0.469727 0.032813 0.033203
2 0.489844 0.466797 0.114062 0.042969
2 0.376563 0.474609 0.084375 0.085938
2 0.328125 0.478516 0.018750 0.042969
2 0.402344 0.465820 0.057813 0.072266
2 0.566406 0.457031 0.035937 0.039062
0 0.601562 0.479492 0.037500 0.111328
