11 0.042188 0.389648 0.084375 0.228516
0 0.584375 0.484375 0.028125 0.136719
7 0.534375 0.449219 0.037500 0.082031
2 0.164844 0.505859 0.189062 0.171875
2 0.277344 0.492188 0.076563 0.121094
2 0.322656 0.498047 0.035937 0.074219
7 0.337500 0.462891 0.087500 0.117188
2 0.391406 0.475586 0.023438 0.044922
2 0.411719 0.471680 0.029687 0.037109
2 0.485156 0.476562 0.045312 0.042969
2 0.583594 0.475586 0.104688 0.134766
2 0.661719 0.475586 0.054688 0.091797
2 0.741406 0.532227 0.210938 0.212891
2 0.906250 0.542969 0.168750 0.171875
