11 0.453906 0.434570 0.004687 0.001953
0 0.688281 0.470703 0.020313 0.050781
0 0.582031 0.444336 0.007812 0.017578
0 0.590625 0.448242 0.006250 0.021484
0 0.672656 0.465820 0.017188 0.052734
0 0.655469 0.466797 0.014063 0.050781
0 0.946094 0.491211 0.020313 0.083984
0 0.964063 0.488281 0.015625 0.082031
0 0.936719 0.464844 0.010937 0.039062
0 0.883594 0.446289 0.010937 0.013672
0 0.352344 0.458008 0.010937 0.037109
0 0.365625 0.450195 0.009375 0.021484
0 0.378125 0.444336 0.006250 0.021484
0 0.384375 0.442383 0.006250 0.021484
0 0.509375 0.454102 0.009375 0.041016
7 0.552344 0.429688 0.023438 0.023438
2 0.460938 0.444336 0.025000 0.017578
2 0.478125 0.445312 0.025000 0.019531
2 0.497656 0.450195 0.020313 0.025391
2 0.438281 0.456055 0.029687 0.033203
2 0.383594 0.486328 0.070312 0.066406
2 0.551562 0.449219 0.018750 0.023438
2 0.567187 0.452148 0.031250 0.017578
2 0.539062 0.449219 0.018750 0.019531
2 0.526563 0.450195 0.012500 0.017578
2 0.633594 0.450195 0.039062 0.025391
2 0.822656 0.556641 0.217188 0.195312
2 0.585938 0.500000 0.181250 0.078125
2 0.884375 0.478516 0.093750 0.050781
2 0.787500 0.463867 0.090625 0.048828
2 0.753906 0.465820 0.076563 0.044922
