9 0.130469 0.353516 0.017188 0.058594
9 0.698438 0.401367 0.018750 0.025391
9 0.689844 0.339844 0.014063 0.054688
9 0.123438 0.416016 0.018750 0.023438
9 0.371875 0.441406 0.003125 0.011719
9 0.374219 0.449219 0.001563 0.003906
11 0.132812 0.395508 0.037500 0.017578
11 0.165625 0.300781 0.071875 0.023438
11 0.597656 0.404297 0.014063 0.023438
11 0.253125 0.413086 0.009375 0.017578
2 0.139063 0.529297 0.256250 0.195312
2 0.275000 0.491211 0.068750 0.076172
2 0.291406 0.482422 0.070312 0.070312
2 0.364063 0.490234 0.040625 0.058594
2 0.462500 0.511719 0.193750 0.230469
