1 0.649219 0.544922 0.035937 0.113281
1 0.539844 0.537109 0.045312 0.101562
1 0.472656 0.488281 0.023438 0.054688
1 0.439063 0.494141 0.031250 0.066406
1 0.421875 0.478516 0.021875 0.046875
1 0.394531 0.471680 0.010937 0.029297
1 0.371094 0.467773 0.026562 0.056641
1 0.350781 0.472656 0.007812 0.023438
1 0.319531 0.473633 0.007812 0.017578
2 0.153906 0.445312 0.073438 0.078125
2 0.179688 0.441406 0.056250 0.078125
0 0.648438 0.492188 0.056250 0.187500
0 0.541406 0.494141 0.045312 0.136719
0 0.439844 0.459961 0.035937 0.115234
0 0.471094 0.462891 0.026562 0.085938
0 0.370312 0.445312 0.031250 0.089844
0 0.393750 0.451172 0.018750 0.058594
0 0.350000 0.456055 0.018750 0.048828
0 0.317188 0.460938 0.012500 0.031250
0 0.422656 0.445312 0.023438 0.082031
