9 0.746875 0.180664 0.028125 0.115234
9 0.589844 0.358398 0.010937 0.041016
9 0.728125 0.204102 0.046875 0.134766
9 0.448437 0.255859 0.012500 0.042969
9 0.297656 0.355469 0.010937 0.039062
0 0.305469 0.450195 0.010937 0.037109
0 0.314063 0.457031 0.012500 0.050781
0 0.323437 0.436523 0.012500 0.013672
0 0.382031 0.460938 0.010937 0.042969
0 0.456250 0.451172 0.006250 0.019531
0 0.469531 0.451172 0.004687 0.019531
0 0.760938 0.489258 0.025000 0.087891
0 0.775000 0.490234 0.018750 0.082031
0 0.790625 0.489258 0.018750 0.083984
0 0.803125 0.484375 0.015625 0.066406
0 0.614062 0.463867 0.021875 0.064453
0 0.650781 0.465820 0.020313 0.068359
0 0.662500 0.462891 0.018750 0.066406
0 0.672656 0.458984 0.017188 0.066406
0 0.688281 0.457031 0.007812 0.042969
1 0.191406 0.468750 0.039062 0.031250
1 0.403125 0.479492 0.018750 0.029297
1 0.803906 0.574219 0.064062 0.136719
1 0.956250 0.574219 0.084375 0.191406
1 0.923438 0.578125 0.103125 0.191406
2 0.525781 0.458008 0.020313 0.025391
2 0.428125 0.454102 0.018750 0.025391
2 0.443750 0.452148 0.015625 0.017578
0 0.403125 0.462891 0.021875 0.046875
10 0.557813 0.481445 0.009375 0.025391
