0 0.524219 0.450195 0.007812 0.033203
0 0.516406 0.452148 0.010937 0.033203
0 0.508594 0.450195 0.007812 0.029297
0 0.503125 0.435547 0.003125 0.011719
0 0.264844 0.531250 0.039062 0.109375
1 0.482031 0.441406 0.004687 0.007812
2 0.904687 0.791992 0.187500 0.412109
2 0.739844 0.572266 0.176563 0.156250
2 0.662500 0.534180 0.103125 0.099609
2 0.632812 0.503906 0.093750 0.093750
2 0.593750 0.496094 0.034375 0.066406
2 0.588281 0.476562 0.054688 0.062500
2 0.561719 0.474609 0.020313 0.046875
2 0.564063 0.460938 0.040625 0.042969
2 0.549219 0.458984 0.017188 0.039062
2 0.543750 0.453125 0.031250 0.035156
2 0.483594 0.433594 0.007812 0.007812
2 0.475781 0.436523 0.007812 0.013672
2 0.470313 0.439453 0.012500 0.015625
2 0.460938 0.443359 0.015625 0.015625
2 0.446094 0.447266 0.020313 0.023438
2 0.429688 0.454102 0.031250 0.037109
2 0.414062 0.460938 0.025000 0.035156
2 0.403906 0.467773 0.020313 0.041016
2 0.380469 0.466797 0.039062 0.054688
2 0.371094 0.485352 0.023438 0.052734
2 0.353906 0.490234 0.032813 0.062500
2 0.332813 0.497070 0.043750 0.068359
2 0.279687 0.501953 0.087500 0.105469
2 0.222656 0.539062 0.126562 0.109375
2 0.095312 0.585938 0.187500 0.152344
2 0.025781 0.641602 0.051562 0.146484
2 0.229687 0.450195 0.028125 0.017578
2 0.254688 0.450195 0.028125 0.017578
2 0.328125 0.447266 0.025000 0.023438
2 0.350000 0.446289 0.028125 0.025391
2 0.306250 0.446289 0.031250 0.029297
0 0.489844 0.437500 0.004687 0.015625
0 0.482031 0.438477 0.004687 0.013672
