1 0.553125 0.501953 0.015625 0.039062
1 0.570312 0.506836 0.015625 0.037109
1 0.585938 0.511719 0.015625 0.039062
1 0.600000 0.512695 0.021875 0.048828
1 0.644531 0.515625 0.026562 0.062500
1 0.671094 0.525391 0.032813 0.070312
1 0.704688 0.534180 0.034375 0.068359
1 0.876563 0.576172 0.062500 0.117188
2 0.480469 0.481445 0.020313 0.017578
2 0.902344 0.522461 0.192188 0.208984
2 0.037500 0.470703 0.075000 0.113281
0 0.553906 0.489258 0.014063 0.052734
0 0.571875 0.493164 0.015625 0.052734
0 0.586719 0.497070 0.017188 0.056641
0 0.601562 0.496094 0.021875 0.070312
0 0.646094 0.497070 0.023438 0.087891
0 0.672656 0.500000 0.029687 0.097656
0 0.702344 0.508789 0.029687 0.107422
0 0.872656 0.529297 0.051562 0.167969
2 0.766406 0.496094 0.104688 0.066406
