11 0.396094 0.418945 0.017188 0.021484
11 0.728125 0.409180 0.021875 0.041016
0 0.737500 0.463867 0.018750 0.029297
0 0.555469 0.450195 0.004687 0.009766
0 0.550781 0.454102 0.004687 0.013672
0 0.546094 0.455078 0.004687 0.015625
0 0.538281 0.451172 0.004687 0.015625
0 0.533594 0.451172 0.004687 0.015625
0 0.528906 0.452148 0.004687 0.013672
1 0.490625 0.460938 0.006250 0.015625
2 0.965625 0.522461 0.065625 0.123047
2 0.875781 0.587891 0.242188 0.218750
2 0.747656 0.544922 0.132812 0.140625
2 0.673438 0.500977 0.081250 0.083984
2 0.636719 0.467773 0.020313 0.029297
2 0.596094 0.472656 0.039062 0.039062
2 0.576562 0.466797 0.012500 0.019531
2 0.561719 0.459961 0.017188 0.021484
2 0.517969 0.454102 0.017188 0.021484
2 0.504687 0.452148 0.009375 0.013672
2 0.496875 0.451172 0.006250 0.015625
2 0.483594 0.453125 0.007812 0.019531
2 0.479687 0.458008 0.009375 0.017578
2 0.475000 0.459961 0.012500 0.025391
2 0.458594 0.458984 0.026562 0.035156
2 0.457031 0.463867 0.017188 0.029297
2 0.431250 0.463867 0.040625 0.041016
2 0.355469 0.472656 0.051562 0.042969
2 0.300781 0.487305 0.092188 0.111328
2 0.263281 0.509766 0.085938 0.109375
2 0.120313 0.515625 0.225000 0.187500
2 0.717187 0.471680 0.021875 0.029297
2 0.893750 0.479492 0.112500 0.037109
0 0.490625 0.453125 0.009375 0.027344
