9 0.737500 0.250000 0.025000 0.082031
9 0.659375 0.228516 0.031250 0.089844
9 0.607031 0.155273 0.017188 0.064453
9 0.746094 0.347656 0.026562 0.039062
9 0.372656 0.342773 0.010937 0.025391
9 0.343750 0.328125 0.012500 0.054688
9 0.163281 0.262695 0.010937 0.044922
9 0.305469 0.335938 0.010937 0.035156
9 0.683594 0.335938 0.020313 0.039062
11 0.703906 0.183594 0.054688 0.042969
11 0.183594 0.254883 0.020313 0.025391
11 0.205469 0.254883 0.020313 0.021484
11 0.242969 0.295898 0.042188 0.013672
11 0.693750 0.383789 0.028125 0.033203
0 0.576562 0.467773 0.028125 0.115234
0 0.588281 0.459961 0.023438 0.103516
0 0.268750 0.417969 0.015625 0.058594
2 0.970313 0.435547 0.056250 0.042969
2 0.789844 0.440430 0.135937 0.056641
2 0.675781 0.439453 0.126562 0.050781
2 0.544531 0.434570 0.151562 0.052734
2 0.485156 0.428711 0.129688 0.060547
2 0.198437 0.478516 0.109375 0.101562
2 0.039844 0.417969 0.051562 0.046875
2 0.086719 0.411133 0.042188 0.037109
2 0.064062 0.391602 0.037500 0.033203
2 0.165625 0.390625 0.056250 0.035156
2 0.190625 0.401367 0.046875 0.033203
2 0.265625 0.391602 0.062500 0.044922
2 0.210938 0.393555 0.040625 0.033203
2 0.092969 0.385742 0.035937 0.029297
