11 0.794531 0.388672 0.029687 0.042969
0 0.392969 0.434570 0.007812 0.021484
0 0.408594 0.441406 0.007812 0.019531
0 0.422656 0.444336 0.010937 0.033203
0 0.435937 0.435547 0.006250 0.019531
0 0.604688 0.437500 0.003125 0.019531
0 0.596875 0.432617 0.006250 0.013672
0 0.656250 0.438477 0.009375 0.017578
0 0.639062 0.448242 0.012500 0.041016
0 0.896875 0.487305 0.028125 0.103516
0 0.842187 0.475586 0.018750 0.072266
0 0.495312 0.441406 0.009375 0.027344
0 0.773438 0.471680 0.012500 0.033203
1 0.580469 0.467773 0.017188 0.033203
1 0.831250 0.484375 0.053125 0.046875
7 0.578125 0.421875 0.021875 0.019531
2 0.472656 0.458984 0.057813 0.046875
2 0.500000 0.435547 0.012500 0.011719
2 0.512500 0.435547 0.021875 0.015625
2 0.519531 0.437500 0.010937 0.015625
2 0.535156 0.442383 0.026562 0.029297
2 0.588281 0.444336 0.029687 0.029297
2 0.566406 0.441406 0.014063 0.019531
2 0.680469 0.477539 0.085938 0.095703
2 0.783594 0.455078 0.057813 0.039062
2 0.767188 0.449219 0.050000 0.027344
2 0.756250 0.442383 0.043750 0.025391
2 0.557031 0.440430 0.010937 0.013672
0 0.580469 0.453125 0.017188 0.050781
10 0.224219 0.505859 0.023438 0.039062
