9 0.749219 0.474609 0.007812 0.023438
11 0.039062 0.264648 0.056250 0.107422
11 0.032031 0.338867 0.042188 0.041016
11 0.743750 0.447266 0.009375 0.015625
11 0.732812 0.464844 0.021875 0.007812
11 0.821875 0.463867 0.018750 0.025391
11 0.851562 0.407227 0.015625 0.025391
11 0.866406 0.498047 0.010937 0.019531
0 0.700781 0.540039 0.007812 0.041016
0 0.755469 0.538086 0.010937 0.025391
0 0.761719 0.555664 0.026562 0.056641
0 0.777344 0.539062 0.014063 0.031250
0 0.789062 0.537109 0.012500 0.035156
0 0.835938 0.537109 0.015625 0.031250
0 0.889062 0.550781 0.025000 0.050781
0 0.897656 0.549805 0.017188 0.060547
0 0.921875 0.576172 0.031250 0.105469
0 0.957031 0.579102 0.023438 0.095703
0 0.976562 0.582031 0.031250 0.105469
0 0.109375 0.568359 0.034375 0.105469
0 0.175000 0.555664 0.028125 0.083984
0 0.290625 0.552734 0.021875 0.074219
0 0.315625 0.554688 0.018750 0.070312
0 0.305469 0.543945 0.014063 0.056641
0 0.360156 0.541016 0.010937 0.042969
0 0.385156 0.539062 0.010937 0.035156
0 0.414062 0.536133 0.012500 0.037109
0 0.417969 0.546875 0.014063 0.042969
0 0.430469 0.536133 0.010937 0.037109
0 0.450781 0.536133 0.010937 0.033203
0 0.464062 0.535156 0.009375 0.027344
7 0.545312 0.511719 0.068750 0.082031
7 0.647656 0.533203 0.067187 0.070312
2 0.518750 0.641602 0.196875 0.193359
2 0.828906 0.623047 0.176563 0.140625
