0 0.692969 0.480469 0.014063 0.058594
0 0.605469 0.461914 0.007812 0.025391
0 0.594531 0.456055 0.004687 0.009766
1 0.545312 0.469727 0.006250 0.017578
1 0.527344 0.468750 0.007812 0.019531
2 0.900000 0.630859 0.196875 0.277344
2 0.921094 0.500977 0.154688 0.091797
2 0.867969 0.499023 0.142187 0.091797
2 0.820312 0.491211 0.090625 0.068359
2 0.771875 0.492188 0.046875 0.054688
2 0.748437 0.481445 0.062500 0.068359
2 0.700000 0.468750 0.043750 0.039062
2 0.659375 0.461914 0.021875 0.025391
2 0.643750 0.459961 0.015625 0.021484
2 0.622656 0.459961 0.017188 0.021484
2 0.584375 0.464844 0.025000 0.023438
2 0.567969 0.455078 0.007812 0.007812
2 0.555469 0.452148 0.014063 0.013672
2 0.528906 0.458984 0.020313 0.023438
2 0.517188 0.464844 0.012500 0.023438
2 0.503125 0.463867 0.028125 0.033203
2 0.503125 0.466797 0.021875 0.027344
2 0.481250 0.465820 0.031250 0.037109
2 0.475000 0.471680 0.031250 0.037109
2 0.436719 0.471680 0.054688 0.060547
2 0.388281 0.480469 0.064062 0.082031
2 0.363281 0.492188 0.082812 0.078125
2 0.253906 0.496094 0.164062 0.164062
2 0.099219 0.545898 0.198437 0.181641
2 0.020313 0.601562 0.040625 0.152344
0 0.544531 0.458984 0.010937 0.027344
0 0.528906 0.459961 0.010937 0.029297
