5 0.550000 0.502930 0.031250 0.044922
9 0.017188 0.076172 0.034375 0.152344
9 0.028125 0.476562 0.037500 0.105469
9 0.432031 0.455078 0.010937 0.039062
11 0.169531 0.488281 0.023438 0.027344
11 0.790625 0.442383 0.046875 0.072266
0 0.080469 0.574219 0.029687 0.093750
0 0.060937 0.585938 0.034375 0.089844
0 0.764062 0.531250 0.018750 0.054688
0 0.708594 0.508789 0.007812 0.021484
2 0.290625 0.553711 0.071875 0.056641
2 0.373437 0.549805 0.068750 0.068359
2 0.945312 0.551758 0.075000 0.064453
2 0.832812 0.533203 0.065625 0.054688
2 0.635938 0.530273 0.037500 0.041016
2 0.603906 0.523438 0.026562 0.027344
2 0.583594 0.510742 0.020313 0.029297
2 0.571094 0.512695 0.010937 0.013672
