11 0.653906 0.315430 0.042188 0.009766
11 0.631250 0.341797 0.009375 0.019531
11 0.808594 0.406250 0.010937 0.023438
2 0.025000 0.433594 0.050000 0.164062
2 0.127344 0.418945 0.123438 0.103516
2 0.203125 0.410156 0.059375 0.085938
2 0.237500 0.403320 0.040625 0.072266
2 0.265625 0.403320 0.031250 0.048828
2 0.278125 0.392578 0.050000 0.054688
2 0.314063 0.391602 0.025000 0.037109
2 0.332813 0.383789 0.040625 0.041016
2 0.358594 0.380859 0.023438 0.023438
2 0.431250 0.374023 0.028125 0.029297
2 0.444531 0.404297 0.060937 0.054688
2 0.515625 0.391602 0.034375 0.037109
2 0.519531 0.399414 0.014063 0.041016
2 0.529687 0.400391 0.012500 0.042969
2 0.557031 0.402344 0.060937 0.062500
10 0.842187 0.436523 0.012500 0.033203
