9 0.057813 0.346680 0.028125 0.099609
9 0.038281 0.576172 0.014063 0.054688
11 0.029687 0.430664 0.040625 0.052734
11 0.029687 0.471680 0.037500 0.021484
0 0.117188 0.649414 0.034375 0.130859
0 0.114062 0.618164 0.068750 0.146484
0 0.157812 0.593750 0.034375 0.128906
0 0.210938 0.619141 0.028125 0.128906
0 0.357031 0.576172 0.014063 0.070312
0 0.484375 0.556641 0.012500 0.027344
0 0.505469 0.551758 0.014063 0.029297
0 0.818750 0.549805 0.009375 0.025391
0 0.799219 0.551758 0.004687 0.025391
7 0.926562 0.589844 0.143750 0.167969
2 0.642188 0.695312 0.334375 0.351562
2 0.864844 0.590820 0.057813 0.091797
2 0.435937 0.626953 0.050000 0.058594
2 0.466406 0.610352 0.048438 0.060547
