11 0.377344 0.420898 0.017188 0.017578
2 0.228125 0.425781 0.018750 0.015625
2 0.159375 0.442383 0.015625 0.013672
2 0.425000 0.479492 0.053125 0.052734
2 0.439844 0.429688 0.014063 0.015625
2 0.407031 0.416016 0.014063 0.011719
2 0.387500 0.414062 0.009375 0.011719
2 0.409375 0.408203 0.009375 0.007812
2 0.457031 0.404297 0.007812 0.007812
2 0.446094 0.401367 0.007812 0.009766
2 0.284375 0.420898 0.012500 0.009766
2 0.365625 0.401367 0.009375 0.009766
2 0.452344 0.393555 0.007812 0.009766
2 0.385156 0.398438 0.007812 0.007812
2 0.404687 0.395508 0.006250 0.005859
2 0.421094 0.388672 0.007812 0.007812
