11 0.417187 0.414062 0.012500 0.015625
11 0.689063 0.357422 0.031250 0.011719
11 0.688281 0.382812 0.023438 0.027344
11 0.689844 0.399414 0.010937 0.009766
0 0.311719 0.495117 0.026562 0.095703
0 0.339844 0.493164 0.026562 0.091797
0 0.568750 0.500000 0.028125 0.109375
2 0.114844 0.535156 0.139063 0.148438
2 0.033594 0.535156 0.067187 0.203125
2 0.222656 0.515625 0.114062 0.109375
2 0.382031 0.463867 0.067187 0.048828
2 0.322656 0.452148 0.060937 0.037109
2 0.507031 0.471680 0.039062 0.037109
2 0.528906 0.473633 0.014063 0.025391
2 0.540625 0.474609 0.015625 0.023438
2 0.546094 0.464844 0.020313 0.015625
2 0.554688 0.473633 0.009375 0.021484
2 0.873437 0.672852 0.250000 0.357422
2 0.967187 0.869141 0.062500 0.257812
2 0.720313 0.545898 0.150000 0.138672
2 0.653906 0.526367 0.073438 0.111328
0 0.609375 0.510742 0.056250 0.173828
0 0.580469 0.491211 0.014063 0.103516
78 0.571094 0.558594 0.014063 0.007812
78 0.581250 0.544922 0.012500 0.007812
78 0.606250 0.601562 0.021875 0.011719
