11 0.509375 0.436523 0.009375 0.013672
1 0.207031 0.528320 0.042188 0.087891
2 0.840625 0.555664 0.315625 0.275391
2 0.666406 0.498047 0.182812 0.199219
2 0.578125 0.505859 0.037500 0.085938
2 0.549219 0.489258 0.054688 0.056641
2 0.532031 0.479492 0.051562 0.060547
2 0.503906 0.477539 0.020313 0.044922
2 0.489063 0.476562 0.015625 0.031250
2 0.476562 0.469727 0.015625 0.021484
2 0.465625 0.457031 0.012500 0.015625
2 0.474219 0.462891 0.020313 0.015625
2 0.434375 0.462891 0.009375 0.007812
2 0.425000 0.467773 0.018750 0.025391
2 0.404687 0.475586 0.034375 0.033203
2 0.369531 0.476562 0.029687 0.031250
2 0.340625 0.481445 0.037500 0.037109
2 0.305469 0.490234 0.048438 0.042969
2 0.263281 0.492188 0.042188 0.070312
2 0.209375 0.496094 0.103125 0.101562
2 0.142969 0.518555 0.098437 0.099609
2 0.052344 0.521484 0.104688 0.183594
0 0.213281 0.486328 0.051562 0.121094
