11 0.174219 0.383789 0.020313 0.013672
11 0.176563 0.355469 0.034375 0.039062
11 0.733594 0.367188 0.017188 0.031250
11 0.546094 0.352539 0.020313 0.021484
11 0.544531 0.373047 0.026562 0.015625
1 0.585156 0.497070 0.026562 0.052734
1 0.516406 0.485352 0.010937 0.048828
2 0.135937 0.492188 0.271875 0.222656
2 0.410938 0.466797 0.143750 0.109375
2 0.846875 0.478516 0.140625 0.078125
2 0.768750 0.493164 0.059375 0.033203
2 0.750781 0.481445 0.051562 0.041016
0 0.511719 0.451172 0.023438 0.027344
0 0.584375 0.470703 0.031250 0.066406
