9 0.773438 0.334961 0.025000 0.099609
11 0.295312 0.399414 0.043750 0.041016
3 0.576562 0.594727 0.081250 0.154297
2 0.641406 0.526367 0.095312 0.111328
2 0.053906 0.584961 0.092188 0.044922
2 0.009375 0.567383 0.018750 0.029297
2 0.224219 0.504883 0.042188 0.021484
2 0.064062 0.540039 0.075000 0.048828
2 0.265625 0.502930 0.028125 0.013672
2 0.436719 0.483398 0.020313 0.013672
2 0.506250 0.476562 0.012500 0.011719
2 0.519531 0.473633 0.014063 0.013672
2 0.549219 0.475586 0.017188 0.021484
2 0.534375 0.472656 0.015625 0.019531
2 0.474219 0.479492 0.020313 0.021484
2 0.496094 0.485352 0.017188 0.021484
0 0.579688 0.561523 0.075000 0.181641
78 0.059375 0.492188 0.084375 0.062500
