5 0.842187 0.404297 0.312500 0.109375
5 0.514062 0.448242 0.056250 0.080078
5 0.433594 0.453125 0.095312 0.039062
0 0.096094 0.492188 0.017188 0.066406
0 0.117969 0.491211 0.020313 0.068359
0 0.549219 0.459961 0.007812 0.037109
0 0.553125 0.459961 0.009375 0.041016
0 0.557813 0.453125 0.006250 0.031250
0 0.578906 0.467773 0.014063 0.052734
0 0.578125 0.446289 0.012500 0.029297
0 0.587500 0.454102 0.009375 0.037109
0 0.596094 0.462891 0.014063 0.062500
0 0.610938 0.476562 0.018750 0.082031
0 0.628125 0.458984 0.015625 0.050781
0 0.646094 0.465820 0.023438 0.099609
0 0.664844 0.458984 0.023438 0.085938
2 0.771875 0.441406 0.121875 0.085938
2 0.853906 0.434570 0.148438 0.091797
2 0.875781 0.523438 0.245312 0.207031
5 0.635938 0.422852 0.087500 0.017578
