9 0.602344 0.370117 0.014063 0.048828
9 0.394531 0.288086 0.017188 0.037109
9 0.173437 0.228516 0.018750 0.050781
9 0.455469 0.385742 0.004687 0.009766
9 0.775000 0.327148 0.015625 0.037109
11 0.680469 0.327148 0.023438 0.064453
0 0.539062 0.425781 0.006250 0.019531
2 0.049219 0.479492 0.098437 0.087891
2 0.240625 0.446289 0.065625 0.068359
2 0.300781 0.446289 0.042188 0.037109
2 0.350781 0.457031 0.082812 0.082031
2 0.400781 0.439453 0.042188 0.050781
2 0.429688 0.435547 0.025000 0.031250
2 0.475000 0.430664 0.025000 0.029297
10 0.754687 0.440430 0.009375 0.025391
