11 0.744531 0.515625 0.017188 0.007812
11 0.743750 0.497070 0.021875 0.025391
0 0.395313 0.573242 0.012500 0.044922
0 0.520312 0.558594 0.006250 0.023438
0 0.525781 0.556641 0.004687 0.023438
0 0.536719 0.554688 0.004687 0.023438
0 0.730469 0.569336 0.014063 0.052734
0 0.742969 0.566406 0.010937 0.050781
0 0.753906 0.570312 0.010937 0.050781
0 0.764844 0.565430 0.010937 0.048828
0 0.934375 0.583984 0.031250 0.109375
0 0.899219 0.584961 0.035937 0.111328
0 0.865625 0.577148 0.025000 0.099609
0 0.842969 0.575195 0.020313 0.095703
0 0.701562 0.552734 0.009375 0.023438
0 0.710156 0.551758 0.007812 0.021484
2 0.139844 0.592773 0.060937 0.052734
2 0.352344 0.567383 0.042188 0.037109
2 0.578125 0.572266 0.037500 0.039062
2 0.625000 0.561523 0.025000 0.025391
