11 0.545312 0.456055 0.015625 0.033203
0 0.520312 0.464844 0.025000 0.078125
0 0.160938 0.439453 0.015625 0.019531
0 0.132812 0.447266 0.012500 0.042969
2 0.794531 0.453125 0.085938 0.050781
2 0.668750 0.461914 0.096875 0.064453
2 0.371094 0.461914 0.039062 0.037109
2 0.338281 0.451172 0.026562 0.027344
78 0.802344 0.507812 0.392188 0.218750
78 0.151562 0.459961 0.303125 0.119141
78 0.556250 0.441406 0.150000 0.101562
78 0.455469 0.460938 0.085938 0.054688
78 0.400000 0.455078 0.062500 0.046875
78 0.244531 0.434570 0.114062 0.064453
