9 0.769531 0.399414 0.017188 0.068359
11 0.619531 0.479492 0.017188 0.021484
11 0.622656 0.499023 0.014063 0.013672
11 0.623437 0.510742 0.009375 0.009766
0 0.239844 0.554688 0.010937 0.027344
0 0.307812 0.555664 0.015625 0.025391
0 0.152344 0.576172 0.014063 0.042969
0 0.128906 0.577148 0.014063 0.060547
0 0.106250 0.559570 0.018750 0.037109
0 0.723437 0.543945 0.025000 0.052734
0 0.820312 0.580078 0.031250 0.105469
0 0.917969 0.556641 0.035937 0.078125
0 0.877344 0.562500 0.035937 0.062500
0 0.958594 0.550781 0.039062 0.082031
0 0.987500 0.547852 0.021875 0.087891
0 0.860156 0.552734 0.023438 0.058594
0 0.775781 0.531250 0.017188 0.058594
0 0.648438 0.558594 0.018750 0.050781
0 0.687500 0.554688 0.015625 0.031250
0 0.669531 0.540039 0.017188 0.025391
0 0.610156 0.549805 0.010937 0.033203
0 0.507812 0.549805 0.006250 0.021484
0 0.667969 0.556641 0.020313 0.031250
0 0.805469 0.551758 0.014063 0.048828
0 0.701562 0.547852 0.015625 0.044922
2 0.064844 0.640625 0.129688 0.140625
2 0.190625 0.612305 0.112500 0.091797
2 0.486719 0.628906 0.129688 0.136719
2 0.305469 0.585938 0.035937 0.050781
2 0.249219 0.602539 0.042188 0.060547
2 0.269531 0.591797 0.048438 0.066406
2 0.883594 0.742188 0.229687 0.296875
2 0.693750 0.634766 0.153125 0.128906
2 0.570312 0.573242 0.065625 0.052734
2 0.538281 0.569336 0.023438 0.041016
2 0.380469 0.563477 0.035937 0.033203
2 0.400781 0.559570 0.017188 0.025391
2 0.484375 0.553711 0.028125 0.013672
2 0.458594 0.553711 0.020313 0.021484
2 0.441406 0.554688 0.020313 0.023438
