0 0.927344 0.583008 0.051562 0.103516
0 0.517969 0.490234 0.007812 0.023438
0 0.511719 0.487305 0.004687 0.017578
1 0.876563 0.564453 0.043750 0.046875
2 0.058594 0.683594 0.117188 0.210938
2 0.134375 0.624023 0.168750 0.166016
2 0.228906 0.589844 0.110937 0.117188
2 0.316406 0.549805 0.082812 0.076172
2 0.350781 0.531250 0.060937 0.074219
2 0.386719 0.520508 0.029687 0.044922
2 0.403906 0.514648 0.017188 0.033203
2 0.419531 0.510742 0.020313 0.025391
2 0.900781 0.797852 0.195312 0.349609
2 0.655469 0.524414 0.092188 0.068359
2 0.584375 0.522461 0.021875 0.048828
2 0.565625 0.519531 0.021875 0.046875
2 0.552344 0.514648 0.020313 0.041016
2 0.425781 0.502930 0.023438 0.033203
2 0.082031 0.525391 0.142187 0.054688
0 0.457813 0.509766 0.015625 0.058594
0 0.881250 0.531250 0.028125 0.078125
78 0.457813 0.537109 0.015625 0.011719
