5 0.549219 0.525391 0.017188 0.027344
9 0.482812 0.475586 0.006250 0.021484
9 0.493750 0.490234 0.006250 0.015625
9 0.178906 0.497070 0.010937 0.021484
11 0.920312 0.453125 0.018750 0.023438
11 0.919531 0.475586 0.017188 0.021484
11 0.921094 0.496094 0.020313 0.019531
11 0.817187 0.500977 0.006250 0.025391
11 0.727344 0.470703 0.017188 0.023438
11 0.726562 0.507812 0.015625 0.027344
0 0.771875 0.542969 0.009375 0.039062
3 0.921875 0.558594 0.025000 0.046875
2 0.105469 0.701172 0.210938 0.324219
2 0.621094 0.655273 0.214062 0.197266
2 0.339062 0.556641 0.059375 0.042969
2 0.428906 0.555664 0.051562 0.044922
2 0.407813 0.541992 0.028125 0.033203
2 0.511719 0.543945 0.045312 0.033203
2 0.539844 0.539062 0.017188 0.023438
2 0.564063 0.540039 0.031250 0.029297
2 0.595313 0.541016 0.053125 0.039062
2 0.631250 0.544922 0.087500 0.035156
2 0.472656 0.535156 0.020313 0.027344
2 0.455469 0.538086 0.020313 0.017578
2 0.839844 0.558594 0.042188 0.050781
2 0.885156 0.558594 0.039062 0.042969
2 0.789844 0.554688 0.057813 0.042969
