0 0.739062 0.506836 0.025000 0.107422
0 0.526563 0.443359 0.009375 0.027344
0 0.553906 0.435547 0.007812 0.019531
1 0.539844 0.461914 0.014063 0.029297
2 0.969531 0.547852 0.057813 0.138672
2 0.827344 0.501953 0.114062 0.121094
2 0.734375 0.485352 0.103125 0.068359
2 0.688281 0.469727 0.070312 0.056641
2 0.667969 0.458008 0.057813 0.048828
2 0.632031 0.460938 0.035937 0.042969
2 0.609375 0.452148 0.040625 0.033203
2 0.592969 0.439453 0.026562 0.035156
2 0.506250 0.435547 0.021875 0.019531
2 0.575781 0.438477 0.017188 0.029297
2 0.103906 0.566406 0.207813 0.199219
2 0.233594 0.535156 0.092188 0.113281
2 0.267188 0.509766 0.087500 0.097656
2 0.322656 0.500000 0.060937 0.074219
2 0.335156 0.478516 0.079687 0.066406
2 0.395313 0.457031 0.040625 0.039062
2 0.419531 0.450195 0.026562 0.029297
2 0.438281 0.433594 0.017188 0.019531
2 0.342969 0.448242 0.057813 0.033203
0 0.539844 0.452148 0.010937 0.037109
