1 0.631250 0.512695 0.025000 0.072266
2 0.517969 0.465820 0.010937 0.009766
2 0.507031 0.467773 0.010937 0.009766
2 0.491406 0.464844 0.017188 0.015625
2 0.478906 0.467773 0.010937 0.017578
2 0.470313 0.467773 0.012500 0.017578
2 0.453125 0.466797 0.021875 0.019531
2 0.407031 0.470703 0.029687 0.035156
2 0.390625 0.472656 0.025000 0.035156
2 0.371094 0.473633 0.029687 0.041016
2 0.353906 0.478516 0.029687 0.042969
2 0.320312 0.479492 0.056250 0.048828
0 0.630469 0.491211 0.026562 0.099609
10 0.648438 0.493164 0.009375 0.029297
9 0.570312 0.427734 0.003125 0.007812
9 0.481250 0.433594 0.003125 0.007812
