11 0.495312 0.384766 0.009375 0.015625
11 0.811719 0.371094 0.010937 0.015625
1 0.579688 0.442383 0.012500 0.025391
1 0.550000 0.440430 0.015625 0.037109
1 0.514062 0.446289 0.015625 0.033203
1 0.478906 0.449219 0.020313 0.035156
1 0.431250 0.458008 0.018750 0.025391
1 0.413281 0.451172 0.032813 0.046875
1 0.367969 0.458008 0.029687 0.041016
1 0.282031 0.464844 0.035937 0.046875
1 0.196875 0.469727 0.053125 0.068359
1 0.232813 0.465820 0.037500 0.052734
1 0.121094 0.479492 0.029687 0.068359
1 0.029687 0.481445 0.059375 0.087891
1 0.564063 0.440430 0.012500 0.029297
2 0.782813 0.428711 0.071875 0.076172
2 0.496094 0.428711 0.032813 0.029297
2 0.065625 0.427734 0.131250 0.105469
0 0.579688 0.427734 0.012500 0.042969
0 0.563281 0.425781 0.014063 0.046875
0 0.547656 0.427734 0.017188 0.050781
0 0.514062 0.436523 0.018750 0.044922
0 0.478906 0.433594 0.020313 0.050781
0 0.431250 0.439453 0.012500 0.042969
0 0.413281 0.432617 0.029687 0.068359
0 0.369531 0.443359 0.017188 0.058594
0 0.279687 0.439453 0.025000 0.078125
0 0.223438 0.436523 0.025000 0.087891
0 0.197656 0.442383 0.045312 0.091797
0 0.124219 0.458984 0.035937 0.101562
0 0.021094 0.453125 0.042188 0.140625
2 0.607812 0.428711 0.037500 0.029297
