11 0.602344 0.413086 0.010937 0.013672
11 0.602344 0.423828 0.010937 0.007812
11 0.692969 0.393555 0.035937 0.025391
0 0.267969 0.448242 0.014063 0.052734
0 0.236719 0.459961 0.017188 0.056641
0 0.221875 0.440430 0.012500 0.033203
0 0.380469 0.453125 0.010937 0.039062
0 0.393750 0.443359 0.009375 0.027344
0 0.400000 0.443359 0.009375 0.031250
0 0.472656 0.453125 0.007812 0.027344
0 0.674219 0.452148 0.007812 0.037109
1 0.221875 0.466797 0.012500 0.042969
1 0.014844 0.570312 0.029687 0.113281
2 0.697656 0.518555 0.098437 0.091797
2 0.609375 0.477539 0.056250 0.052734
2 0.582031 0.470703 0.026562 0.042969
2 0.521094 0.492188 0.082812 0.093750
2 0.325781 0.462891 0.095312 0.042969
2 0.551562 0.450195 0.018750 0.021484
2 0.534375 0.441406 0.012500 0.011719
2 0.494531 0.440430 0.007812 0.009766
2 0.483594 0.440430 0.007812 0.009766
2 0.861719 0.477539 0.026562 0.037109
2 0.871875 0.461914 0.037500 0.025391
2 0.917188 0.472656 0.050000 0.031250
2 0.525000 0.441406 0.006250 0.007812
2 0.517969 0.441406 0.007812 0.007812
0 0.019531 0.520508 0.039062 0.146484
10 0.129688 0.526367 0.021875 0.052734
78 0.181250 0.467773 0.056250 0.041016
