9 0.451562 0.429688 0.003125 0.011719
9 0.416406 0.431641 0.004687 0.011719
11 0.700000 0.410156 0.012500 0.031250
11 0.682031 0.411133 0.017188 0.033203
11 0.607031 0.317383 0.095312 0.044922
11 0.541406 0.431641 0.042188 0.007812
11 0.179688 0.444336 0.012500 0.017578
2 0.567187 0.529297 0.190625 0.199219
2 0.446875 0.470703 0.050000 0.054688
2 0.330469 0.480469 0.032813 0.035156
2 0.278125 0.481445 0.068750 0.072266
2 0.078125 0.497070 0.059375 0.044922
2 0.038281 0.599609 0.076563 0.316406
2 0.209375 0.482422 0.068750 0.062500
