11 0.061719 0.391602 0.014063 0.025391
11 0.431250 0.424805 0.006250 0.009766
0 0.448437 0.455078 0.015625 0.039062
1 0.600781 0.574219 0.123438 0.226562
2 0.864844 0.576172 0.267188 0.347656
2 0.787500 0.450195 0.059375 0.056641
2 0.631250 0.488281 0.184375 0.156250
2 0.489063 0.470703 0.068750 0.066406
2 0.151562 0.476562 0.121875 0.093750
2 0.041406 0.448242 0.082812 0.064453
2 0.318750 0.459961 0.021875 0.021484
2 0.336719 0.454102 0.020313 0.021484
2 0.354687 0.451172 0.018750 0.023438
0 0.596875 0.488281 0.112500 0.312500
11 0.514844 0.344727 0.026562 0.033203
9 0.427344 0.306641 0.017188 0.015625
9 0.409375 0.306641 0.015625 0.019531
