9 0.464062 0.431641 0.003125 0.007812
9 0.478125 0.433594 0.003125 0.007812
9 0.230469 0.151367 0.017188 0.060547
9 0.385937 0.164062 0.015625 0.058594
9 0.599219 0.326172 0.017188 0.058594
9 0.585938 0.330078 0.009375 0.050781
9 0.785156 0.113281 0.032813 0.132812
9 0.833594 0.085938 0.042188 0.156250
9 0.847656 0.267578 0.039062 0.058594
11 0.308594 0.439453 0.004687 0.007812
11 0.430469 0.431641 0.004687 0.007812
11 0.506250 0.432617 0.006250 0.009766
11 0.547656 0.464844 0.026562 0.035156
11 0.604688 0.236328 0.075000 0.023438
11 0.842187 0.201172 0.037500 0.042969
0 0.164844 0.513672 0.057813 0.253906
0 0.769531 0.458984 0.004687 0.019531
7 0.100781 0.430664 0.201563 0.205078
