11 0.199219 0.418945 0.104688 0.138672
0 0.542969 0.483398 0.029687 0.095703
2 0.092969 0.529297 0.185938 0.222656
2 0.254688 0.488281 0.109375 0.109375
2 0.321875 0.484375 0.046875 0.085938
7 0.356250 0.464844 0.068750 0.093750
2 0.397656 0.477539 0.017188 0.041016
2 0.416406 0.472656 0.020313 0.035156
2 0.475781 0.480469 0.045312 0.046875
2 0.541406 0.476562 0.067187 0.097656
2 0.615625 0.509766 0.115625 0.113281
2 0.710156 0.513672 0.098437 0.097656
2 0.844531 0.539062 0.239063 0.191406
11 0.883594 0.615234 0.060937 0.218750
