11 0.607812 0.395508 0.025000 0.029297
11 0.252344 0.357422 0.029687 0.031250
0 0.850000 0.519531 0.071875 0.171875
0 0.717969 0.509766 0.064062 0.234375
0 0.768750 0.536133 0.056250 0.169922
0 0.811719 0.522461 0.048438 0.177734
0 0.672656 0.525391 0.035937 0.125000
0 0.551562 0.470703 0.021875 0.078125
0 0.568750 0.495117 0.028125 0.091797
1 0.618750 0.504883 0.106250 0.111328
3 0.280469 0.489258 0.082812 0.076172
2 0.501563 0.466797 0.053125 0.035156
2 0.468750 0.474609 0.043750 0.101562
2 0.396094 0.488281 0.132812 0.152344
2 0.303125 0.460938 0.068750 0.039062
2 0.560156 0.462891 0.064062 0.066406
0 0.637500 0.472656 0.068750 0.152344
