9 0.410156 0.238281 0.017188 0.050781
9 0.581250 0.208984 0.018750 0.054688
9 0.832812 0.325195 0.015625 0.052734
9 0.835156 0.387695 0.017188 0.021484
9 0.118750 0.368164 0.012500 0.037109
9 0.149219 0.364258 0.010937 0.033203
9 0.137500 0.410156 0.018750 0.019531
9 0.808594 0.332031 0.014063 0.050781
11 0.459375 0.215820 0.034375 0.048828
11 0.692969 0.262695 0.070312 0.029297
2 0.150000 0.520508 0.162500 0.111328
2 0.142187 0.470703 0.140625 0.082031
2 0.522656 0.562500 0.160938 0.164062
2 0.416406 0.458984 0.092188 0.074219
2 0.613281 0.473633 0.067187 0.072266
2 0.529687 0.436523 0.053125 0.048828
