9 0.603125 0.321289 0.009375 0.037109
9 0.606250 0.367188 0.006250 0.007812
11 0.602344 0.345703 0.007812 0.011719
0 0.403906 0.416016 0.070312 0.070312
0 0.989062 0.469727 0.018750 0.103516
0 0.979688 0.456055 0.025000 0.080078
0 0.950781 0.452148 0.020313 0.076172
0 0.960938 0.450195 0.018750 0.072266
0 0.931250 0.427734 0.015625 0.035156
0 0.905469 0.461914 0.017188 0.068359
0 0.776563 0.423828 0.015625 0.046875
0 0.816406 0.429688 0.014063 0.058594
0 0.800000 0.426758 0.015625 0.044922
0 0.829688 0.428711 0.012500 0.052734
0 0.866406 0.453125 0.023438 0.070312
0 0.889062 0.450195 0.018750 0.080078
0 0.914844 0.431641 0.014063 0.054688
0 0.753125 0.427734 0.015625 0.054688
0 0.721875 0.416992 0.012500 0.044922
0 0.707031 0.421875 0.010937 0.050781
0 0.692187 0.412109 0.009375 0.039062
0 0.699219 0.413086 0.007812 0.033203
0 0.636719 0.406250 0.007812 0.027344
0 0.643750 0.404297 0.006250 0.027344
0 0.632812 0.404297 0.006250 0.027344
0 0.651563 0.406250 0.009375 0.027344
0 0.841406 0.426758 0.010937 0.044922
0 0.858594 0.436523 0.014063 0.060547
0 0.683594 0.411133 0.007812 0.033203
1 0.435937 0.462891 0.237500 0.335938
7 0.239844 0.360352 0.229687 0.337891
0 0.471875 0.420898 0.075000 0.060547
