0 0.759375 0.519531 0.071875 0.246094
0 0.689844 0.508789 0.045312 0.263672
0 0.660937 0.514648 0.068750 0.287109
0 0.504687 0.454102 0.040625 0.048828
0 0.446094 0.455078 0.026562 0.042969
2 0.859375 0.511719 0.256250 0.160156
2 0.775781 0.486328 0.170313 0.160156
2 0.601562 0.493164 0.059375 0.080078
2 0.577344 0.476562 0.098437 0.082031
2 0.386719 0.469727 0.051562 0.052734
2 0.350000 0.471680 0.037500 0.041016
2 0.330469 0.466797 0.054688 0.046875
2 0.292187 0.468750 0.028125 0.035156
2 0.191406 0.467773 0.085938 0.068359
2 0.150000 0.485352 0.093750 0.080078
2 0.087500 0.487305 0.175000 0.119141
78 0.479687 0.451172 0.168750 0.101562
78 0.448437 0.502930 0.037500 0.064453
78 0.505469 0.504883 0.045312 0.064453
