9 0.835156 0.368164 0.017188 0.021484
9 0.824219 0.307617 0.020313 0.060547
9 0.584375 0.381836 0.018750 0.021484
9 0.589844 0.328125 0.014063 0.054688
11 0.883594 0.353516 0.035937 0.011719
11 0.527344 0.387695 0.014063 0.021484
11 0.831250 0.343750 0.021875 0.019531
0 0.767188 0.459961 0.034375 0.091797
0 0.278906 0.464844 0.007812 0.031250
0 0.284375 0.463867 0.006250 0.033203
0 0.297656 0.464844 0.010937 0.035156
0 0.308594 0.473633 0.032813 0.095703
0 0.366406 0.590820 0.189062 0.669922
2 0.943750 0.487305 0.109375 0.240234
2 0.499219 0.467773 0.048438 0.048828
2 0.189844 0.471680 0.073438 0.056641
2 0.065625 0.500977 0.131250 0.123047
10 0.569531 0.480469 0.010937 0.046875
9 0.010156 0.391602 0.020313 0.025391
