5 0.664062 0.388672 0.028125 0.023438
7 0.745313 0.397461 0.012500 0.017578
2 0.375781 0.445312 0.176563 0.199219
2 0.684375 0.433594 0.065625 0.082031
2 0.653125 0.425781 0.018750 0.054688
2 0.640625 0.418945 0.015625 0.025391
2 0.482812 0.418945 0.043750 0.041016
2 0.510938 0.413086 0.034375 0.041016
2 0.546094 0.414062 0.026562 0.031250
2 0.989062 0.698242 0.018750 0.185547
2 0.565625 0.411133 0.028125 0.033203
2 0.589844 0.410156 0.026562 0.031250
2 0.610938 0.411133 0.015625 0.017578
2 0.628125 0.403320 0.018750 0.025391
2 0.814844 0.412109 0.017188 0.015625
2 0.784375 0.413086 0.018750 0.013672
2 0.754687 0.409180 0.015625 0.009766
2 0.798438 0.404297 0.015625 0.019531
2 0.821875 0.405273 0.012500 0.013672
