11 0.463281 0.450195 0.007812 0.013672
0 0.353906 0.485352 0.010937 0.033203
0 0.364063 0.487305 0.009375 0.029297
0 0.397656 0.490234 0.007812 0.019531
1 0.475781 0.501953 0.010937 0.027344
1 0.448437 0.492188 0.006250 0.015625
1 0.377344 0.490234 0.007812 0.019531
2 0.032031 0.530273 0.064062 0.126953
2 0.121094 0.517578 0.085938 0.082031
2 0.182031 0.512695 0.064062 0.064453
2 0.239063 0.503906 0.059375 0.050781
2 0.269531 0.498047 0.026562 0.042969
2 0.293750 0.490234 0.037500 0.042969
0 0.048438 0.527344 0.075000 0.191406
0 0.447656 0.480469 0.010937 0.035156
0 0.476562 0.484375 0.015625 0.046875
0 0.377344 0.480469 0.010937 0.027344
78 0.053125 0.624023 0.050000 0.021484
11 0.005469 0.381836 0.010937 0.033203
11 0.004687 0.417969 0.009375 0.027344
