5 0.846094 0.423828 0.304688 0.152344
5 0.520312 0.445312 0.068750 0.082031
5 0.432031 0.453125 0.095312 0.042969
0 0.682031 0.470703 0.042188 0.136719
0 0.644531 0.485352 0.035937 0.111328
0 0.610938 0.453125 0.015625 0.054688
0 0.569531 0.454102 0.010937 0.052734
0 0.589063 0.456055 0.015625 0.048828
0 0.557031 0.456055 0.010937 0.044922
0 0.374219 0.464844 0.007812 0.023438
0 0.169531 0.486328 0.014063 0.046875
2 0.950781 0.488281 0.095312 0.113281
2 0.951562 0.439453 0.093750 0.097656
2 0.910156 0.447266 0.176563 0.140625
2 0.452344 0.463867 0.023438 0.017578
2 0.473438 0.462891 0.021875 0.019531
10 0.342187 0.478516 0.006250 0.019531
