11 0.964844 0.377930 0.060937 0.068359
0 0.804688 0.570312 0.015625 0.042969
0 0.762500 0.593750 0.028125 0.054688
0 0.720313 0.583008 0.015625 0.056641
0 0.706250 0.582031 0.012500 0.054688
3 0.433594 0.596680 0.017188 0.041016
3 0.518750 0.620117 0.034375 0.068359
2 0.317969 0.588867 0.070312 0.060547
2 0.625781 0.601562 0.079687 0.066406
2 0.452344 0.548828 0.017188 0.019531
2 0.465625 0.564453 0.015625 0.015625
2 0.489063 0.566406 0.018750 0.023438
2 0.482031 0.556641 0.010937 0.015625
2 0.475781 0.545898 0.010937 0.013672
2 0.489063 0.537109 0.012500 0.011719
0 0.433594 0.581055 0.017188 0.048828
0 0.519531 0.595703 0.032813 0.085938
