11 0.932031 0.359375 0.010937 0.035156
11 0.753125 0.381836 0.009375 0.029297
11 0.628906 0.398438 0.007812 0.023438
11 0.274219 0.423828 0.004687 0.015625
11 0.982812 0.446289 0.009375 0.017578
0 0.257031 0.491211 0.032813 0.126953
0 0.233594 0.486328 0.029687 0.148438
0 0.379688 0.478516 0.025000 0.089844
0 0.900781 0.435547 0.032813 0.066406
2 0.101562 0.558594 0.203125 0.289062
2 0.302344 0.475586 0.073438 0.052734
2 0.313281 0.478516 0.054688 0.054688
2 0.360938 0.476562 0.028125 0.066406
2 0.461719 0.459961 0.151562 0.103516
2 0.543750 0.484375 0.056250 0.085938
2 0.642188 0.476562 0.168750 0.117188
2 0.826562 0.489258 0.246875 0.130859
