5 0.236719 0.410156 0.451562 0.300781
9 0.905469 0.265625 0.020313 0.074219
9 0.910937 0.356445 0.018750 0.025391
9 0.681250 0.298828 0.012500 0.062500
9 0.683594 0.375977 0.020313 0.021484
9 0.359375 0.111328 0.015625 0.066406
11 0.668750 0.346680 0.046875 0.017578
11 0.525000 0.406250 0.018750 0.027344
0 0.630469 0.473633 0.026562 0.083984
0 0.601562 0.475586 0.018750 0.068359
0 0.585156 0.472656 0.017188 0.074219
0 0.558594 0.474609 0.026562 0.078125
2 0.788281 0.451172 0.110937 0.042969
2 0.746875 0.448242 0.075000 0.044922
