0 0.303125 0.495117 0.025000 0.107422
0 0.294531 0.493164 0.023438 0.103516
0 0.321875 0.483398 0.021875 0.119141
0 0.342187 0.490234 0.028125 0.109375
0 0.619531 0.500000 0.035937 0.140625
0 0.468750 0.455078 0.006250 0.023438
1 0.036719 0.617188 0.073438 0.171875
2 0.267969 0.459961 0.035937 0.056641
2 0.349219 0.491211 0.048438 0.076172
2 0.375000 0.484375 0.037500 0.070312
2 0.395313 0.455078 0.046875 0.031250
2 0.445312 0.452148 0.040625 0.025391
2 0.404687 0.448242 0.034375 0.025391
2 0.477344 0.452148 0.014063 0.017578
2 0.486719 0.452148 0.010937 0.017578
2 0.508594 0.453125 0.014063 0.011719
2 0.516406 0.452148 0.004687 0.009766
2 0.521875 0.450195 0.006250 0.009766
2 0.525781 0.449219 0.004687 0.007812
2 0.529687 0.449219 0.006250 0.007812
2 0.546094 0.456055 0.020313 0.021484
2 0.946875 0.740234 0.103125 0.273438
2 0.875781 0.601562 0.245312 0.312500
2 0.730469 0.519531 0.151562 0.140625
2 0.680469 0.500000 0.098437 0.117188
2 0.610156 0.469727 0.042188 0.056641
2 0.587500 0.469727 0.015625 0.033203
2 0.582812 0.461914 0.025000 0.029297
2 0.575000 0.458008 0.015625 0.025391
2 0.568750 0.456055 0.012500 0.021484
0 0.038281 0.552734 0.076563 0.234375
