5 0.433594 0.453125 0.095312 0.042969
5 0.514844 0.448242 0.057813 0.083984
5 0.844531 0.403320 0.307812 0.119141
0 0.053906 0.494141 0.014063 0.074219
0 0.075000 0.486328 0.018750 0.062500
0 0.113281 0.500000 0.010937 0.042969
0 0.128125 0.489258 0.012500 0.029297
0 0.550781 0.460938 0.010937 0.042969
0 0.583594 0.457031 0.010937 0.042969
0 0.595313 0.472656 0.015625 0.074219
0 0.619531 0.463867 0.023438 0.083984
0 0.644531 0.467773 0.017188 0.060547
0 0.858594 0.527344 0.076563 0.265625
0 0.921094 0.511719 0.060937 0.265625
2 0.453125 0.461914 0.028125 0.021484
2 0.471875 0.463867 0.031250 0.025391
2 0.775000 0.449219 0.118750 0.097656
2 0.966406 0.487305 0.064062 0.103516
5 0.635938 0.426758 0.084375 0.029297
