9 0.604688 0.334961 0.009375 0.021484
9 0.589844 0.336914 0.007812 0.021484
9 0.644531 0.383789 0.010937 0.041016
9 0.596094 0.398438 0.010937 0.027344
9 0.575781 0.381836 0.010937 0.029297
9 0.560156 0.406250 0.004687 0.015625
9 0.582031 0.416992 0.007812 0.009766
9 0.442969 0.370117 0.007812 0.017578
9 0.364063 0.365234 0.006250 0.019531
9 0.264062 0.326172 0.009375 0.031250
9 0.161719 0.340820 0.007812 0.025391
9 0.196875 0.418945 0.006250 0.017578
9 0.053125 0.410156 0.006250 0.019531
9 0.053906 0.365234 0.007812 0.023438
9 0.530469 0.407227 0.007812 0.017578
11 0.375000 0.362305 0.009375 0.013672
11 0.098437 0.374023 0.028125 0.009766
11 0.479687 0.389648 0.021875 0.005859
0 0.507812 0.456055 0.012500 0.041016
0 0.569531 0.458984 0.010937 0.035156
0 0.584375 0.456055 0.012500 0.033203
0 0.553906 0.449219 0.007812 0.027344
2 0.885156 0.446289 0.107813 0.064453
2 0.069531 0.458984 0.054688 0.031250
2 0.106250 0.458984 0.040625 0.031250
2 0.243750 0.470703 0.075000 0.062500
2 0.328125 0.456055 0.050000 0.048828
2 0.354687 0.457031 0.018750 0.035156
2 0.472656 0.456055 0.051562 0.056641
2 0.379688 0.449219 0.028125 0.023438
2 0.285938 0.455078 0.028125 0.027344
