9 0.649219 0.368164 0.010937 0.029297
9 0.618750 0.329102 0.012500 0.044922
9 0.567969 0.371094 0.010937 0.031250
9 0.454688 0.295898 0.012500 0.033203
9 0.378125 0.293945 0.018750 0.037109
9 0.572656 0.401367 0.010937 0.013672
9 0.210938 0.213867 0.015625 0.052734
9 0.103906 0.229492 0.017188 0.048828
9 0.022656 0.380859 0.010937 0.039062
9 0.121094 0.380859 0.010937 0.039062
9 0.674219 0.288086 0.010937 0.033203
9 0.696875 0.330078 0.012500 0.019531
11 0.400000 0.291992 0.012500 0.021484
11 0.564063 0.325195 0.028125 0.013672
11 0.557031 0.398438 0.010937 0.015625
11 0.013281 0.298828 0.023438 0.011719
0 0.769531 0.446289 0.032813 0.103516
2 0.335938 0.453125 0.043750 0.027344
2 0.385937 0.452148 0.021875 0.017578
2 0.232031 0.460938 0.020313 0.023438
