9 0.402344 0.476562 0.007812 0.027344
9 0.367188 0.507812 0.009375 0.015625
9 0.567187 0.493164 0.009375 0.025391
11 0.342187 0.434570 0.028125 0.037109
11 0.340625 0.465820 0.021875 0.025391
11 0.871875 0.331055 0.043750 0.037109
11 0.869531 0.362305 0.039062 0.021484
11 0.871875 0.409180 0.053125 0.064453
11 0.097656 0.480469 0.017188 0.019531
11 0.127344 0.512695 0.007812 0.009766
0 0.192188 0.540039 0.012500 0.029297
0 0.852344 0.552734 0.029687 0.109375
0 0.966406 0.527344 0.023438 0.062500
2 0.145313 0.667969 0.290625 0.234375
2 0.253125 0.548828 0.056250 0.058594
2 0.301563 0.546875 0.037500 0.042969
2 0.353125 0.550781 0.053125 0.054688
2 0.403906 0.547852 0.048438 0.052734
2 0.444531 0.582031 0.098437 0.117188
2 0.558594 0.560547 0.089063 0.082031
2 0.711719 0.548828 0.110937 0.058594
2 0.799219 0.538086 0.042188 0.033203
