9 0.664062 0.339844 0.012500 0.046875
9 0.661719 0.386719 0.017188 0.023438
11 0.686719 0.368164 0.026562 0.025391
11 0.142187 0.377930 0.015625 0.025391
0 0.663281 0.490234 0.032813 0.105469
0 0.678125 0.489258 0.028125 0.103516
0 0.757031 0.466797 0.023438 0.070312
0 0.590625 0.443359 0.012500 0.027344
0 0.468750 0.470703 0.040625 0.128906
0 0.279687 0.458008 0.009375 0.029297
0 0.263281 0.459961 0.007812 0.029297
0 0.255469 0.466797 0.010937 0.042969
0 0.246094 0.465820 0.007812 0.037109
0 0.166406 0.458984 0.014063 0.035156
0 0.056250 0.587891 0.112500 0.671875
0 0.085156 0.645508 0.170313 0.345703
1 0.907031 0.482422 0.032813 0.066406
2 0.406250 0.461914 0.018750 0.021484
2 0.438281 0.465820 0.042188 0.052734
