5 0.727344 0.480469 0.123438 0.171875
5 0.631250 0.494141 0.034375 0.035156
9 0.617969 0.453125 0.004687 0.011719
11 0.922656 0.374023 0.029687 0.037109
11 0.538281 0.477539 0.020313 0.033203
11 0.535156 0.492188 0.010937 0.011719
0 0.978125 0.500000 0.025000 0.054688
0 0.792969 0.511719 0.010937 0.039062
2 0.284375 0.614258 0.275000 0.232422
2 0.515625 0.541992 0.068750 0.068359
2 0.555469 0.534180 0.032813 0.044922
2 0.604688 0.537109 0.084375 0.093750
2 0.641406 0.524414 0.020313 0.056641
2 0.948438 0.494141 0.093750 0.050781
2 0.903906 0.491211 0.064062 0.048828
2 0.660156 0.512695 0.020313 0.029297
2 0.064062 0.547852 0.128125 0.083984
