5 0.818750 0.427734 0.262500 0.109375
5 0.519531 0.435547 0.067187 0.054688
5 0.635156 0.427734 0.092188 0.035156
5 0.433594 0.454102 0.098437 0.037109
0 0.664844 0.469727 0.029687 0.103516
0 0.635938 0.458008 0.018750 0.060547
0 0.616406 0.467773 0.014063 0.048828
0 0.621875 0.451172 0.009375 0.035156
0 0.609375 0.449219 0.009375 0.031250
0 0.600000 0.450195 0.009375 0.033203
0 0.594531 0.468750 0.017188 0.054688
0 0.576562 0.458984 0.009375 0.027344
0 0.570312 0.452148 0.006250 0.029297
0 0.557813 0.460938 0.009375 0.042969
0 0.549219 0.457031 0.007812 0.031250
0 0.384375 0.464844 0.003125 0.019531
0 0.375781 0.465820 0.004687 0.021484
0 0.370312 0.465820 0.006250 0.021484
0 0.362500 0.465820 0.006250 0.021484
0 0.293750 0.470703 0.006250 0.023438
0 0.287500 0.470703 0.006250 0.027344
0 0.128125 0.490234 0.015625 0.027344
0 0.580469 0.445312 0.004687 0.015625
2 0.951562 0.486328 0.093750 0.109375
2 0.910156 0.451172 0.176563 0.132812
2 0.849219 0.447266 0.142187 0.101562
2 0.504687 0.511719 0.125000 0.113281
2 0.454688 0.463867 0.031250 0.021484
10 0.339844 0.478516 0.007812 0.023438
0 0.110937 0.495117 0.015625 0.044922
