0 0.466406 0.447266 0.007812 0.035156
0 0.453125 0.447266 0.009375 0.031250
0 0.443750 0.442383 0.006250 0.021484
1 0.555469 0.535156 0.045312 0.101562
1 0.381250 0.491211 0.021875 0.044922
2 0.074219 0.600586 0.148438 0.193359
2 0.167187 0.549805 0.125000 0.123047
2 0.240625 0.522461 0.090625 0.095703
2 0.318750 0.489258 0.068750 0.080078
2 0.348438 0.473633 0.056250 0.068359
2 0.381250 0.460938 0.040625 0.054688
2 0.412500 0.460938 0.028125 0.042969
2 0.428906 0.455078 0.023438 0.031250
2 0.440625 0.453125 0.015625 0.027344
2 0.485938 0.436523 0.012500 0.013672
2 0.475781 0.438477 0.010937 0.013672
2 0.960938 0.564453 0.075000 0.144531
2 0.927344 0.494141 0.142187 0.109375
2 0.845313 0.497070 0.100000 0.091797
2 0.777344 0.494141 0.085938 0.085938
2 0.800781 0.448242 0.107813 0.037109
2 0.707812 0.465820 0.075000 0.060547
2 0.628125 0.499023 0.100000 0.099609
2 0.582031 0.468750 0.026562 0.039062
2 0.525000 0.462891 0.040625 0.042969
2 0.528906 0.437500 0.032813 0.015625
2 0.560937 0.454102 0.031250 0.025391
2 0.590625 0.440430 0.031250 0.021484
0 0.557031 0.503906 0.042188 0.113281
0 0.382031 0.473633 0.020313 0.056641
