0 0.976562 0.556641 0.043750 0.218750
1 0.602344 0.514648 0.026562 0.048828
2 0.017188 0.507812 0.034375 0.128906
2 0.088281 0.517578 0.126562 0.101562
2 0.180469 0.500000 0.095312 0.085938
2 0.306250 0.505859 0.125000 0.097656
2 0.385937 0.481445 0.034375 0.037109
2 0.438281 0.482422 0.092188 0.050781
2 0.482812 0.474609 0.012500 0.015625
2 0.495312 0.472656 0.012500 0.015625
2 0.507031 0.474609 0.007812 0.007812
2 0.512500 0.474609 0.003125 0.007812
2 0.516406 0.474609 0.004687 0.007812
2 0.789062 0.491211 0.037500 0.056641
0 0.604688 0.500000 0.021875 0.078125
11 0.100000 0.415039 0.015625 0.025391
