11 0.811719 0.333008 0.054688 0.068359
11 0.811719 0.373047 0.029687 0.011719
0 0.188281 0.482422 0.014063 0.054688
0 0.209375 0.481445 0.015625 0.056641
0 0.687500 0.467773 0.021875 0.064453
0 0.643750 0.470703 0.021875 0.062500
0 0.667969 0.467773 0.017188 0.068359
0 0.678125 0.472656 0.012500 0.054688
0 0.549219 0.447266 0.007812 0.023438
0 0.587500 0.446289 0.009375 0.025391
1 0.946094 0.552734 0.076563 0.085938
2 0.253906 0.476562 0.051562 0.062500
2 0.320312 0.476562 0.040625 0.042969
2 0.350000 0.510742 0.093750 0.072266
2 0.432812 0.476562 0.040625 0.039062
2 0.414062 0.468750 0.031250 0.042969
2 0.390625 0.466797 0.025000 0.031250
2 0.375000 0.463867 0.015625 0.021484
2 0.364063 0.462891 0.015625 0.023438
2 0.353906 0.460938 0.014063 0.015625
2 0.345313 0.459961 0.012500 0.017578
2 0.303906 0.461914 0.020313 0.025391
2 0.279687 0.463867 0.015625 0.037109
2 0.909375 0.502930 0.178125 0.076172
2 0.572656 0.478516 0.120313 0.050781
2 0.628125 0.458008 0.065625 0.041016
