11 0.881250 0.389648 0.021875 0.044922
11 0.569531 0.429688 0.010937 0.011719
0 0.854688 0.502930 0.028125 0.076172
0 0.823438 0.510742 0.031250 0.064453
0 0.817969 0.484375 0.026562 0.039062
0 0.424219 0.445312 0.007812 0.023438
0 0.628906 0.443359 0.010937 0.019531
0 0.736719 0.447266 0.010937 0.042969
1 0.784375 0.552734 0.037500 0.101562
1 0.850781 0.556641 0.089063 0.101562
1 0.835938 0.543945 0.071875 0.083984
1 0.721875 0.488281 0.046875 0.046875
1 0.732812 0.517578 0.043750 0.070312
1 0.527344 0.464844 0.007812 0.019531
1 0.518750 0.458984 0.009375 0.023438
1 0.278906 0.504883 0.026562 0.048828
1 0.038281 0.526367 0.076563 0.072266
3 0.682813 0.530273 0.109375 0.095703
2 0.636719 0.501953 0.098437 0.101562
2 0.585156 0.486328 0.042188 0.066406
2 0.569531 0.475586 0.035937 0.048828
2 0.539062 0.451172 0.031250 0.035156
2 0.489844 0.441406 0.014063 0.019531
2 0.468750 0.456055 0.034375 0.037109
2 0.453125 0.444336 0.012500 0.017578
2 0.428906 0.442383 0.026562 0.021484
2 0.393750 0.462891 0.046875 0.050781
0 0.526563 0.452148 0.009375 0.029297
0 0.517969 0.449219 0.007812 0.035156
0 0.278125 0.487305 0.028125 0.076172
