9 0.104688 0.221680 0.015625 0.048828
9 0.348438 0.345703 0.015625 0.039062
9 0.332813 0.348633 0.012500 0.041016
9 0.490625 0.203125 0.012500 0.046875
9 0.525781 0.153320 0.017188 0.056641
9 0.675781 0.280273 0.017188 0.072266
9 0.621875 0.266602 0.015625 0.072266
9 0.725781 0.280273 0.023438 0.083984
9 0.351562 0.395508 0.012500 0.017578
9 0.120313 0.419922 0.006250 0.015625
9 0.068750 0.407227 0.006250 0.013672
11 0.556250 0.456055 0.015625 0.013672
11 0.555469 0.435547 0.020313 0.019531
11 0.554688 0.398438 0.034375 0.031250
2 0.232813 0.515625 0.231250 0.199219
2 0.095312 0.465820 0.096875 0.064453
78 0.022656 0.451172 0.045312 0.070312
