0 0.425000 0.466797 0.015625 0.046875
1 0.450000 0.538086 0.037500 0.083984
2 0.735156 0.596680 0.182812 0.181641
2 0.293750 0.510742 0.056250 0.087891
2 0.322656 0.498047 0.048438 0.066406
2 0.346094 0.489258 0.051562 0.060547
2 0.367188 0.470703 0.056250 0.070312
2 0.403125 0.467773 0.028125 0.044922
2 0.427344 0.458008 0.026562 0.029297
2 0.448437 0.446289 0.025000 0.025391
2 0.482031 0.447266 0.023438 0.023438
2 0.503125 0.441406 0.012500 0.011719
2 0.621094 0.503906 0.082812 0.113281
2 0.548438 0.457031 0.021875 0.019531
2 0.535156 0.452148 0.026562 0.025391
2 0.525781 0.448242 0.014063 0.017578
2 0.238281 0.445312 0.045312 0.019531
2 0.298438 0.447266 0.050000 0.039062
2 0.692187 0.434570 0.062500 0.037109
0 0.450000 0.502930 0.040625 0.115234
0 0.537500 0.512695 0.043750 0.130859
78 0.694531 0.512695 0.142187 0.150391
2 0.206250 0.526367 0.146875 0.134766
2 0.586719 0.491211 0.042188 0.076172
36 0.532813 0.577148 0.015625 0.017578
