5 0.595313 0.381836 0.046875 0.048828
5 0.824219 0.379883 0.073438 0.056641
11 0.765625 0.301758 0.043750 0.052734
2 0.523438 0.416992 0.040625 0.048828
2 0.565625 0.402344 0.043750 0.023438
2 0.586719 0.469727 0.139063 0.130859
2 0.646875 0.423828 0.034375 0.046875
2 0.663281 0.415039 0.020313 0.029297
2 0.672656 0.406250 0.007812 0.015625
2 0.893750 0.408203 0.043750 0.019531
2 0.856250 0.407227 0.040625 0.017578
2 0.764844 0.398438 0.029687 0.015625
2 0.743750 0.396484 0.018750 0.011719
2 0.374219 0.462891 0.170313 0.128906
