9 0.636719 0.361328 0.007812 0.027344
9 0.636719 0.392578 0.004687 0.011719
9 0.534375 0.370117 0.006250 0.021484
9 0.534375 0.398438 0.009375 0.011719
9 0.283594 0.376953 0.007812 0.027344
9 0.283594 0.404297 0.007812 0.011719
11 0.702344 0.264648 0.045312 0.068359
11 0.542969 0.385742 0.020313 0.005859
0 0.550000 0.437500 0.012500 0.035156
2 0.407031 0.424805 0.020313 0.021484
2 0.385156 0.431641 0.026562 0.023438
2 0.306250 0.457031 0.103125 0.093750
2 0.052344 0.491211 0.104688 0.142578
10 0.196094 0.464844 0.007812 0.027344
