5 0.243750 0.443359 0.093750 0.027344
5 0.562500 0.434570 0.206250 0.060547
5 0.420312 0.435547 0.078125 0.035156
5 0.332813 0.445312 0.065625 0.066406
0 0.135937 0.452148 0.009375 0.029297
0 0.142969 0.453125 0.007812 0.027344
0 0.162500 0.450195 0.006250 0.017578
0 0.214062 0.458008 0.009375 0.033203
0 0.190625 0.454102 0.006250 0.021484
0 0.185938 0.452148 0.006250 0.021484
0 0.374219 0.454102 0.010937 0.029297
0 0.382812 0.457031 0.009375 0.031250
0 0.390625 0.454102 0.009375 0.029297
0 0.399219 0.453125 0.010937 0.031250
0 0.407031 0.455078 0.010937 0.031250
0 0.423438 0.475586 0.025000 0.083984
0 0.438281 0.464844 0.017188 0.054688
0 0.455469 0.472656 0.029687 0.078125
0 0.532031 0.480469 0.032813 0.105469
0 0.471875 0.562500 0.106250 0.253906
0 0.778906 0.521484 0.054688 0.222656
0 0.747656 0.530273 0.057813 0.244141
0 0.682031 0.562500 0.098437 0.312500
0 0.979688 0.539062 0.037500 0.304688
1 0.895312 0.715820 0.121875 0.287109
2 0.216406 0.455078 0.029687 0.023438
2 0.267188 0.455078 0.025000 0.019531
2 0.285938 0.456055 0.025000 0.021484
2 0.346875 0.484375 0.065625 0.066406
2 0.621094 0.469727 0.145313 0.080078
0 0.885938 0.601562 0.137500 0.453125
10 0.178125 0.463867 0.006250 0.017578
78 0.678125 0.595703 0.090625 0.046875
78 0.508594 0.599609 0.023438 0.132812
