0 0.438281 0.453125 0.007812 0.027344
1 0.394531 0.489258 0.017188 0.037109
1 0.508594 0.485352 0.014063 0.037109
2 0.729688 0.443359 0.090625 0.035156
2 0.680469 0.447266 0.035937 0.031250
2 0.658594 0.446289 0.035937 0.033203
2 0.640625 0.434570 0.021875 0.017578
2 0.616406 0.437500 0.035937 0.011719
2 0.539062 0.452148 0.012500 0.029297
2 0.558594 0.458984 0.045312 0.054688
2 0.564063 0.471680 0.025000 0.048828
2 0.568750 0.477539 0.028125 0.056641
2 0.599219 0.483398 0.082812 0.080078
2 0.604688 0.504883 0.078125 0.087891
2 0.641406 0.535156 0.114062 0.121094
2 0.503125 0.451172 0.037500 0.046875
2 0.482031 0.437500 0.010937 0.015625
2 0.471094 0.438477 0.010937 0.017578
2 0.462500 0.441406 0.012500 0.019531
2 0.448437 0.445312 0.018750 0.019531
2 0.421094 0.449219 0.026562 0.027344
2 0.400000 0.459961 0.021875 0.025391
2 0.377344 0.468750 0.026562 0.035156
2 0.314844 0.532227 0.132812 0.158203
2 0.139063 0.641602 0.278125 0.380859
2 0.718750 0.586914 0.165625 0.162109
2 0.855469 0.748047 0.285938 0.500000
0 0.395313 0.471680 0.018750 0.056641
0 0.507812 0.470703 0.015625 0.054688
