5 0.897656 0.462891 0.201563 0.097656
9 0.220312 0.305664 0.018750 0.095703
9 0.211719 0.397461 0.017188 0.025391
9 0.639844 0.144531 0.014063 0.039062
9 0.620313 0.144531 0.015625 0.039062
9 0.628906 0.111328 0.017188 0.023438
9 0.790625 0.146484 0.012500 0.058594
11 0.529687 0.440430 0.009375 0.017578
11 0.701562 0.128906 0.040625 0.062500
11 0.878906 0.223633 0.107813 0.021484
11 0.978125 0.443359 0.009375 0.019531
11 0.937500 0.457031 0.012500 0.023438
11 0.855469 0.410156 0.010937 0.027344
7 0.676562 0.462891 0.046875 0.070312
2 0.601562 0.488281 0.078125 0.089844
11 0.465625 0.445312 0.012500 0.011719
11 0.529687 0.458008 0.006250 0.013672
