9 0.897656 0.296875 0.014063 0.097656
9 0.762500 0.271484 0.021875 0.078125
9 0.750781 0.211914 0.014063 0.029297
9 0.704688 0.239258 0.012500 0.041016
9 0.642188 0.388672 0.009375 0.027344
9 0.620313 0.390625 0.009375 0.027344
9 0.625000 0.426758 0.006250 0.013672
9 0.909375 0.386719 0.015625 0.027344
9 0.777344 0.371094 0.020313 0.031250
9 0.420312 0.337891 0.012500 0.035156
9 0.290625 0.329102 0.012500 0.033203
11 0.847656 0.271484 0.039062 0.039062
11 0.728125 0.228516 0.012500 0.039062
11 0.483594 0.368164 0.035937 0.013672
11 0.308594 0.326172 0.017188 0.023438
0 0.610156 0.466797 0.017188 0.046875
2 0.307812 0.476562 0.071875 0.046875
2 0.260937 0.468750 0.025000 0.027344
2 0.231250 0.472656 0.043750 0.035156
2 0.183594 0.480469 0.042188 0.035156
2 0.129688 0.497070 0.115625 0.091797
2 0.038281 0.499023 0.073438 0.158203
2 0.460938 0.499023 0.243750 0.244141
