9 0.524219 0.511719 0.004687 0.019531
9 0.523438 0.555664 0.003125 0.009766
11 0.415625 0.538086 0.006250 0.009766
0 0.101562 0.597656 0.021875 0.089844
0 0.125000 0.590820 0.025000 0.080078
0 0.140625 0.598633 0.012500 0.056641
0 0.189062 0.583008 0.009375 0.044922
0 0.203125 0.576172 0.015625 0.050781
0 0.242969 0.564453 0.017188 0.023438
0 0.287500 0.569336 0.015625 0.044922
0 0.299219 0.571289 0.014063 0.044922
0 0.399219 0.563477 0.007812 0.021484
0 0.546875 0.566406 0.006250 0.023438
0 0.556250 0.567383 0.006250 0.021484
0 0.562500 0.565430 0.006250 0.025391
0 0.582812 0.568359 0.009375 0.031250
0 0.603125 0.565430 0.006250 0.025391
0 0.592187 0.563477 0.009375 0.029297
0 0.628125 0.565430 0.009375 0.025391
0 0.640625 0.583984 0.021875 0.078125
0 0.892188 0.614258 0.025000 0.115234
0 0.802344 0.591797 0.017188 0.066406
0 0.784375 0.592773 0.018750 0.064453
0 0.612500 0.561523 0.006250 0.021484
0 0.575000 0.565430 0.006250 0.025391
2 0.486719 0.622070 0.104688 0.107422
2 0.249219 0.616211 0.114062 0.087891
2 0.331250 0.590820 0.062500 0.056641
2 0.382812 0.575195 0.034375 0.037109
2 0.432031 0.573242 0.039062 0.041016
2 0.461719 0.561523 0.014063 0.017578
2 0.478906 0.562500 0.023438 0.015625
2 0.496094 0.560547 0.014063 0.011719
