9 0.110937 0.345703 0.018750 0.058594
9 0.109375 0.416992 0.021875 0.025391
9 0.798438 0.182617 0.018750 0.060547
11 0.883594 0.421875 0.020313 0.023438
11 0.842969 0.452148 0.017188 0.029297
11 0.477344 0.478516 0.010937 0.011719
11 0.692969 0.472656 0.010937 0.011719
11 0.660156 0.465820 0.023438 0.005859
11 0.119531 0.388672 0.048438 0.023438
11 0.331250 0.408203 0.015625 0.019531
0 0.581250 0.481445 0.006250 0.013672
0 0.078906 0.508789 0.039062 0.107422
0 0.207031 0.470703 0.017188 0.039062
0 0.215625 0.484375 0.015625 0.050781
0 0.224219 0.476562 0.014063 0.054688
0 0.238281 0.477539 0.014063 0.048828
0 0.249219 0.514648 0.054688 0.119141
0 0.264844 0.520508 0.026562 0.095703
0 0.288281 0.512695 0.035937 0.099609
2 0.547656 0.511719 0.017188 0.019531
