0 0.780469 0.526367 0.089063 0.291016
7 0.553906 0.453125 0.048438 0.101562
7 0.607031 0.460938 0.098437 0.117188
2 0.110937 0.532227 0.218750 0.240234
2 0.246875 0.527344 0.084375 0.128906
7 0.284375 0.471680 0.153125 0.169922
2 0.379688 0.486328 0.040625 0.058594
2 0.402344 0.485352 0.020313 0.037109
2 0.412500 0.477539 0.028125 0.044922
2 0.447656 0.481445 0.042188 0.029297
2 0.503906 0.484375 0.048438 0.054688
2 0.896875 0.516602 0.137500 0.205078
2 0.938281 0.534180 0.120313 0.228516
2 0.718750 0.516602 0.212500 0.240234
