9 0.797656 0.222656 0.026562 0.093750
11 0.792188 0.335938 0.056250 0.078125
11 0.788281 0.432617 0.023438 0.037109
0 0.971875 0.434570 0.037500 0.056641
0 0.910937 0.446289 0.028125 0.068359
0 0.871094 0.455078 0.023438 0.085938
0 0.832812 0.468750 0.018750 0.105469
0 0.653125 0.447266 0.015625 0.042969
2 0.203906 0.496094 0.176563 0.156250
2 0.293750 0.461914 0.037500 0.052734
2 0.403906 0.451172 0.017188 0.019531
2 0.375000 0.451172 0.012500 0.015625
2 0.387500 0.457031 0.021875 0.023438
2 0.429688 0.451172 0.009375 0.011719
2 0.437500 0.452148 0.006250 0.009766
2 0.451562 0.454102 0.015625 0.017578
2 0.489844 0.456055 0.029687 0.029297
2 0.578906 0.486328 0.095312 0.082031
