9 0.888281 0.270508 0.020313 0.076172
9 0.892969 0.356445 0.023438 0.029297
9 0.187500 0.241211 0.021875 0.072266
9 0.178906 0.332031 0.017188 0.023438
11 0.909375 0.333008 0.068750 0.017578
11 0.727344 0.400391 0.010937 0.019531
11 0.315625 0.459961 0.012500 0.025391
0 0.407031 0.457031 0.042188 0.152344
0 0.289844 0.456055 0.023438 0.068359
0 0.213281 0.458984 0.051562 0.121094
0 0.162500 0.452148 0.056250 0.138672
0 0.076563 0.435547 0.031250 0.117188
0 0.057813 0.432617 0.034375 0.126953
0 0.009375 0.446289 0.018750 0.130859
1 0.116406 0.445312 0.054688 0.046875
2 0.948438 0.520508 0.100000 0.107422
2 0.688281 0.471680 0.107813 0.103516
2 0.582031 0.460938 0.104688 0.101562
2 0.494531 0.463867 0.070312 0.037109
2 0.374219 0.456055 0.023438 0.060547
2 0.350000 0.458008 0.053125 0.072266
2 0.330469 0.466797 0.073438 0.070312
11 0.316406 0.427734 0.007812 0.019531
