5 0.541406 0.382812 0.029687 0.046875
5 0.753125 0.354492 0.125000 0.091797
9 0.599219 0.359375 0.004687 0.019531
9 0.594531 0.360352 0.004687 0.017578
9 0.582031 0.365234 0.004687 0.015625
9 0.571875 0.371094 0.003125 0.015625
9 0.576562 0.371094 0.003125 0.011719
9 0.488281 0.365234 0.004687 0.019531
2 0.209375 0.455078 0.328125 0.355469
2 0.366406 0.413086 0.048438 0.068359
2 0.409375 0.402344 0.053125 0.058594
2 0.443750 0.404297 0.028125 0.042969
2 0.465625 0.403320 0.015625 0.033203
2 0.510156 0.393555 0.017188 0.021484
2 0.543750 0.396484 0.025000 0.027344
2 0.564844 0.392578 0.017188 0.023438
2 0.578125 0.397461 0.012500 0.029297
2 0.593750 0.402344 0.025000 0.042969
2 0.621875 0.405273 0.046875 0.056641
2 0.683594 0.447266 0.117188 0.105469
2 0.678125 0.382812 0.028125 0.019531
2 0.495312 0.385742 0.012500 0.017578
