0 0.517188 0.457031 0.003125 0.023438
0 0.509375 0.456055 0.006250 0.025391
0 0.503906 0.456055 0.004687 0.021484
2 0.759375 0.475586 0.068750 0.080078
2 0.613281 0.482422 0.060937 0.062500
2 0.582031 0.467773 0.023438 0.033203
2 0.526563 0.458008 0.015625 0.017578
2 0.496875 0.455078 0.009375 0.023438
2 0.485156 0.455078 0.020313 0.027344
2 0.484375 0.459961 0.012500 0.021484
2 0.467187 0.461914 0.028125 0.033203
2 0.444531 0.468750 0.029687 0.039062
2 0.431250 0.472656 0.018750 0.042969
2 0.405469 0.471680 0.042188 0.048828
2 0.401562 0.476562 0.034375 0.050781
2 0.383594 0.482422 0.045312 0.054688
2 0.344531 0.489258 0.064062 0.064453
2 0.269531 0.491211 0.095312 0.107422
2 0.185156 0.509766 0.123438 0.117188
2 0.076563 0.541016 0.153125 0.152344
2 0.961719 0.496094 0.073438 0.101562
0 0.562500 0.462891 0.012500 0.042969
0 0.552344 0.460938 0.007812 0.039062
0 0.543750 0.461914 0.009375 0.037109
36 0.562500 0.486328 0.006250 0.003906
36 0.550781 0.480469 0.004687 0.003906
36 0.542969 0.481445 0.004687 0.001953
