11 0.716406 0.342773 0.045312 0.021484
11 0.715625 0.293945 0.043750 0.068359
11 0.014844 0.386719 0.029687 0.019531
11 0.017188 0.316406 0.034375 0.062500
0 0.640625 0.478516 0.034375 0.089844
0 0.029687 0.460938 0.028125 0.085938
2 0.929688 0.468750 0.137500 0.082031
2 0.558594 0.488281 0.073438 0.070312
2 0.539844 0.475586 0.067187 0.076172
2 0.502344 0.474609 0.032813 0.039062
2 0.497656 0.458984 0.035937 0.039062
2 0.457031 0.468750 0.045312 0.023438
2 0.287500 0.475586 0.062500 0.052734
2 0.203906 0.491211 0.098437 0.080078
