9 0.434375 0.422852 0.006250 0.013672
9 0.401562 0.414062 0.006250 0.015625
11 0.821094 0.302734 0.035937 0.074219
11 0.224219 0.359375 0.035937 0.089844
11 0.744531 0.341797 0.035937 0.058594
11 0.157031 0.350586 0.039062 0.060547
0 0.963281 0.531250 0.042188 0.117188
0 0.927344 0.537109 0.054688 0.160156
0 0.894531 0.530273 0.023438 0.119141
0 0.875781 0.527344 0.020313 0.101562
0 0.846875 0.528320 0.025000 0.142578
0 0.788281 0.533203 0.042188 0.121094
0 0.732812 0.544922 0.025000 0.101562
0 0.754687 0.532227 0.025000 0.103516
0 0.703906 0.511719 0.029687 0.097656
0 0.097656 0.491211 0.014063 0.060547
0 0.078125 0.495117 0.015625 0.056641
0 0.535937 0.496094 0.012500 0.035156
0 0.746875 0.562500 0.021875 0.085938
7 0.396094 0.486328 0.032813 0.042969
2 0.154688 0.496094 0.100000 0.070312
2 0.238281 0.500000 0.079687 0.054688
