5 0.542188 0.447266 0.059375 0.093750
11 0.667969 0.380859 0.032813 0.019531
11 0.235937 0.395508 0.009375 0.017578
1 0.657813 0.532227 0.046875 0.099609
2 0.978125 0.604492 0.040625 0.181641
2 0.895312 0.515625 0.206250 0.261719
2 0.786719 0.519531 0.123438 0.136719
2 0.727344 0.500000 0.092188 0.105469
2 0.620313 0.482422 0.040625 0.070312
2 0.604688 0.471680 0.065625 0.068359
2 0.438281 0.506836 0.204687 0.240234
2 0.333594 0.485352 0.039062 0.072266
2 0.303125 0.483398 0.028125 0.044922
2 0.244531 0.480469 0.107813 0.101562
2 0.066406 0.475586 0.104688 0.076172
2 0.057031 0.536133 0.114062 0.134766
0 0.660156 0.486328 0.048438 0.148438
11 0.658594 0.401367 0.007812 0.017578
