9 0.542188 0.418945 0.006250 0.013672
7 0.532813 0.466797 0.059375 0.066406
2 0.576562 0.500000 0.040625 0.050781
2 0.594531 0.505859 0.042188 0.050781
2 0.626563 0.529297 0.053125 0.085938
2 0.664844 0.539062 0.085938 0.105469
2 0.714844 0.557617 0.114062 0.130859
2 0.842187 0.577148 0.200000 0.224609
2 0.910156 0.691406 0.176563 0.394531
2 0.482031 0.489258 0.029687 0.025391
2 0.446875 0.489258 0.037500 0.037109
2 0.432031 0.500977 0.039062 0.048828
2 0.408594 0.512695 0.042188 0.060547
2 0.362500 0.525391 0.084375 0.093750
2 0.346094 0.541992 0.076563 0.099609
2 0.271094 0.571289 0.126562 0.166016
2 0.189844 0.607422 0.207813 0.210938
2 0.107813 0.701172 0.215625 0.320312
2 0.497656 0.607422 0.195312 0.210938
