9 0.375781 0.387695 0.014063 0.025391
9 0.432812 0.403320 0.012500 0.021484
9 0.475000 0.406250 0.006250 0.019531
9 0.273438 0.458984 0.006250 0.019531
9 0.264062 0.446289 0.009375 0.025391
9 0.261719 0.468750 0.004687 0.011719
11 0.304688 0.419922 0.037500 0.011719
11 0.452344 0.401367 0.010937 0.017578
11 0.499219 0.423828 0.029687 0.007812
11 0.369531 0.487305 0.007812 0.005859
11 0.285156 0.457031 0.010937 0.011719
11 0.285156 0.464844 0.004687 0.003906
11 0.326562 0.451172 0.009375 0.031250
11 0.585156 0.426758 0.020313 0.017578
11 0.645312 0.397461 0.012500 0.033203
11 0.802344 0.393555 0.007812 0.017578
0 0.071094 0.508789 0.023438 0.068359
0 0.190625 0.501953 0.009375 0.039062
0 0.242188 0.494141 0.006250 0.035156
0 0.252344 0.500000 0.007812 0.027344
0 0.259375 0.499023 0.006250 0.029297
0 0.267969 0.498047 0.010937 0.031250
0 0.677344 0.458008 0.014063 0.041016
0 0.692187 0.460938 0.015625 0.035156
0 0.716406 0.455078 0.017188 0.039062
0 0.742188 0.455078 0.012500 0.035156
1 0.200781 0.508789 0.023438 0.021484
7 0.457813 0.473633 0.053125 0.076172
2 0.025000 0.511719 0.050000 0.187500
2 0.537500 0.506836 0.100000 0.111328
2 0.414844 0.492188 0.039062 0.039062
2 0.387500 0.498047 0.021875 0.027344
0 0.201563 0.498047 0.012500 0.039062
78 0.622656 0.473633 0.070312 0.044922
