9 0.152344 0.293945 0.017188 0.052734
9 0.193750 0.297852 0.015625 0.052734
9 0.471094 0.397461 0.004687 0.013672
11 0.221094 0.385742 0.010937 0.021484
11 0.482812 0.404297 0.012500 0.003906
0 0.932031 0.512695 0.060937 0.166016
1 0.017188 0.517578 0.034375 0.066406
2 0.127344 0.433594 0.045312 0.023438
2 0.165625 0.436523 0.040625 0.029297
2 0.242969 0.442383 0.051562 0.029297
2 0.535156 0.456055 0.039062 0.025391
2 0.564063 0.462891 0.028125 0.027344
2 0.629687 0.471680 0.056250 0.056641
0 0.015625 0.469727 0.031250 0.111328
10 0.218750 0.477539 0.012500 0.044922
