5 0.310937 0.478516 0.075000 0.082031
5 0.714063 0.467773 0.093750 0.076172
11 0.496875 0.400391 0.056250 0.027344
11 0.574219 0.399414 0.057813 0.025391
11 0.645312 0.398438 0.040625 0.027344
2 0.976562 0.540039 0.043750 0.107422
2 0.193750 0.515625 0.075000 0.070312
2 0.325000 0.501953 0.031250 0.035156
2 0.366406 0.497070 0.035937 0.029297
2 0.392969 0.489258 0.020313 0.025391
2 0.406250 0.487305 0.015625 0.021484
2 0.446875 0.565430 0.134375 0.126953
2 0.489063 0.522461 0.062500 0.076172
2 0.497656 0.498047 0.039062 0.042969
2 0.653125 0.511719 0.056250 0.054688
2 0.756250 0.593750 0.225000 0.203125
2 0.593750 0.510742 0.071875 0.087891
2 0.542188 0.501953 0.031250 0.031250
2 0.527344 0.498047 0.010937 0.023438
2 0.170313 0.498047 0.078125 0.074219
