9 0.579688 0.440430 0.006250 0.021484
9 0.578125 0.464844 0.009375 0.007812
9 0.266406 0.432617 0.007812 0.025391
9 0.266406 0.456055 0.007812 0.009766
11 0.664844 0.418945 0.023438 0.033203
11 0.614844 0.438477 0.020313 0.029297
0 0.539844 0.499023 0.010937 0.013672
0 0.978906 0.547852 0.039062 0.166016
0 0.938281 0.544922 0.064062 0.140625
0 0.875781 0.523438 0.039062 0.128906
0 0.777344 0.488281 0.023438 0.050781
0 0.710156 0.502930 0.017188 0.052734
0 0.662500 0.508789 0.018750 0.048828
0 0.690625 0.489258 0.009375 0.029297
0 0.680469 0.491211 0.017188 0.033203
0 0.260937 0.491211 0.009375 0.033203
0 0.375000 0.487305 0.006250 0.021484
0 0.562500 0.492188 0.006250 0.019531
1 0.432031 0.546875 0.039062 0.066406
2 0.523438 0.493164 0.015625 0.017578
2 0.485156 0.524414 0.076563 0.080078
0 0.433594 0.519531 0.035937 0.085938
11 0.938281 0.223633 0.120313 0.189453
