9 0.542188 0.341797 0.012500 0.039062
9 0.601562 0.378906 0.012500 0.039062
9 0.844531 0.267578 0.010937 0.035156
9 0.888281 0.260742 0.010937 0.037109
9 0.928125 0.324219 0.021875 0.066406
9 0.970313 0.350586 0.009375 0.041016
9 0.926562 0.391602 0.009375 0.021484
9 0.810156 0.395508 0.010937 0.033203
9 0.495312 0.413086 0.003125 0.009766
9 0.947656 0.389648 0.010937 0.025391
11 0.866406 0.259766 0.007812 0.019531
11 0.986719 0.406250 0.017188 0.031250
0 0.092969 0.469727 0.020313 0.076172
0 0.101562 0.464844 0.021875 0.089844
0 0.147656 0.448242 0.020313 0.052734
0 0.791406 0.460938 0.010937 0.042969
0 0.801562 0.461914 0.009375 0.044922
0 0.900781 0.475586 0.023438 0.080078
0 0.952344 0.475586 0.020313 0.080078
0 0.974219 0.473633 0.026562 0.080078
0 0.567969 0.459961 0.007812 0.021484
2 0.495312 0.458008 0.015625 0.017578
2 0.703125 0.512695 0.168750 0.169922
