11 0.918750 0.483398 0.012500 0.013672
11 0.585938 0.449219 0.006250 0.015625
11 0.619531 0.455078 0.014063 0.027344
11 0.571094 0.466797 0.014063 0.007812
11 0.571875 0.449219 0.015625 0.027344
0 0.749219 0.491211 0.010937 0.021484
0 0.875000 0.500000 0.006250 0.011719
0 0.947656 0.501953 0.004687 0.019531
0 0.974219 0.506836 0.007812 0.025391
0 0.962500 0.502930 0.006250 0.017578
2 0.517188 0.532227 0.137500 0.134766
2 0.634375 0.508789 0.109375 0.076172
2 0.584375 0.488281 0.028125 0.027344
2 0.699219 0.492188 0.032813 0.023438
2 0.716406 0.495117 0.023438 0.021484
2 0.668750 0.489258 0.037500 0.017578
2 0.796094 0.513672 0.073438 0.031250
2 0.775000 0.496094 0.040625 0.019531
2 0.836719 0.514648 0.035937 0.033203
2 0.914844 0.505859 0.042188 0.023438
2 0.893750 0.500977 0.021875 0.017578
2 0.936719 0.505859 0.017188 0.023438
