11 0.914844 0.387695 0.045312 0.021484
11 0.797656 0.496094 0.057813 0.023438
11 0.804688 0.332031 0.053125 0.062500
11 0.798438 0.283203 0.062500 0.027344
11 0.053125 0.416016 0.025000 0.015625
0 0.827344 0.482422 0.029687 0.113281
0 0.803906 0.486328 0.026562 0.093750
0 0.717969 0.510742 0.023438 0.076172
0 0.738281 0.490234 0.035937 0.105469
0 0.710156 0.467773 0.020313 0.080078
0 0.678906 0.460938 0.020313 0.062500
0 0.197656 0.461914 0.017188 0.056641
0 0.113281 0.518555 0.048438 0.107422
0 0.131250 0.509766 0.040625 0.125000
0 0.146094 0.512695 0.017188 0.080078
0 0.172656 0.512695 0.045312 0.126953
0 0.037500 0.512695 0.046875 0.123047
2 0.928125 0.465820 0.140625 0.103516
2 0.378906 0.461914 0.017188 0.037109
2 0.542188 0.589844 0.368750 0.347656
2 0.313281 0.470703 0.051562 0.050781
2 0.010156 0.575195 0.020313 0.115234
7 0.340625 0.441406 0.059375 0.082031
