11 0.558594 0.446289 0.023438 0.013672
11 0.558594 0.420898 0.026562 0.037109
11 0.628125 0.428711 0.015625 0.033203
11 0.581250 0.420898 0.012500 0.025391
0 0.749219 0.481445 0.007812 0.021484
0 0.987500 0.486328 0.006250 0.015625
0 0.346094 0.502930 0.026562 0.076172
0 0.370312 0.507812 0.025000 0.074219
2 0.564063 0.486328 0.053125 0.042969
2 0.657813 0.511719 0.200000 0.117188
2 0.775781 0.482422 0.035937 0.023438
2 0.715625 0.483398 0.037500 0.021484
2 0.845313 0.532227 0.171875 0.130859
2 0.948438 0.490234 0.056250 0.027344
2 0.796875 0.482422 0.021875 0.027344
