9 0.042188 0.287109 0.021875 0.058594
9 0.221875 0.248047 0.021875 0.058594
9 0.461719 0.314453 0.014063 0.035156
9 0.656250 0.396484 0.018750 0.023438
9 0.657813 0.331055 0.025000 0.064453
9 0.707031 0.368164 0.014063 0.041016
9 0.478125 0.446289 0.006250 0.013672
9 0.453125 0.432617 0.003125 0.005859
11 0.164062 0.227539 0.046875 0.041016
11 0.489063 0.295898 0.012500 0.017578
11 0.714844 0.263672 0.048438 0.070312
11 0.716406 0.316406 0.023438 0.035156
11 0.702344 0.395508 0.026562 0.013672
11 0.217969 0.416992 0.026562 0.033203
11 0.628906 0.434570 0.014063 0.009766
11 0.628125 0.417969 0.018750 0.023438
11 0.494531 0.442383 0.007812 0.009766
11 0.506250 0.441406 0.006250 0.007812
11 0.403125 0.433594 0.012500 0.019531
0 0.685937 0.479492 0.034375 0.119141
1 0.649219 0.542969 0.051562 0.113281
2 0.310156 0.490234 0.139063 0.140625
2 0.380469 0.483398 0.048438 0.099609
2 0.454688 0.472656 0.121875 0.058594
2 0.566406 0.470703 0.039062 0.035156
2 0.591406 0.460938 0.067187 0.054688
2 0.221875 0.483398 0.059375 0.052734
2 0.522656 0.480469 0.020313 0.019531
0 0.647656 0.495117 0.051562 0.146484
9 0.560937 0.426758 0.006250 0.013672
