9 0.412500 0.452148 0.006250 0.017578
9 0.596875 0.455078 0.006250 0.015625
11 0.647656 0.536133 0.032813 0.037109
11 0.774219 0.434570 0.032813 0.029297
0 0.624219 0.500000 0.010937 0.035156
0 0.634375 0.499023 0.009375 0.029297
0 0.649219 0.502930 0.007812 0.029297
0 0.642969 0.499023 0.007812 0.029297
0 0.660156 0.495117 0.007812 0.021484
0 0.456250 0.477539 0.006250 0.009766
1 0.610938 0.552734 0.021875 0.046875
2 0.432812 0.508789 0.062500 0.064453
2 0.501563 0.541992 0.109375 0.107422
2 0.521875 0.482422 0.012500 0.011719
2 0.494531 0.483398 0.020313 0.009766
2 0.513281 0.476562 0.010937 0.011719
2 0.532031 0.479492 0.010937 0.009766
2 0.553125 0.475586 0.006250 0.005859
0 0.610938 0.529297 0.021875 0.082031
