9 0.840625 0.263672 0.025000 0.085938
9 0.823438 0.357422 0.037500 0.082031
11 0.665625 0.432617 0.034375 0.080078
11 0.188281 0.402344 0.020313 0.031250
11 0.107813 0.458984 0.012500 0.023438
11 0.107031 0.423828 0.010937 0.015625
0 0.623437 0.465820 0.012500 0.025391
0 0.635938 0.468750 0.012500 0.027344
0 0.649219 0.472656 0.010937 0.023438
0 0.176563 0.485352 0.012500 0.048828
0 0.592969 0.465820 0.010937 0.017578
0 0.221094 0.473633 0.010937 0.021484
1 0.607812 0.501953 0.043750 0.066406
2 0.433594 0.493164 0.114062 0.130859
2 0.356250 0.485352 0.034375 0.044922
2 0.338281 0.491211 0.051562 0.052734
2 0.270313 0.500977 0.103125 0.087891
2 0.057813 0.529297 0.115625 0.281250
