11 0.437500 0.445312 0.006250 0.007812
0 0.813281 0.452148 0.014063 0.048828
0 0.829688 0.452148 0.015625 0.044922
0 0.300781 0.462891 0.014063 0.039062
1 0.373437 0.502930 0.043750 0.080078
1 0.922656 0.513672 0.139063 0.156250
1 0.840625 0.512695 0.131250 0.138672
1 0.886719 0.510742 0.145313 0.169922
1 0.531250 0.598633 0.103125 0.236328
1 0.647656 0.601562 0.114062 0.253906
2 0.475781 0.462891 0.010937 0.023438
2 0.483594 0.464844 0.014063 0.023438
0 0.373437 0.477539 0.043750 0.115234
0 0.528906 0.508789 0.098437 0.330078
0 0.653125 0.476562 0.121875 0.375000
