5 0.558594 0.375977 0.132812 0.185547
9 0.281250 0.254883 0.018750 0.091797
9 0.317969 0.292969 0.017188 0.082031
9 0.834375 0.279297 0.025000 0.101562
9 0.771875 0.325195 0.018750 0.068359
9 0.789062 0.325195 0.018750 0.068359
9 0.942187 0.293945 0.028125 0.087891
9 0.800781 0.261719 0.010937 0.039062
9 0.960938 0.304688 0.021875 0.058594
11 0.449219 0.382812 0.014063 0.015625
0 0.914844 0.429688 0.023438 0.085938
0 0.864062 0.438477 0.025000 0.103516
0 0.841406 0.410156 0.023438 0.050781
1 0.463281 0.434570 0.014063 0.033203
2 0.325000 0.458984 0.215625 0.230469
2 0.573438 0.468750 0.165625 0.183594
2 0.487500 0.420898 0.012500 0.072266
2 0.475000 0.421875 0.012500 0.023438
2 0.924219 0.564453 0.148438 0.425781
2 0.769531 0.478516 0.164062 0.152344
2 0.669531 0.438477 0.060937 0.064453
2 0.689844 0.415039 0.045312 0.048828
0 0.463281 0.422852 0.014063 0.044922
