0 0.525000 0.450195 0.009375 0.029297
1 0.425000 0.465820 0.015625 0.025391
1 0.462500 0.458008 0.012500 0.021484
2 0.057813 0.651367 0.115625 0.244141
2 0.346875 0.479492 0.081250 0.083984
2 0.390625 0.469727 0.031250 0.052734
2 0.409375 0.459961 0.028125 0.037109
2 0.424219 0.450195 0.029687 0.033203
2 0.434375 0.443359 0.028125 0.035156
2 0.451562 0.443359 0.012500 0.031250
2 0.464062 0.436523 0.012500 0.017578
2 0.471875 0.435547 0.009375 0.015625
2 0.479687 0.434570 0.009375 0.013672
2 0.488281 0.432617 0.007812 0.009766
2 0.509375 0.444336 0.015625 0.025391
2 0.535156 0.455078 0.017188 0.023438
2 0.557813 0.460938 0.028125 0.035156
2 0.589063 0.474609 0.046875 0.066406
2 0.610938 0.492188 0.065625 0.070312
2 0.671875 0.528320 0.103125 0.099609
2 0.732812 0.569336 0.150000 0.134766
2 0.867969 0.623047 0.254688 0.199219
2 0.924219 0.776367 0.148438 0.361328
2 0.026562 0.496094 0.053125 0.074219
2 0.176563 0.452148 0.081250 0.044922
2 0.295312 0.453125 0.056250 0.050781
0 0.424219 0.454102 0.010937 0.041016
0 0.462500 0.448242 0.009375 0.033203
0 0.497656 0.444336 0.010937 0.037109
78 0.498437 0.465820 0.006250 0.005859
2 0.817969 0.444336 0.035937 0.025391
