1 0.592187 0.508789 0.031250 0.064453
1 0.642188 0.513672 0.046875 0.082031
1 0.710938 0.531250 0.046875 0.082031
1 0.808594 0.551758 0.057813 0.111328
1 0.923438 0.587891 0.100000 0.164062
2 0.971875 0.526367 0.053125 0.201172
2 0.660156 0.480469 0.089063 0.097656
2 0.586719 0.472656 0.067187 0.066406
2 0.353906 0.464844 0.026562 0.050781
2 0.338281 0.468750 0.035937 0.058594
2 0.313281 0.472656 0.060937 0.062500
2 0.195312 0.481445 0.175000 0.158203
0 0.924219 0.521484 0.098437 0.226562
0 0.807813 0.507812 0.059375 0.175781
0 0.710156 0.500977 0.045312 0.119141
0 0.642188 0.483398 0.046875 0.099609
0 0.601562 0.480469 0.050000 0.097656
