1 0.525000 0.510742 0.040625 0.056641
2 0.498437 0.483398 0.021875 0.033203
2 0.475781 0.484375 0.035937 0.042969
2 0.466406 0.488281 0.032813 0.039062
2 0.442188 0.494141 0.031250 0.054688
2 0.417187 0.496094 0.053125 0.070312
2 0.360938 0.504883 0.093750 0.076172
2 0.180469 0.472656 0.095312 0.085938
2 0.110156 0.541992 0.217188 0.205078
2 0.022656 0.568359 0.045312 0.210938
2 0.642969 0.477539 0.026562 0.029297
2 0.655469 0.482422 0.020313 0.031250
2 0.669531 0.489258 0.026562 0.037109
2 0.685937 0.493164 0.028125 0.052734
2 0.701562 0.495117 0.028125 0.056641
2 0.727344 0.496094 0.048438 0.058594
2 0.760938 0.505859 0.065625 0.078125
2 0.790625 0.513672 0.056250 0.089844
2 0.893750 0.514648 0.209375 0.208984
2 0.625781 0.477539 0.010937 0.013672
2 0.603125 0.476562 0.018750 0.015625
2 0.575000 0.475586 0.018750 0.013672
2 0.549219 0.475586 0.023438 0.013672
2 0.617188 0.475586 0.012500 0.013672
0 0.525781 0.486328 0.035937 0.074219
