11 0.553906 0.504883 0.014063 0.009766
11 0.553906 0.469727 0.051562 0.009766
11 0.553906 0.480469 0.051562 0.015625
11 0.553906 0.463867 0.007812 0.005859
11 0.596094 0.458984 0.029687 0.007812
11 0.596875 0.473633 0.028125 0.021484
11 0.585938 0.446289 0.009375 0.009766
11 0.605469 0.442383 0.007812 0.009766
11 0.597656 0.452148 0.007812 0.005859
2 0.404687 0.536133 0.015625 0.009766
2 0.344531 0.540039 0.026562 0.017578
2 0.303125 0.584961 0.112500 0.087891
2 0.477344 0.526367 0.010937 0.005859
2 0.487500 0.525391 0.009375 0.003906
2 0.503906 0.524414 0.007812 0.005859
2 0.488281 0.552734 0.048438 0.050781
2 0.580469 0.536133 0.032813 0.037109
2 0.592969 0.522461 0.007812 0.017578
2 0.558594 0.577148 0.092188 0.099609
