11 0.915625 0.230469 0.050000 0.101562
0 0.091406 0.561523 0.051562 0.162109
0 0.182812 0.559570 0.046875 0.181641
0 0.865625 0.462891 0.018750 0.054688
0 0.852344 0.460938 0.017188 0.050781
0 0.824219 0.461914 0.020313 0.048828
0 0.805469 0.458008 0.020313 0.037109
0 0.451562 0.490234 0.021875 0.082031
0 0.474219 0.494141 0.023438 0.078125
0 0.492969 0.491211 0.020313 0.076172
0 0.502344 0.492188 0.020313 0.078125
0 0.539844 0.461914 0.010937 0.025391
0 0.551562 0.461914 0.012500 0.029297
0 0.560937 0.461914 0.012500 0.029297
7 0.183594 0.458008 0.282813 0.275391
3 0.839063 0.518555 0.084375 0.087891
3 0.809375 0.510742 0.087500 0.095703
3 0.799219 0.507812 0.089063 0.085938
3 0.707812 0.476562 0.050000 0.031250
2 0.092188 0.567383 0.090625 0.107422
2 0.643750 0.459961 0.028125 0.029297
2 0.588281 0.466797 0.035937 0.027344
2 0.599219 0.554688 0.164062 0.164062
