9 0.021094 0.216797 0.017188 0.046875
9 0.119531 0.369141 0.014063 0.039062
9 0.060156 0.365234 0.010937 0.042969
9 0.036719 0.394531 0.014063 0.019531
9 0.508594 0.241211 0.014063 0.041016
9 0.401562 0.251953 0.018750 0.042969
9 0.641406 0.181641 0.014063 0.046875
9 0.800000 0.180664 0.015625 0.048828
9 0.900000 0.346680 0.012500 0.033203
9 0.912500 0.375000 0.009375 0.011719
11 0.460938 0.238281 0.031250 0.027344
11 0.960156 0.229492 0.042188 0.013672
11 0.700781 0.171875 0.042188 0.035156
11 0.299219 0.285156 0.035937 0.015625
11 0.366406 0.372070 0.010937 0.025391
11 0.842187 0.368164 0.009375 0.009766
11 0.842187 0.352539 0.018750 0.021484
11 0.113281 0.394531 0.020313 0.007812
2 0.865625 0.410156 0.040625 0.031250
2 0.941406 0.517578 0.114062 0.285156
2 0.607812 0.535156 0.275000 0.261719
2 0.519531 0.420898 0.032813 0.041016
2 0.467969 0.425781 0.032813 0.035156
2 0.487500 0.423828 0.015625 0.027344
2 0.493750 0.419922 0.021875 0.027344
11 0.924219 0.345703 0.020313 0.035156
9 0.132812 0.369141 0.009375 0.035156
