11 0.497656 0.396484 0.023438 0.035156
0 0.382031 0.478516 0.017188 0.027344
0 0.335938 0.490234 0.015625 0.070312
0 0.354687 0.491211 0.018750 0.068359
3 0.287500 0.578125 0.096875 0.210938
2 0.564063 0.489258 0.037500 0.037109
2 0.528125 0.503906 0.056250 0.097656
2 0.649219 0.478516 0.142187 0.125000
2 0.453125 0.507812 0.140625 0.160156
2 0.714844 0.502930 0.185938 0.162109
2 0.785937 0.513672 0.140625 0.148438
2 0.824219 0.528320 0.095312 0.166016
2 0.916406 0.519531 0.164062 0.230469
2 0.967969 0.541992 0.060937 0.271484
0 0.289844 0.520508 0.095312 0.255859
11 0.214844 0.425781 0.010937 0.027344
11 0.260156 0.415039 0.014063 0.013672
