11 0.563281 0.422852 0.004687 0.009766
11 0.538281 0.435547 0.004687 0.015625
2 0.951562 0.540039 0.093750 0.279297
2 0.739844 0.509766 0.145313 0.105469
2 0.658594 0.491211 0.085938 0.080078
2 0.541406 0.465820 0.039062 0.041016
2 0.520312 0.465820 0.015625 0.037109
2 0.473438 0.465820 0.021875 0.025391
2 0.403906 0.460938 0.017188 0.023438
2 0.394531 0.464844 0.017188 0.023438
2 0.379688 0.465820 0.025000 0.029297
2 0.372656 0.469727 0.020313 0.025391
2 0.343750 0.464844 0.040625 0.046875
2 0.322656 0.472656 0.039062 0.039062
2 0.200781 0.471680 0.110937 0.099609
