11 0.257031 0.339844 0.023438 0.031250
0 0.722656 0.423828 0.007812 0.027344
0 0.680469 0.424805 0.007812 0.021484
1 0.403125 0.595703 0.131250 0.109375
1 0.288281 0.464844 0.045312 0.035156
2 0.700000 0.415039 0.012500 0.013672
2 0.668750 0.415039 0.009375 0.013672
2 0.657813 0.414062 0.012500 0.015625
2 0.646875 0.421875 0.012500 0.019531
2 0.633594 0.423828 0.014063 0.019531
2 0.617188 0.424805 0.018750 0.021484
2 0.596875 0.428711 0.018750 0.025391
2 0.604688 0.425781 0.012500 0.023438
2 0.578125 0.428711 0.025000 0.033203
2 0.570312 0.435547 0.021875 0.039062
2 0.545312 0.441406 0.046875 0.046875
2 0.512500 0.446289 0.031250 0.041016
2 0.487500 0.451172 0.037500 0.050781
2 0.452344 0.458984 0.060937 0.062500
2 0.409375 0.423828 0.065625 0.023438
2 0.204687 0.455078 0.112500 0.097656
2 0.075781 0.458008 0.151562 0.076172
2 0.696094 0.452148 0.051562 0.060547
2 0.818750 0.451172 0.090625 0.070312
2 0.815625 0.472656 0.075000 0.078125
2 0.882812 0.473633 0.125000 0.099609
0 0.400000 0.536133 0.065625 0.142578
2 0.122656 0.421875 0.092188 0.035156
