5 0.445312 0.419922 0.018750 0.023438
9 0.224219 0.391602 0.017188 0.021484
9 0.577344 0.367188 0.020313 0.023438
11 0.022656 0.438477 0.014063 0.013672
11 0.022656 0.421875 0.039062 0.019531
11 0.226562 0.417969 0.021875 0.031250
11 0.578906 0.405273 0.026562 0.041016
11 0.877344 0.312500 0.029687 0.023438
11 0.876563 0.333008 0.018750 0.017578
11 0.875781 0.237305 0.073438 0.126953
11 0.537500 0.417969 0.006250 0.011719
11 0.502344 0.419922 0.007812 0.015625
0 0.171094 0.503906 0.026562 0.066406
0 0.189844 0.493164 0.026562 0.064453
0 0.200000 0.493164 0.018750 0.056641
0 0.174219 0.489258 0.014063 0.052734
0 0.982812 0.535156 0.031250 0.164062
0 0.972656 0.513672 0.035937 0.144531
0 0.903906 0.529297 0.042188 0.164062
0 0.914062 0.513672 0.018750 0.125000
0 0.943750 0.524414 0.037500 0.142578
0 0.871094 0.513672 0.039062 0.128906
0 0.844531 0.516602 0.023438 0.119141
0 0.799219 0.517578 0.029687 0.117188
0 0.822656 0.519531 0.035937 0.125000
0 0.851562 0.501953 0.021875 0.125000
0 0.895312 0.438477 0.009375 0.044922
0 0.912500 0.439453 0.015625 0.042969
0 0.926562 0.442383 0.009375 0.033203
0 0.949219 0.444336 0.010937 0.041016
0 0.936719 0.437500 0.014063 0.031250
0 0.868750 0.430664 0.012500 0.033203
0 0.786719 0.450195 0.010937 0.037109
0 0.829688 0.441406 0.012500 0.035156
0 0.824219 0.442383 0.010937 0.033203
0 0.806250 0.446289 0.009375 0.033203
0 0.775781 0.418945 0.007812 0.025391
0 0.766406 0.421875 0.007812 0.023438
0 0.758594 0.419922 0.004687 0.023438
0 0.746094 0.430664 0.007812 0.029297
0 0.742188 0.425781 0.006250 0.027344
0 0.732812 0.435547 0.009375 0.031250
0 0.732812 0.495117 0.018750 0.083984
0 0.712500 0.463867 0.012500 0.044922
0 0.704688 0.460938 0.009375 0.039062
0 0.692969 0.461914 0.010937 0.041016
0 0.673438 0.491211 0.021875 0.068359
0 0.652344 0.496094 0.017188 0.062500
0 0.596094 0.467773 0.014063 0.044922
0 0.606250 0.487305 0.018750 0.056641
0 0.622656 0.484375 0.017188 0.058594
0 0.631250 0.480469 0.012500 0.050781
0 0.642188 0.481445 0.012500 0.044922
0 0.636719 0.452148 0.010937 0.029297
0 0.665625 0.477539 0.015625 0.056641
0 0.566406 0.454102 0.007812 0.033203
0 0.604688 0.435547 0.006250 0.023438
0 0.592969 0.434570 0.010937 0.021484
0 0.625781 0.449219 0.010937 0.019531
0 0.617188 0.447266 0.012500 0.035156
0 0.558594 0.455078 0.007812 0.031250
0 0.545312 0.432617 0.006250 0.017578
0 0.528125 0.454102 0.009375 0.029297
0 0.535156 0.453125 0.007812 0.027344
0 0.539844 0.452148 0.007812 0.029297
0 0.550781 0.455078 0.007812 0.031250
0 0.536719 0.431641 0.007812 0.015625
2 0.041406 0.522461 0.082812 0.083984
2 0.285156 0.489258 0.039062 0.052734
2 0.327344 0.498047 0.073438 0.074219
2 0.363281 0.486328 0.023438 0.042969
2 0.332813 0.452148 0.040625 0.021484
2 0.373437 0.472656 0.037500 0.042969
2 0.385937 0.458008 0.018750 0.033203
2 0.393750 0.455078 0.015625 0.031250
2 0.399219 0.448242 0.014063 0.025391
2 0.403125 0.436523 0.018750 0.021484
2 0.400000 0.425781 0.015625 0.015625
2 0.421094 0.418945 0.007812 0.005859
2 0.483594 0.542969 0.135937 0.128906
2 0.409375 0.523438 0.068750 0.089844
2 0.445312 0.460938 0.075000 0.039062
2 0.497656 0.463867 0.039062 0.033203
2 0.480469 0.450195 0.023438 0.021484
2 0.457813 0.434570 0.018750 0.017578
2 0.466406 0.438477 0.023438 0.009766
2 0.432031 0.438477 0.020313 0.013672
2 0.429688 0.425781 0.012500 0.011719
2 0.376563 0.461914 0.034375 0.037109
10 0.639844 0.525391 0.017188 0.042969
