9 0.842969 0.265625 0.010937 0.035156
9 0.885938 0.257812 0.009375 0.039062
9 0.925781 0.320312 0.020313 0.058594
9 0.967969 0.346680 0.010937 0.037109
9 0.542188 0.336914 0.012500 0.041016
11 0.610938 0.362305 0.012500 0.021484
0 0.601562 0.476562 0.028125 0.078125
0 0.804688 0.477539 0.025000 0.072266
0 0.838281 0.479492 0.017188 0.076172
0 0.909375 0.469727 0.025000 0.080078
0 0.962500 0.617188 0.071875 0.460938
0 0.625000 0.458008 0.021875 0.064453
2 0.699219 0.508789 0.167187 0.169922
0 0.052344 0.552734 0.104688 0.566406
1 0.151562 0.688477 0.303125 0.408203
