9 0.232031 0.252930 0.014063 0.056641
9 0.325000 0.320312 0.012500 0.066406
9 0.322656 0.381836 0.014063 0.017578
9 0.760156 0.070312 0.023438 0.066406
9 0.878906 0.028320 0.026562 0.056641
9 0.660937 0.338867 0.015625 0.048828
11 0.808594 0.050781 0.020313 0.046875
0 0.878125 0.477539 0.025000 0.115234
0 0.851562 0.474609 0.034375 0.144531
0 0.797656 0.461914 0.026562 0.119141
0 0.819531 0.478516 0.035937 0.156250
0 0.756250 0.470703 0.043750 0.152344
0 0.717969 0.477539 0.035937 0.154297
0 0.700781 0.460938 0.026562 0.117188
0 0.671875 0.462891 0.031250 0.109375
0 0.640625 0.454102 0.028125 0.111328
0 0.617969 0.455078 0.026562 0.105469
0 0.569531 0.458008 0.029687 0.095703
0 0.538281 0.454102 0.032813 0.099609
2 0.897656 0.453125 0.145313 0.101562
2 0.098437 0.442383 0.050000 0.044922
2 0.183594 0.489258 0.157812 0.158203
2 0.032031 0.447266 0.064062 0.054688
