0 0.596094 0.453125 0.010937 0.039062
0 0.581250 0.452148 0.012500 0.041016
0 0.588281 0.455078 0.007812 0.039062
0 0.568750 0.455078 0.012500 0.039062
0 0.511719 0.440430 0.007812 0.017578
0 0.537500 0.440430 0.009375 0.021484
0 0.261719 0.466797 0.014063 0.042969
0 0.250781 0.466797 0.010937 0.042969
1 0.836719 0.513672 0.073438 0.058594
1 0.871094 0.506836 0.051562 0.060547
1 0.378906 0.491211 0.017188 0.037109
2 0.850000 0.461914 0.112500 0.076172
2 0.742188 0.474609 0.128125 0.085938
2 0.743750 0.616211 0.256250 0.216797
2 0.649219 0.551758 0.126562 0.130859
2 0.609375 0.523438 0.103125 0.101562
2 0.517969 0.465820 0.076563 0.037109
2 0.553906 0.452148 0.029687 0.029297
2 0.082812 0.730469 0.165625 0.343750
2 0.133594 0.546875 0.126562 0.121094
2 0.052344 0.543945 0.104688 0.083984
2 0.126562 0.469727 0.065625 0.044922
2 0.180469 0.485352 0.073438 0.060547
2 0.292969 0.461914 0.039062 0.044922
2 0.320312 0.458984 0.021875 0.031250
2 0.345313 0.469727 0.037500 0.044922
2 0.422656 0.462891 0.029687 0.031250
2 0.405469 0.460938 0.014063 0.027344
2 0.399219 0.458008 0.017188 0.029297
2 0.385937 0.458008 0.018750 0.025391
2 0.371094 0.457031 0.014063 0.019531
0 0.378906 0.475586 0.017188 0.052734
11 0.605469 0.384766 0.020313 0.027344
11 0.604688 0.404297 0.009375 0.007812
