5 0.465625 0.461914 0.025000 0.037109
9 0.055469 0.253906 0.010937 0.039062
9 0.101562 0.294922 0.012500 0.035156
9 0.940625 0.331055 0.015625 0.064453
9 0.951562 0.408203 0.015625 0.023438
9 0.801562 0.289062 0.025000 0.089844
9 0.780469 0.290039 0.014063 0.087891
9 0.746094 0.246094 0.014063 0.042969
9 0.796875 0.218750 0.012500 0.035156
9 0.802344 0.385742 0.026562 0.033203
9 0.653125 0.407227 0.009375 0.029297
9 0.657031 0.444336 0.004687 0.013672
9 0.560937 0.409180 0.009375 0.029297
9 0.562500 0.441406 0.009375 0.011719
9 0.205469 0.404297 0.007812 0.031250
9 0.214062 0.406250 0.006250 0.039062
11 0.105469 0.351562 0.017188 0.019531
11 0.887500 0.275391 0.046875 0.039062
11 0.496094 0.444336 0.007812 0.013672
11 0.785156 0.474609 0.007812 0.031250
1 0.419531 0.640625 0.345313 0.269531
2 0.478125 0.479492 0.028125 0.029297
2 0.280469 0.483398 0.054688 0.052734
0 0.423438 0.542969 0.168750 0.343750
