0 0.640625 0.474609 0.012500 0.046875
0 0.582031 0.463867 0.007812 0.025391
0 0.574219 0.461914 0.004687 0.021484
0 0.539062 0.460938 0.003125 0.015625
1 0.527344 0.465820 0.004687 0.013672
1 0.522656 0.464844 0.004687 0.011719
1 0.517188 0.465820 0.006250 0.013672
2 0.840625 0.600586 0.303125 0.240234
2 0.953125 0.499023 0.090625 0.083984
2 0.691406 0.517578 0.104688 0.101562
2 0.759375 0.472656 0.062500 0.046875
2 0.666406 0.464844 0.042188 0.035156
2 0.615625 0.460938 0.015625 0.019531
2 0.633594 0.458984 0.023438 0.023438
2 0.561719 0.466797 0.023438 0.027344
2 0.535156 0.455078 0.014063 0.011719
2 0.510156 0.460938 0.014063 0.019531
2 0.502344 0.464844 0.010937 0.019531
2 0.490625 0.463867 0.018750 0.025391
2 0.473438 0.469727 0.028125 0.033203
2 0.445312 0.470703 0.037500 0.046875
2 0.414062 0.475586 0.043750 0.056641
2 0.403125 0.482422 0.040625 0.054688
2 0.353125 0.483398 0.084375 0.083984
2 0.308594 0.500977 0.064062 0.083984
2 0.246094 0.512695 0.110937 0.107422
2 0.119531 0.536133 0.210938 0.146484
2 0.103906 0.452148 0.098437 0.037109
0 0.526563 0.458008 0.006250 0.021484
0 0.522656 0.458984 0.004687 0.015625
0 0.517188 0.458984 0.006250 0.019531
0 0.935937 0.500000 0.046875 0.085938
