9 0.693750 0.393555 0.012500 0.017578
9 0.696094 0.351562 0.014063 0.042969
9 0.895312 0.268555 0.046875 0.056641
9 0.207813 0.368164 0.012500 0.044922
9 0.232813 0.408203 0.015625 0.019531
9 0.878906 0.331055 0.014063 0.041016
9 0.885156 0.380859 0.010937 0.015625
11 0.914062 0.209961 0.046875 0.041016
11 0.888281 0.137695 0.032813 0.095703
11 0.928906 0.369141 0.017188 0.007812
11 0.882812 0.362305 0.012500 0.013672
0 0.645312 0.510742 0.034375 0.205078
0 0.633594 0.500977 0.110937 0.236328
0 0.839844 0.498047 0.045312 0.195312
0 0.869531 0.493164 0.054688 0.201172
0 0.941406 0.489258 0.042188 0.205078
0 0.813281 0.506836 0.095312 0.267578
2 0.595313 0.457031 0.009375 0.011719
2 0.578125 0.458008 0.009375 0.009766
2 0.566406 0.458984 0.014063 0.011719
2 0.550781 0.459961 0.010937 0.009766
2 0.364063 0.469727 0.059375 0.048828
10 0.684375 0.471680 0.009375 0.037109
