11 0.723437 0.381836 0.021875 0.044922
11 0.164062 0.376953 0.018750 0.027344
11 0.163281 0.399414 0.010937 0.013672
0 0.792188 0.491211 0.037500 0.091797
0 0.785937 0.475586 0.031250 0.091797
0 0.681250 0.544922 0.050000 0.160156
0 0.678125 0.457031 0.018750 0.035156
0 0.384375 0.462891 0.018750 0.074219
0 0.403906 0.460938 0.020313 0.078125
0 0.239844 0.432617 0.017188 0.033203
1 0.871875 0.521484 0.056250 0.066406
1 0.902344 0.520508 0.067187 0.068359
1 0.102344 0.468750 0.020313 0.039062
1 0.315625 0.484375 0.034375 0.062500
1 0.362500 0.493164 0.050000 0.076172
1 0.339062 0.495117 0.037500 0.076172
2 0.098437 0.448242 0.075000 0.052734
2 0.162500 0.462891 0.090625 0.058594
2 0.258594 0.473633 0.101562 0.068359
0 0.102344 0.448242 0.020313 0.048828
