1 0.443750 0.459961 0.009375 0.021484
2 0.764844 0.585938 0.179688 0.171875
2 0.689063 0.525391 0.118750 0.125000
2 0.629687 0.501953 0.084375 0.105469
2 0.596094 0.487305 0.029687 0.064453
2 0.601562 0.476562 0.053125 0.066406
2 0.578906 0.465820 0.042188 0.052734
2 0.559375 0.460938 0.021875 0.042969
2 0.550000 0.454102 0.021875 0.037109
2 0.542188 0.446289 0.018750 0.029297
2 0.529687 0.442383 0.015625 0.021484
2 0.501563 0.439453 0.018750 0.023438
2 0.033594 0.491211 0.067187 0.107422
2 0.078125 0.491211 0.050000 0.076172
2 0.104688 0.466797 0.078125 0.058594
2 0.219531 0.477539 0.145313 0.060547
2 0.157031 0.464844 0.076563 0.054688
2 0.279687 0.460938 0.084375 0.050781
2 0.324219 0.456055 0.042188 0.048828
2 0.384375 0.450195 0.025000 0.033203
2 0.376563 0.445312 0.056250 0.031250
2 0.427344 0.452148 0.023438 0.025391
2 0.453125 0.447266 0.015625 0.019531
2 0.460156 0.445312 0.007812 0.015625
2 0.473438 0.437500 0.015625 0.015625
2 0.482031 0.434570 0.007812 0.013672
2 0.488281 0.432617 0.007812 0.009766
0 0.442969 0.452148 0.010937 0.029297
