9 0.435156 0.381836 0.004687 0.013672
9 0.447656 0.406250 0.004687 0.015625
9 0.476562 0.385742 0.006250 0.017578
9 0.367969 0.397461 0.004687 0.013672
9 0.410938 0.422852 0.006250 0.021484
9 0.394531 0.423828 0.007812 0.019531
11 0.849219 0.256836 0.085938 0.091797
11 0.846094 0.147461 0.104688 0.126953
11 0.553906 0.389648 0.010937 0.021484
11 0.508594 0.434570 0.010937 0.013672
0 0.735156 0.458008 0.017188 0.068359
0 0.757812 0.462891 0.018750 0.070312
0 0.083594 0.476562 0.014063 0.046875
0 0.053125 0.483398 0.015625 0.052734
2 0.460938 0.500977 0.096875 0.099609
2 0.184375 0.507812 0.178125 0.160156
2 0.306250 0.478516 0.087500 0.085938
2 0.360156 0.477539 0.032813 0.044922
