2 0.575000 0.485352 0.112500 0.107422
2 0.505469 0.486328 0.060937 0.070312
2 0.504687 0.462891 0.059375 0.054688
2 0.466406 0.476562 0.023438 0.035156
2 0.465625 0.467773 0.034375 0.044922
2 0.445312 0.467773 0.015625 0.021484
2 0.429688 0.465820 0.015625 0.021484
2 0.413281 0.466797 0.026562 0.031250
2 0.394531 0.466797 0.014063 0.023438
2 0.367969 0.465820 0.017188 0.021484
2 0.301563 0.471680 0.034375 0.037109
2 0.150000 0.479492 0.087500 0.107422
2 0.067969 0.476562 0.135937 0.164062
10 0.760938 0.514648 0.025000 0.083984
