5 0.516406 0.446289 0.060937 0.083984
5 0.435156 0.453125 0.101562 0.042969
5 0.636719 0.438477 0.089063 0.056641
5 0.843750 0.417969 0.309375 0.140625
0 0.170313 0.488281 0.012500 0.050781
0 0.128906 0.489258 0.014063 0.029297
0 0.114844 0.494141 0.014063 0.054688
0 0.377344 0.463867 0.007812 0.021484
0 0.359375 0.464844 0.006250 0.023438
0 0.344531 0.459961 0.007812 0.009766
0 0.350781 0.466797 0.007812 0.019531
0 0.354687 0.463867 0.006250 0.021484
0 0.421875 0.463867 0.009375 0.021484
0 0.431250 0.461914 0.006250 0.025391
0 0.426563 0.461914 0.006250 0.021484
0 0.580469 0.458008 0.010937 0.041016
0 0.589844 0.457031 0.014063 0.046875
0 0.632031 0.452148 0.014063 0.044922
0 0.557813 0.453125 0.009375 0.035156
0 0.572656 0.458008 0.010937 0.044922
0 0.610156 0.452148 0.014063 0.044922
0 0.603125 0.453125 0.009375 0.042969
0 0.620313 0.451172 0.009375 0.042969
2 0.952344 0.484375 0.092188 0.117188
2 0.911719 0.448242 0.173437 0.138672
2 0.853125 0.439453 0.140625 0.109375
2 0.456250 0.463867 0.028125 0.025391
2 0.475781 0.462891 0.020313 0.023438
