2 0.467187 0.434570 0.028125 0.025391
2 0.449219 0.453125 0.026562 0.042969
2 0.436719 0.455078 0.023438 0.046875
2 0.412500 0.455078 0.046875 0.054688
2 0.355469 0.425781 0.017188 0.011719
2 0.371875 0.464844 0.053125 0.070312
2 0.328906 0.467773 0.057813 0.083984
2 0.073438 0.428711 0.125000 0.080078
2 0.070312 0.499023 0.140625 0.169922
2 0.162500 0.451172 0.115625 0.082031
2 0.264062 0.478516 0.131250 0.105469
2 0.600000 0.446289 0.021875 0.029297
2 0.626563 0.455078 0.053125 0.058594
2 0.637500 0.477539 0.043750 0.068359
2 0.678125 0.482422 0.081250 0.105469
2 0.685156 0.508789 0.057813 0.115234
2 0.775781 0.523438 0.198437 0.214844
2 0.531250 0.533203 0.193750 0.199219
