11 0.195312 0.440430 0.009375 0.009766
0 0.809375 0.471680 0.059375 0.173828
2 0.700781 0.465820 0.148438 0.181641
2 0.608594 0.468750 0.073438 0.117188
2 0.550781 0.471680 0.076563 0.072266
2 0.494531 0.468750 0.067187 0.062500
2 0.452344 0.464844 0.064062 0.062500
2 0.400000 0.464844 0.046875 0.050781
2 0.340625 0.465820 0.075000 0.072266
2 0.284375 0.465820 0.043750 0.044922
2 0.239063 0.469727 0.046875 0.033203
2 0.157031 0.477539 0.032813 0.037109
2 0.127344 0.487305 0.039062 0.076172
2 0.079687 0.487305 0.071875 0.115234
2 0.032813 0.502930 0.065625 0.134766
2 0.359375 0.435547 0.053125 0.035156
