0 0.434375 0.493164 0.068750 0.212891
0 0.491406 0.502930 0.042188 0.193359
0 0.523438 0.468750 0.037500 0.160156
0 0.559375 0.511719 0.078125 0.218750
0 0.621094 0.511719 0.067187 0.218750
0 0.717187 0.515625 0.093750 0.246094
0 0.768750 0.509766 0.062500 0.238281
0 0.840625 0.510742 0.071875 0.208984
0 0.857812 0.511719 0.053125 0.207031
0 0.919531 0.521484 0.085938 0.250000
0 0.928125 0.539062 0.115625 0.253906
0 0.965625 0.513672 0.065625 0.253906
0 0.392188 0.414062 0.009375 0.031250
0 0.261719 0.410156 0.020313 0.082031
0 0.229687 0.414062 0.018750 0.074219
1 0.580469 0.504883 0.054688 0.103516
2 0.185938 0.421875 0.081250 0.066406
2 0.235937 0.413086 0.043750 0.048828
2 0.284375 0.417969 0.025000 0.050781
2 0.316406 0.428711 0.079687 0.072266
2 0.360938 0.414062 0.021875 0.027344
2 0.467187 0.442383 0.050000 0.072266
2 0.432812 0.415039 0.050000 0.044922
2 0.405469 0.416992 0.014063 0.033203
2 0.385937 0.414062 0.006250 0.015625
0 0.582812 0.465820 0.037500 0.138672
2 0.737500 0.448242 0.196875 0.111328
2 0.114844 0.410156 0.057813 0.050781
