9 0.948438 0.357422 0.021875 0.027344
9 0.651563 0.309570 0.018750 0.072266
9 0.646875 0.375000 0.018750 0.023438
9 0.437500 0.389648 0.006250 0.021484
11 0.978906 0.297852 0.035937 0.044922
11 0.414062 0.405273 0.006250 0.009766
11 0.651563 0.351562 0.043750 0.019531
0 0.902344 0.462891 0.035937 0.144531
0 0.863281 0.475586 0.032813 0.134766
0 0.795312 0.480469 0.034375 0.136719
0 0.773438 0.470703 0.031250 0.113281
0 0.742969 0.472656 0.032813 0.113281
0 0.708594 0.455078 0.014063 0.074219
0 0.689063 0.442383 0.018750 0.056641
0 0.491406 0.462891 0.010937 0.023438
0 0.454688 0.463867 0.006250 0.029297
0 0.411719 0.486328 0.042188 0.113281
0 0.366406 0.479492 0.048438 0.126953
0 0.321094 0.475586 0.051562 0.115234
0 0.073438 0.478516 0.037500 0.125000
0 0.089063 0.487305 0.040625 0.103516
0 0.045312 0.448242 0.009375 0.021484
0 0.027344 0.445312 0.010937 0.023438
0 0.014844 0.447266 0.010937 0.019531
0 0.561719 0.459961 0.007812 0.033203
0 0.553906 0.458008 0.007812 0.033203
1 0.017188 0.482422 0.034375 0.046875
2 0.301563 0.471680 0.025000 0.052734
2 0.268750 0.473633 0.065625 0.064453
2 0.189062 0.478516 0.090625 0.082031
