11 0.487500 0.405273 0.018750 0.029297
11 0.298438 0.425781 0.012500 0.011719
11 0.250000 0.431641 0.009375 0.023438
0 0.814844 0.520508 0.076563 0.263672
3 0.357812 0.550781 0.100000 0.171875
2 0.739844 0.512695 0.095312 0.130859
2 0.765625 0.495117 0.221875 0.146484
2 0.658594 0.497070 0.064062 0.103516
2 0.629687 0.482422 0.118750 0.113281
2 0.536719 0.488281 0.076563 0.074219
2 0.488281 0.493164 0.026562 0.083984
2 0.436719 0.495117 0.110937 0.134766
0 0.354687 0.498047 0.081250 0.203125
0 0.217969 0.485352 0.010937 0.037109
