9 0.737500 0.379883 0.012500 0.017578
9 0.742188 0.327148 0.009375 0.033203
9 0.559375 0.391602 0.012500 0.013672
9 0.561719 0.350586 0.010937 0.041016
9 0.091406 0.370117 0.010937 0.044922
9 0.118750 0.408203 0.012500 0.015625
9 0.685937 0.286133 0.043750 0.048828
11 0.734375 0.361328 0.009375 0.015625
11 0.773438 0.367188 0.025000 0.007812
11 0.692969 0.241211 0.035937 0.041016
11 0.682031 0.179688 0.039062 0.082031
11 0.527344 0.388672 0.010937 0.015625
0 0.713281 0.452148 0.014063 0.064453
0 0.675000 0.452148 0.021875 0.068359
0 0.659375 0.453125 0.018750 0.070312
0 0.621875 0.450195 0.015625 0.068359
0 0.614062 0.454102 0.018750 0.068359
0 0.589844 0.458984 0.014063 0.074219
0 0.574219 0.459961 0.020313 0.080078
0 0.397656 0.465820 0.014063 0.076172
0 0.389844 0.465820 0.017188 0.080078
0 0.074219 0.470703 0.014063 0.062500
0 0.060937 0.468750 0.015625 0.070312
0 0.185156 0.464844 0.014063 0.050781
0 0.207813 0.466797 0.009375 0.046875
0 0.269531 0.455078 0.010937 0.023438
0 0.790625 0.445312 0.012500 0.050781
2 0.478906 0.454102 0.007812 0.009766
2 0.436719 0.455078 0.010937 0.011719
2 0.246094 0.466797 0.057813 0.046875
2 0.503125 0.458984 0.040625 0.039062
10 0.550781 0.466797 0.007812 0.035156
