0 0.639062 0.552734 0.065625 0.199219
0 0.978125 0.551758 0.034375 0.173828
1 0.148438 0.563477 0.040625 0.072266
1 0.188281 0.558594 0.051562 0.078125
1 0.278906 0.548828 0.054688 0.085938
1 0.397656 0.543945 0.107813 0.091797
2 0.595313 0.513672 0.109375 0.113281
2 0.684375 0.531250 0.184375 0.121094
2 0.829688 0.503906 0.159375 0.097656
2 0.926562 0.499023 0.103125 0.095703
0 0.008594 0.366211 0.010937 0.017578
0 0.003125 0.363281 0.006250 0.019531
0 0.071875 0.566406 0.015625 0.046875
0 0.092188 0.553711 0.028125 0.041016
11 0.535156 0.293945 0.007812 0.044922
11 0.527344 0.343750 0.023438 0.015625
