9 0.980469 0.083008 0.035937 0.166016
9 0.016406 0.068359 0.032813 0.058594
9 0.831250 0.137695 0.037500 0.158203
9 0.628906 0.303711 0.014063 0.056641
9 0.649219 0.288086 0.017188 0.068359
9 0.864844 0.331055 0.020313 0.060547
9 0.810156 0.427734 0.023438 0.046875
11 0.699219 0.371094 0.014063 0.015625
0 0.342187 0.390625 0.015625 0.074219
0 0.348438 0.403320 0.021875 0.083984
0 0.400000 0.410156 0.034375 0.085938
0 0.432812 0.401367 0.012500 0.025391
0 0.789844 0.428711 0.017188 0.048828
0 0.770312 0.423828 0.015625 0.054688
0 0.505469 0.397461 0.004687 0.017578
0 0.490625 0.395508 0.003125 0.013672
2 0.696094 0.431641 0.070312 0.066406
2 0.643750 0.419922 0.037500 0.042969
2 0.617188 0.414062 0.025000 0.035156
2 0.534375 0.406250 0.028125 0.031250
