1 0.507031 0.444336 0.004687 0.009766
1 0.529687 0.443359 0.006250 0.011719
1 0.372656 0.720703 0.067187 0.156250
2 0.050781 0.633789 0.101562 0.197266
2 0.257031 0.490234 0.107813 0.062500
2 0.296094 0.510742 0.089063 0.083984
2 0.370312 0.482422 0.059375 0.054688
2 0.392969 0.474609 0.039062 0.050781
2 0.889844 0.743164 0.217188 0.357422
2 0.745313 0.483398 0.143750 0.076172
2 0.930469 0.483398 0.135937 0.072266
2 0.891406 0.469727 0.132812 0.076172
2 0.753125 0.437500 0.043750 0.019531
2 0.676562 0.534180 0.121875 0.111328
2 0.634375 0.496094 0.090625 0.109375
2 0.586719 0.473633 0.054688 0.068359
2 0.559375 0.464844 0.021875 0.042969
2 0.556250 0.447266 0.018750 0.027344
2 0.492188 0.443359 0.015625 0.019531
2 0.497656 0.439453 0.014063 0.019531
2 0.515625 0.440430 0.012500 0.017578
2 0.524219 0.438477 0.004687 0.013672
2 0.536719 0.437500 0.007812 0.015625
2 0.544531 0.436523 0.014063 0.013672
2 0.414844 0.464844 0.035937 0.042969
2 0.425781 0.458984 0.026562 0.039062
2 0.435156 0.457031 0.017188 0.035156
2 0.438281 0.454102 0.029687 0.037109
2 0.474219 0.458008 0.035937 0.029297
2 0.454688 0.454102 0.009375 0.021484
2 0.021875 0.492188 0.043750 0.093750
0 0.529687 0.437500 0.006250 0.015625
0 0.507031 0.438477 0.004687 0.013672
0 0.367188 0.621094 0.100000 0.261719
0 0.675000 0.592773 0.078125 0.271484
78 0.675000 0.733398 0.034375 0.033203
3 0.135937 0.500977 0.031250 0.068359
