9 0.086719 0.212891 0.026562 0.074219
9 0.196094 0.232422 0.029687 0.113281
9 0.785937 0.316406 0.015625 0.070312
9 0.682813 0.350586 0.012500 0.044922
9 0.648438 0.370117 0.009375 0.037109
9 0.029687 0.291016 0.012500 0.035156
9 0.721094 0.343750 0.010937 0.035156
11 0.182031 0.265625 0.051562 0.066406
11 0.392188 0.307617 0.018750 0.025391
0 0.348438 0.386719 0.015625 0.035156
0 0.378906 0.411133 0.020313 0.068359
7 0.621875 0.378906 0.046875 0.058594
2 0.043750 0.399414 0.087500 0.142578
2 0.232031 0.468750 0.267188 0.257812
2 0.665625 0.435547 0.046875 0.062500
2 0.558594 0.512695 0.239063 0.259766
2 0.750000 0.464844 0.159375 0.152344
2 0.835156 0.450195 0.051562 0.091797
2 0.885156 0.452148 0.085938 0.083984
2 0.912500 0.582031 0.171875 0.347656
