11 0.981250 0.248047 0.034375 0.121094
0 0.144531 0.477539 0.020313 0.064453
0 0.121094 0.477539 0.014063 0.060547
0 0.537500 0.438477 0.009375 0.025391
0 0.655469 0.468750 0.023438 0.074219
0 0.706250 0.463867 0.021875 0.076172
0 0.683594 0.463867 0.023438 0.083984
0 0.583594 0.437500 0.010937 0.027344
2 0.201563 0.468750 0.062500 0.062500
2 0.232031 0.459961 0.023438 0.052734
2 0.246875 0.452148 0.015625 0.029297
2 0.269531 0.478516 0.057813 0.058594
2 0.275781 0.445312 0.023438 0.007812
2 0.294531 0.446289 0.017188 0.017578
2 0.395313 0.525391 0.187500 0.101562
2 0.407031 0.462891 0.048438 0.031250
2 0.383594 0.457031 0.042188 0.035156
2 0.361719 0.458984 0.023438 0.035156
2 0.346094 0.457031 0.020313 0.031250
2 0.335938 0.453125 0.015625 0.023438
2 0.325781 0.452148 0.017188 0.021484
2 0.317188 0.451172 0.015625 0.019531
2 0.307812 0.447266 0.012500 0.015625
2 0.564063 0.476562 0.131250 0.058594
2 0.701562 0.461914 0.081250 0.060547
2 0.625000 0.458984 0.065625 0.054688
2 0.935156 0.504883 0.126562 0.083984
11 0.743750 0.389648 0.012500 0.033203
11 0.743750 0.415039 0.009375 0.009766
11 0.128906 0.398438 0.020313 0.031250
11 0.128125 0.419922 0.012500 0.007812
0 0.575000 0.439453 0.009375 0.011719
