9 0.342969 0.159180 0.020313 0.068359
9 0.588281 0.292969 0.020313 0.066406
9 0.711719 0.265625 0.020313 0.066406
9 0.731250 0.349609 0.025000 0.031250
9 0.951562 0.149414 0.037500 0.095703
9 0.951562 0.014648 0.090625 0.029297
11 0.610156 0.339844 0.051562 0.015625
0 0.960938 0.516602 0.062500 0.224609
0 0.916406 0.537109 0.064062 0.273438
0 0.840625 0.510742 0.078125 0.255859
0 0.706250 0.462891 0.028125 0.109375
0 0.597656 0.477539 0.035937 0.111328
0 0.562500 0.491211 0.025000 0.080078
0 0.547656 0.476562 0.017188 0.085938
0 0.168750 0.477539 0.021875 0.068359
2 0.928125 0.450195 0.131250 0.150391
2 0.242188 0.493164 0.090625 0.080078
2 0.289844 0.473633 0.035937 0.048828
2 0.314063 0.478516 0.018750 0.027344
2 0.332813 0.476562 0.021875 0.023438
2 0.347656 0.472656 0.017188 0.023438
2 0.361719 0.469727 0.014063 0.017578
2 0.371094 0.467773 0.007812 0.013672
2 0.397656 0.464844 0.010937 0.011719
2 0.422656 0.457031 0.007812 0.007812
2 0.387500 0.460938 0.009375 0.011719
2 0.448437 0.468750 0.028125 0.027344
2 0.439063 0.457031 0.012500 0.011719
2 0.434375 0.451172 0.006250 0.007812
78 0.972656 0.587891 0.045312 0.117188
