9 0.918750 0.242188 0.025000 0.066406
9 0.770312 0.221680 0.025000 0.087891
9 0.784375 0.180664 0.018750 0.052734
9 0.746875 0.235352 0.031250 0.103516
9 0.433594 0.254883 0.010937 0.041016
9 0.457031 0.438477 0.007812 0.017578
9 0.015625 0.085938 0.025000 0.078125
9 0.550000 0.415039 0.006250 0.013672
9 0.324219 0.425781 0.007812 0.019531
9 0.429688 0.423828 0.003125 0.007812
9 0.465625 0.420898 0.003125 0.005859
9 0.481250 0.421875 0.003125 0.007812
11 0.948438 0.317383 0.062500 0.029297
11 0.828906 0.181641 0.026562 0.050781
11 0.469531 0.231445 0.017188 0.021484
11 0.632812 0.402344 0.021875 0.027344
11 0.474219 0.431641 0.007812 0.011719
11 0.486719 0.431641 0.007812 0.011719
11 0.771875 0.375000 0.031250 0.011719
11 0.567969 0.433594 0.010937 0.019531
11 0.371875 0.421875 0.012500 0.019531
0 0.978125 0.501953 0.040625 0.328125
1 0.707812 0.557617 0.062500 0.138672
2 0.731250 0.461914 0.212500 0.099609
2 0.603906 0.457031 0.051562 0.058594
2 0.561719 0.465820 0.045312 0.044922
2 0.531250 0.477539 0.021875 0.021484
2 0.104688 0.540039 0.209375 0.412109
2 0.222656 0.499023 0.173437 0.197266
2 0.311719 0.473633 0.054688 0.052734
2 0.342187 0.470703 0.034375 0.050781
2 0.363281 0.475586 0.023438 0.037109
2 0.421875 0.483398 0.025000 0.017578
2 0.478906 0.478516 0.029687 0.023438
0 0.707812 0.502930 0.062500 0.189453
10 0.762500 0.513672 0.028125 0.093750
