0 0.419531 0.470703 0.029687 0.105469
0 0.188281 0.471680 0.007812 0.041016
0 0.909375 0.445312 0.028125 0.066406
1 0.739062 0.532227 0.065625 0.166016
1 0.786719 0.510742 0.073438 0.185547
1 0.833594 0.521484 0.092188 0.164062
1 0.858594 0.517578 0.098437 0.136719
1 0.594531 0.496094 0.029687 0.085938
1 0.670312 0.503906 0.034375 0.109375
1 0.363281 0.503906 0.026562 0.070312
1 0.453125 0.535156 0.065625 0.171875
1 0.550000 0.547852 0.078125 0.169922
2 0.342969 0.465820 0.017188 0.033203
2 0.308594 0.473633 0.057813 0.056641
2 0.010156 0.535156 0.020313 0.136719
2 0.066406 0.500000 0.132812 0.128906
0 0.363281 0.471680 0.026562 0.103516
0 0.451562 0.478516 0.056250 0.210938
0 0.553906 0.476562 0.079687 0.261719
