0 0.561719 0.448242 0.014063 0.025391
0 0.882812 0.519531 0.046875 0.148438
1 0.562500 0.513672 0.028125 0.062500
1 0.849219 0.642578 0.057813 0.132812
2 0.509375 0.440430 0.009375 0.009766
2 0.517188 0.439453 0.006250 0.007812
2 0.526563 0.439453 0.009375 0.007812
2 0.470313 0.440430 0.015625 0.017578
2 0.457813 0.445312 0.012500 0.015625
2 0.442969 0.448242 0.020313 0.021484
2 0.435937 0.452148 0.018750 0.021484
2 0.494531 0.444336 0.023438 0.029297
2 0.417187 0.461914 0.021875 0.029297
2 0.425000 0.456055 0.012500 0.021484
2 0.407031 0.466797 0.020313 0.031250
2 0.397656 0.471680 0.023438 0.041016
2 0.540625 0.441406 0.018750 0.027344
2 0.542969 0.448242 0.014063 0.029297
2 0.557813 0.454102 0.031250 0.037109
2 0.600000 0.480469 0.056250 0.066406
2 0.609375 0.438477 0.021875 0.017578
2 0.371094 0.476562 0.048438 0.054688
2 0.350781 0.491211 0.048438 0.060547
2 0.317969 0.502930 0.064062 0.068359
2 0.261719 0.520508 0.064062 0.087891
2 0.192188 0.551758 0.162500 0.138672
2 0.061719 0.609375 0.123438 0.238281
2 0.743750 0.473633 0.071875 0.083984
2 0.784375 0.498047 0.078125 0.097656
2 0.927344 0.432617 0.067187 0.029297
2 0.971094 0.439453 0.054688 0.042969
2 0.963281 0.509766 0.070312 0.109375
2 0.851562 0.448242 0.084375 0.048828
0 0.561719 0.494141 0.026562 0.078125
0 0.850781 0.585938 0.060937 0.179688
