11 0.632031 0.332031 0.039062 0.050781
11 0.632812 0.368164 0.012500 0.021484
0 0.039844 0.460938 0.029687 0.093750
2 0.607031 0.477539 0.098437 0.087891
2 0.561719 0.454102 0.079687 0.083984
2 0.535156 0.438477 0.060937 0.068359
2 0.155469 0.478516 0.129688 0.121094
2 0.257031 0.455078 0.076563 0.066406
2 0.293750 0.438477 0.050000 0.056641
2 0.317969 0.431641 0.026562 0.046875
2 0.678906 0.412109 0.039062 0.050781
2 0.387500 0.426758 0.018750 0.009766
2 0.742969 0.401367 0.048438 0.037109
78 0.495312 0.410156 0.103125 0.093750
