9 0.471094 0.424805 0.004687 0.009766
11 0.864844 0.374023 0.007812 0.029297
11 0.865625 0.413086 0.006250 0.025391
11 0.118750 0.360352 0.021875 0.037109
1 0.317188 0.482422 0.015625 0.031250
2 0.779687 0.436523 0.046875 0.021484
2 0.800000 0.422852 0.015625 0.009766
2 0.789062 0.420898 0.012500 0.009766
2 0.460938 0.458984 0.009375 0.011719
2 0.439063 0.447266 0.006250 0.007812
2 0.431250 0.453125 0.006250 0.007812
2 0.403125 0.462891 0.012500 0.015625
2 0.381250 0.463867 0.012500 0.009766
2 0.352344 0.465820 0.020313 0.021484
2 0.332031 0.471680 0.020313 0.025391
2 0.296875 0.474609 0.021875 0.023438
2 0.260156 0.480469 0.042188 0.039062
2 0.155469 0.489258 0.039062 0.033203
0 0.317188 0.468750 0.015625 0.039062
10 0.788281 0.530273 0.023438 0.087891
