5 0.525000 0.382812 0.018750 0.031250
11 0.595313 0.342773 0.021875 0.017578
11 0.557031 0.345703 0.020313 0.011719
11 0.520312 0.355469 0.012500 0.011719
11 0.567969 0.366211 0.007812 0.013672
2 0.166406 0.516602 0.332813 0.298828
2 0.392969 0.427734 0.110937 0.113281
2 0.455469 0.416016 0.051562 0.058594
2 0.484375 0.408203 0.025000 0.031250
2 0.707812 0.426758 0.053125 0.072266
2 0.678906 0.418945 0.017188 0.052734
2 0.560156 0.468750 0.139063 0.136719
2 0.620313 0.413086 0.028125 0.037109
2 0.528906 0.404297 0.039062 0.027344
2 0.510156 0.382812 0.010937 0.011719
2 0.592187 0.400391 0.034375 0.019531
2 0.557813 0.382812 0.006250 0.011719
2 0.485156 0.380859 0.007812 0.007812
2 0.471875 0.382812 0.009375 0.007812
