9 0.010156 0.394531 0.017188 0.054688
9 0.674219 0.294922 0.017188 0.058594
0 0.795312 0.444336 0.021875 0.052734
0 0.508594 0.472656 0.026562 0.121094
0 0.519531 0.476562 0.029687 0.117188
1 0.781250 0.515625 0.040625 0.105469
1 0.967969 0.529297 0.060937 0.167969
2 0.430469 0.447266 0.010937 0.007812
2 0.421094 0.447266 0.007812 0.007812
2 0.440625 0.460938 0.012500 0.015625
2 0.428906 0.458008 0.010937 0.013672
2 0.403125 0.460938 0.034375 0.015625
2 0.442969 0.447266 0.007812 0.007812
10 0.626563 0.491211 0.015625 0.060547
