11 0.375000 0.404297 0.018750 0.023438
11 0.722656 0.318359 0.045312 0.015625
11 0.721875 0.358398 0.040625 0.048828
11 0.722656 0.388672 0.017188 0.011719
0 0.196094 0.509766 0.039062 0.125000
0 0.232031 0.507812 0.039062 0.121094
2 0.861719 0.673828 0.273438 0.347656
2 0.735938 0.583008 0.190625 0.201172
2 0.036719 0.545898 0.073438 0.158203
2 0.125000 0.480469 0.112500 0.054688
2 0.271094 0.450195 0.060937 0.044922
2 0.338281 0.465820 0.073438 0.056641
2 0.679688 0.472656 0.059375 0.050781
2 0.691406 0.478516 0.029687 0.046875
2 0.639062 0.472656 0.028125 0.039062
2 0.576562 0.471680 0.012500 0.021484
2 0.576562 0.462891 0.015625 0.015625
2 0.482812 0.471680 0.046875 0.041016
2 0.507812 0.473633 0.018750 0.029297
2 0.521875 0.472656 0.021875 0.027344
2 0.538281 0.472656 0.010937 0.027344
2 0.527344 0.462891 0.023438 0.019531
0 0.555469 0.501953 0.035937 0.113281
0 0.602344 0.517578 0.057813 0.179688
78 0.551562 0.560547 0.018750 0.011719
78 0.600781 0.614258 0.023438 0.013672
