11 0.811719 0.368164 0.010937 0.021484
1 0.025781 0.484375 0.051562 0.078125
1 0.052344 0.482422 0.045312 0.074219
1 0.175000 0.472656 0.021875 0.054688
1 0.259375 0.463867 0.037500 0.056641
1 0.310156 0.460938 0.035937 0.050781
1 0.364063 0.459961 0.034375 0.037109
1 0.429688 0.456055 0.021875 0.033203
1 0.466406 0.449219 0.014063 0.035156
1 0.514844 0.447266 0.014063 0.031250
1 0.539062 0.446289 0.009375 0.029297
1 0.563281 0.442383 0.007812 0.029297
1 0.553125 0.444336 0.006250 0.021484
1 0.571094 0.439453 0.007812 0.019531
2 0.780469 0.427734 0.067187 0.074219
2 0.063281 0.427734 0.126562 0.105469
2 0.495312 0.426758 0.025000 0.025391
0 0.017188 0.444336 0.034375 0.119141
0 0.052344 0.456055 0.042188 0.107422
0 0.174219 0.450195 0.026562 0.080078
0 0.260937 0.438477 0.034375 0.076172
0 0.308594 0.435547 0.032813 0.078125
0 0.362500 0.436523 0.021875 0.068359
0 0.429688 0.439453 0.021875 0.050781
0 0.466406 0.433594 0.020313 0.050781
0 0.514844 0.429688 0.014063 0.046875
0 0.538281 0.433594 0.010937 0.039062
0 0.551562 0.430664 0.009375 0.029297
0 0.562500 0.421875 0.009375 0.035156
0 0.571094 0.425781 0.007812 0.031250
2 0.603125 0.426758 0.046875 0.025391
