9 0.488281 0.378906 0.004687 0.011719
9 0.457813 0.375977 0.006250 0.013672
9 0.411719 0.366211 0.007812 0.017578
9 0.542188 0.401367 0.003125 0.009766
9 0.542969 0.411133 0.004687 0.005859
11 0.078906 0.555664 0.023438 0.013672
11 0.185938 0.468750 0.028125 0.031250
11 0.693750 0.367188 0.034375 0.046875
11 0.660937 0.403320 0.018750 0.025391
11 0.369531 0.368164 0.010937 0.013672
2 0.348438 0.444336 0.018750 0.017578
2 0.445312 0.404297 0.006250 0.007812
2 0.437500 0.403320 0.009375 0.009766
2 0.450000 0.403320 0.009375 0.009766
2 0.483594 0.416992 0.007812 0.009766
10 0.668750 0.479492 0.012500 0.017578
11 0.271875 0.455078 0.018750 0.023438
