11 0.668750 0.349609 0.018750 0.035156
0 0.564844 0.467773 0.014063 0.060547
0 0.400781 0.464844 0.007812 0.027344
0 0.514844 0.462891 0.007812 0.027344
0 0.503125 0.465820 0.006250 0.021484
0 0.386719 0.463867 0.007812 0.025391
0 0.064062 0.483398 0.009375 0.041016
1 0.733594 0.504883 0.051562 0.080078
1 0.683594 0.507812 0.035937 0.085938
1 0.641406 0.502930 0.032813 0.091797
1 0.651563 0.504883 0.025000 0.080078
1 0.604688 0.493164 0.018750 0.064453
1 0.621875 0.493164 0.021875 0.060547
1 0.580469 0.487305 0.017188 0.056641
1 0.543750 0.482422 0.015625 0.042969
1 0.556250 0.480469 0.012500 0.039062
1 0.163281 0.496094 0.023438 0.062500
1 0.142187 0.484375 0.028125 0.062500
2 0.278125 0.472656 0.059375 0.046875
2 0.324219 0.470703 0.042188 0.035156
2 0.350781 0.469727 0.017188 0.025391
2 0.364063 0.469727 0.012500 0.021484
2 0.369531 0.464844 0.020313 0.023438
