1 0.680469 0.541992 0.060937 0.126953
1 0.553906 0.543945 0.039062 0.091797
1 0.432031 0.479492 0.029687 0.076172
1 0.469531 0.477539 0.029687 0.056641
1 0.407031 0.470703 0.023438 0.046875
1 0.385937 0.461914 0.009375 0.033203
1 0.353906 0.457031 0.023438 0.054688
1 0.335156 0.463867 0.010937 0.025391
2 0.165625 0.428711 0.059375 0.087891
2 0.130469 0.431641 0.082812 0.082031
0 0.680469 0.476562 0.067187 0.199219
0 0.551562 0.491211 0.050000 0.173828
0 0.468750 0.445312 0.031250 0.089844
0 0.436719 0.445312 0.042188 0.125000
0 0.403906 0.442383 0.023438 0.076172
0 0.384375 0.438477 0.018750 0.056641
0 0.354687 0.431641 0.025000 0.085938
0 0.335938 0.448242 0.009375 0.029297
