9 0.420312 0.458984 0.006250 0.015625
9 0.581250 0.459961 0.006250 0.013672
11 0.611719 0.524414 0.023438 0.029297
11 0.693750 0.446289 0.021875 0.021484
0 0.604688 0.496094 0.009375 0.031250
0 0.611719 0.496094 0.007812 0.023438
0 0.620313 0.496094 0.009375 0.027344
0 0.653125 0.490234 0.009375 0.015625
0 0.629687 0.492188 0.006250 0.019531
0 0.454688 0.479492 0.006250 0.009766
1 0.589844 0.544922 0.020313 0.046875
2 0.461719 0.499023 0.029687 0.033203
2 0.492188 0.542969 0.106250 0.101562
2 0.522656 0.500977 0.026562 0.033203
2 0.498437 0.486328 0.018750 0.011719
2 0.524219 0.478516 0.010937 0.011719
2 0.545312 0.477539 0.006250 0.009766
2 0.513281 0.479492 0.010937 0.009766
2 0.874219 0.604492 0.248438 0.251953
0 0.590625 0.521484 0.021875 0.078125
