9 0.968750 0.347656 0.012500 0.042969
9 0.843750 0.264648 0.012500 0.033203
9 0.940625 0.388672 0.018750 0.031250
9 0.542188 0.335938 0.009375 0.035156
9 0.599219 0.378906 0.007812 0.039062
9 0.045312 0.188477 0.021875 0.080078
11 0.611719 0.362305 0.010937 0.021484
0 0.792188 0.460938 0.009375 0.042969
0 0.800781 0.460938 0.010937 0.042969
0 0.594531 0.459961 0.014063 0.041016
0 0.095312 0.466797 0.021875 0.074219
0 0.108594 0.467773 0.026562 0.083984
0 0.151562 0.448242 0.021875 0.052734
0 0.235937 0.442383 0.009375 0.017578
2 0.701562 0.506836 0.168750 0.166016
2 0.496875 0.458008 0.015625 0.017578
0 0.907031 0.535156 0.182812 0.570312
78 0.664844 0.729492 0.667188 0.408203
