9 0.242188 0.299805 0.012500 0.041016
9 0.328125 0.295898 0.012500 0.037109
9 0.455469 0.348633 0.010937 0.029297
11 0.735938 0.286133 0.059375 0.076172
0 0.568750 0.466797 0.012500 0.046875
0 0.586719 0.458984 0.017188 0.058594
0 0.637500 0.438477 0.018750 0.095703
0 0.713281 0.453125 0.029687 0.121094
0 0.654687 0.469727 0.037500 0.181641
0 0.775781 0.465820 0.029687 0.130859
0 0.790625 0.483398 0.037500 0.185547
0 0.817969 0.462891 0.026562 0.140625
0 0.828125 0.486328 0.031250 0.195312
0 0.910156 0.439453 0.045312 0.183594
0 0.173437 0.453125 0.021875 0.074219
0 0.123438 0.462891 0.012500 0.058594
2 0.339844 0.467773 0.032813 0.029297
2 0.461719 0.475586 0.114062 0.115234
11 0.306250 0.287109 0.021875 0.027344
9 0.210938 0.410156 0.006250 0.023438
