11 0.507812 0.413086 0.015625 0.005859
0 0.855469 0.481445 0.029687 0.041016
0 0.820312 0.475586 0.028125 0.041016
0 0.567187 0.458008 0.015625 0.048828
0 0.552344 0.461914 0.010937 0.044922
0 0.167969 0.473633 0.020313 0.064453
0 0.146094 0.471680 0.017188 0.064453
0 0.371094 0.454102 0.010937 0.033203
0 0.361719 0.453125 0.007812 0.031250
1 0.817969 0.668945 0.070312 0.173828
1 0.699219 0.565430 0.039062 0.099609
2 0.921094 0.599609 0.154688 0.179688
2 0.807031 0.556641 0.142187 0.128906
2 0.941406 0.491211 0.114062 0.064453
2 0.752344 0.518555 0.095312 0.119141
2 0.627344 0.491211 0.092188 0.064453
2 0.507031 0.469727 0.064062 0.052734
2 0.461719 0.463867 0.051562 0.037109
2 0.428906 0.456055 0.057813 0.029297
2 0.327344 0.440430 0.039062 0.021484
2 0.160938 0.450195 0.053125 0.025391
2 0.585938 0.456055 0.028125 0.025391
0 0.826562 0.608398 0.078125 0.216797
0 0.700781 0.527344 0.042188 0.140625
10 0.224219 0.503906 0.017188 0.050781
