11 0.596875 0.432617 0.006250 0.005859
11 0.546875 0.416992 0.006250 0.013672
11 0.546875 0.426758 0.006250 0.005859
11 0.534375 0.425781 0.012500 0.015625
11 0.514844 0.434570 0.007812 0.005859
11 0.502344 0.437500 0.004687 0.007812
0 0.836719 0.499023 0.032813 0.115234
0 0.784375 0.477539 0.021875 0.064453
0 0.764844 0.474609 0.020313 0.070312
0 0.737500 0.479492 0.025000 0.080078
0 0.696094 0.462891 0.014063 0.058594
0 0.639062 0.465820 0.009375 0.041016
0 0.622656 0.461914 0.010937 0.044922
1 0.495312 0.465820 0.006250 0.017578
2 0.564844 0.458984 0.054688 0.027344
2 0.451562 0.479492 0.059375 0.060547
0 0.495312 0.457031 0.006250 0.019531
