5 0.464844 0.460938 0.029687 0.042969
9 0.951562 0.406250 0.015625 0.027344
9 0.940625 0.331055 0.018750 0.064453
9 0.800781 0.287109 0.023438 0.082031
9 0.779687 0.296875 0.012500 0.062500
9 0.797656 0.217773 0.014063 0.037109
9 0.744531 0.246094 0.010937 0.042969
9 0.803125 0.386719 0.025000 0.031250
9 0.657031 0.444336 0.004687 0.013672
9 0.653906 0.409180 0.007812 0.029297
9 0.562500 0.442383 0.009375 0.013672
9 0.560937 0.409180 0.006250 0.029297
9 0.139063 0.437500 0.009375 0.015625
9 0.101562 0.296875 0.009375 0.035156
9 0.055469 0.252930 0.010937 0.037109
9 0.213281 0.408203 0.007812 0.035156
9 0.205469 0.405273 0.007812 0.029297
11 0.885156 0.274414 0.045312 0.041016
11 0.785156 0.473633 0.007812 0.033203
11 0.496094 0.444336 0.007812 0.013672
11 0.104688 0.350586 0.018750 0.017578
2 0.476562 0.480469 0.031250 0.031250
2 0.409375 0.468750 0.009375 0.011719
2 0.395313 0.468750 0.015625 0.015625
2 0.360156 0.485352 0.039062 0.041016
2 0.287500 0.488281 0.121875 0.050781
2 0.426563 0.480469 0.034375 0.035156
