9 0.550781 0.383789 0.007812 0.025391
9 0.545312 0.413086 0.012500 0.013672
9 0.140625 0.388672 0.009375 0.035156
9 0.149219 0.419922 0.010937 0.015625
0 0.922656 0.484375 0.035937 0.179688
0 0.802344 0.481445 0.057813 0.197266
0 0.761719 0.488281 0.048438 0.179688
0 0.675000 0.465820 0.012500 0.107422
0 0.660156 0.469727 0.026562 0.111328
0 0.649219 0.464844 0.017188 0.085938
0 0.557031 0.462891 0.020313 0.074219
0 0.008594 0.477539 0.017188 0.087891
0 0.088281 0.465820 0.020313 0.041016
0 0.105469 0.465820 0.010937 0.037109
0 0.126562 0.463867 0.015625 0.037109
0 0.156250 0.475586 0.018750 0.068359
0 0.185938 0.473633 0.018750 0.068359
0 0.203906 0.470703 0.029687 0.078125
0 0.215625 0.474609 0.018750 0.066406
0 0.252344 0.466797 0.010937 0.042969
0 0.243750 0.467773 0.012500 0.041016
0 0.235156 0.465820 0.007812 0.029297
0 0.270313 0.463867 0.009375 0.025391
0 0.275781 0.461914 0.007812 0.021484
0 0.374219 0.462891 0.007812 0.019531
0 0.710156 0.426758 0.020313 0.044922
0 0.734375 0.421875 0.021875 0.042969
1 0.876563 0.516602 0.062500 0.130859
2 0.330469 0.471680 0.042188 0.048828
2 0.307031 0.478516 0.051562 0.050781
2 0.513281 0.455078 0.035937 0.031250
2 0.495312 0.482422 0.050000 0.070312
2 0.432812 0.478516 0.100000 0.109375
