1 0.216406 0.696289 0.092188 0.189453
1 0.528125 0.457031 0.006250 0.015625
1 0.571094 0.452148 0.007812 0.013672
2 0.866406 0.642578 0.264062 0.222656
2 0.897656 0.505859 0.173437 0.093750
2 0.767969 0.546875 0.204687 0.179688
2 0.849219 0.448242 0.067187 0.029297
2 0.641406 0.490234 0.082812 0.089844
2 0.600000 0.471680 0.028125 0.041016
2 0.585938 0.468750 0.028125 0.042969
2 0.582031 0.446289 0.020313 0.021484
2 0.592187 0.439453 0.015625 0.015625
2 0.574219 0.434570 0.010937 0.013672
2 0.562500 0.435547 0.012500 0.011719
2 0.554688 0.437500 0.009375 0.015625
2 0.547656 0.438477 0.010937 0.017578
2 0.535937 0.439453 0.015625 0.015625
2 0.528125 0.440430 0.009375 0.017578
2 0.515625 0.440430 0.018750 0.021484
2 0.506250 0.444336 0.018750 0.021484
2 0.490625 0.442383 0.021875 0.013672
2 0.485938 0.458984 0.053125 0.035156
2 0.446875 0.458008 0.034375 0.044922
2 0.442188 0.460938 0.021875 0.042969
2 0.432812 0.462891 0.028125 0.042969
2 0.414062 0.470703 0.046875 0.050781
2 0.382031 0.487305 0.048438 0.060547
2 0.347656 0.496094 0.082812 0.070312
2 0.185938 0.517578 0.184375 0.089844
2 0.209375 0.546875 0.162500 0.117188
0 0.775000 0.616211 0.084375 0.294922
0 0.215625 0.618164 0.090625 0.248047
0 0.528125 0.451172 0.006250 0.023438
0 0.571094 0.446289 0.007812 0.021484
78 0.775000 0.768555 0.053125 0.041016
