5 0.421094 0.431641 0.029687 0.042969
9 0.788281 0.268555 0.020313 0.072266
9 0.789062 0.354492 0.025000 0.029297
11 0.778125 0.326172 0.043750 0.019531
11 0.692187 0.367188 0.012500 0.023438
11 0.568750 0.398438 0.012500 0.015625
11 0.568750 0.413086 0.012500 0.009766
0 0.555469 0.478516 0.042188 0.144531
1 0.558594 0.498047 0.123438 0.097656
2 0.279687 0.468750 0.100000 0.089844
2 0.341406 0.459961 0.054688 0.068359
2 0.450781 0.459961 0.057813 0.056641
2 0.617969 0.462891 0.082812 0.085938
2 0.567969 0.449219 0.060937 0.062500
2 0.533594 0.448242 0.032813 0.041016
2 0.513281 0.446289 0.020313 0.033203
2 0.503906 0.444336 0.017188 0.025391
2 0.492969 0.445312 0.010937 0.015625
2 0.484375 0.446289 0.006250 0.009766
