9 0.947656 0.355469 0.020313 0.031250
9 0.650781 0.308594 0.029687 0.074219
9 0.647656 0.375977 0.017188 0.021484
9 0.437500 0.389648 0.006250 0.021484
11 0.978906 0.297852 0.035937 0.044922
11 0.413281 0.405273 0.007812 0.009766
11 0.652344 0.351562 0.042188 0.019531
0 0.898438 0.466797 0.034375 0.144531
0 0.869531 0.474609 0.032813 0.136719
0 0.794531 0.480469 0.029687 0.132812
0 0.760156 0.476562 0.026562 0.109375
0 0.707031 0.456055 0.020313 0.080078
0 0.553125 0.477539 0.046875 0.119141
0 0.491406 0.464844 0.010937 0.023438
0 0.468750 0.463867 0.012500 0.029297
0 0.082812 0.490234 0.015625 0.089844
0 0.062500 0.479492 0.034375 0.115234
0 0.171875 0.479492 0.040625 0.126953
0 0.193750 0.484375 0.046875 0.117188
1 0.017188 0.481445 0.034375 0.048828
2 0.439063 0.461914 0.028125 0.013672
2 0.412500 0.466797 0.031250 0.035156
2 0.394531 0.463867 0.007812 0.013672
2 0.382812 0.463867 0.018750 0.021484
2 0.373437 0.466797 0.021875 0.023438
2 0.296094 0.473633 0.032813 0.052734
2 0.257812 0.476562 0.053125 0.062500
2 0.187500 0.479492 0.090625 0.083984
