5 0.516406 0.376953 0.054688 0.117188
9 0.675000 0.373047 0.006250 0.015625
9 0.691406 0.375977 0.004687 0.013672
9 0.430469 0.355469 0.007812 0.027344
9 0.422656 0.357422 0.007812 0.027344
11 0.789844 0.330078 0.020313 0.023438
11 0.233594 0.308594 0.029687 0.023438
11 0.238281 0.234375 0.064062 0.062500
11 0.240625 0.108398 0.050000 0.087891
0 0.188281 0.412109 0.039062 0.101562
0 0.369531 0.413086 0.014063 0.052734
0 0.345313 0.398438 0.015625 0.050781
0 0.387500 0.399414 0.009375 0.037109
0 0.450000 0.396484 0.006250 0.023438
0 0.437500 0.398438 0.006250 0.027344
0 0.082031 0.403320 0.023438 0.087891
1 0.210156 0.458984 0.048438 0.097656
1 0.353906 0.413086 0.023438 0.076172
1 0.940625 0.468750 0.043750 0.054688
1 0.735938 0.437500 0.015625 0.031250
1 0.425000 0.407227 0.009375 0.017578
2 0.064844 0.536133 0.129688 0.169922
2 0.821094 0.455078 0.129688 0.121094
2 0.679688 0.430664 0.062500 0.052734
2 0.481250 0.430664 0.059375 0.064453
2 0.493750 0.414062 0.050000 0.058594
2 0.607812 0.409180 0.025000 0.029297
2 0.588281 0.407227 0.020313 0.025391
2 0.762500 0.426758 0.034375 0.041016
0 0.942187 0.443359 0.031250 0.066406
0 0.735938 0.423828 0.015625 0.042969
0 0.425000 0.397461 0.009375 0.025391
