0 0.723437 0.501953 0.059375 0.218750
0 0.206250 0.504883 0.025000 0.103516
0 0.176563 0.488281 0.046875 0.140625
2 0.635938 0.493164 0.153125 0.130859
2 0.560937 0.486328 0.065625 0.093750
2 0.501563 0.474609 0.028125 0.046875
2 0.458594 0.485352 0.082812 0.080078
2 0.450781 0.434570 0.029687 0.025391
2 0.340625 0.486328 0.096875 0.089844
2 0.264844 0.473633 0.057813 0.052734
2 0.292969 0.455078 0.029687 0.031250
2 0.171875 0.489258 0.062500 0.091797
2 0.078906 0.495117 0.157812 0.197266
2 0.425781 0.448242 0.020313 0.037109
78 0.864062 0.416992 0.268750 0.833984
