9 0.479687 0.283203 0.015625 0.042969
9 0.582031 0.374023 0.007812 0.033203
9 0.594531 0.372070 0.010937 0.033203
9 0.858594 0.298828 0.017188 0.054688
9 0.712500 0.426758 0.012500 0.021484
9 0.706250 0.364258 0.012500 0.025391
9 0.067969 0.427734 0.010937 0.015625
9 0.050781 0.391602 0.017188 0.037109
11 0.721094 0.283203 0.032813 0.085938
11 0.600000 0.319336 0.031250 0.013672
11 0.559375 0.376953 0.009375 0.019531
11 0.894531 0.112305 0.089063 0.138672
0 0.685937 0.469727 0.021875 0.103516
2 0.482812 0.466797 0.112500 0.128906
