11 0.592969 0.414062 0.023438 0.011719
11 0.592187 0.383789 0.040625 0.048828
11 0.028125 0.403320 0.012500 0.017578
0 0.346875 0.458008 0.015625 0.029297
0 0.353906 0.456055 0.014063 0.041016
0 0.230469 0.462891 0.014063 0.050781
0 0.246094 0.452148 0.014063 0.033203
0 0.046094 0.438477 0.010937 0.017578
0 0.483594 0.497070 0.029687 0.076172
1 0.506250 0.483398 0.037500 0.037109
1 0.514844 0.481445 0.042188 0.037109
1 0.349219 0.500000 0.057813 0.042969
1 0.208594 0.479492 0.029687 0.044922
1 0.188281 0.481445 0.032813 0.037109
1 0.164844 0.474609 0.020313 0.046875
1 0.111719 0.475586 0.020313 0.033203
2 0.769531 0.485352 0.167187 0.076172
2 0.036719 0.463867 0.070312 0.041016
2 0.118750 0.467773 0.075000 0.044922
2 0.764844 0.596680 0.267188 0.185547
2 0.892969 0.698242 0.210938 0.275391
0 0.345313 0.477539 0.028125 0.056641
0 0.113281 0.460938 0.017188 0.046875
