0 0.073438 0.464844 0.018750 0.046875
0 0.128906 0.458008 0.017188 0.025391
0 0.178906 0.472656 0.014063 0.039062
0 0.189844 0.472656 0.010937 0.039062
0 0.197656 0.474609 0.010937 0.035156
0 0.600000 0.491211 0.021875 0.056641
2 0.953125 0.819336 0.090625 0.357422
2 0.034375 0.633789 0.068750 0.162109
2 0.107813 0.587891 0.181250 0.164062
2 0.125781 0.504883 0.170313 0.076172
2 0.030469 0.473633 0.060937 0.044922
2 0.195312 0.472656 0.096875 0.042969
2 0.300000 0.458984 0.078125 0.035156
2 0.357031 0.484375 0.104688 0.046875
2 0.362500 0.448242 0.046875 0.025391
2 0.486719 0.465820 0.032813 0.033203
2 0.507812 0.463867 0.021875 0.033203
2 0.521875 0.461914 0.025000 0.029297
2 0.546875 0.458984 0.028125 0.027344
2 0.562500 0.458008 0.015625 0.025391
2 0.571094 0.457031 0.017188 0.027344
2 0.582812 0.456055 0.018750 0.021484
2 0.780469 0.585938 0.214062 0.234375
2 0.696875 0.541992 0.128125 0.162109
2 0.632812 0.464844 0.037500 0.027344
2 0.653125 0.458008 0.021875 0.017578
2 0.684375 0.455078 0.025000 0.015625
2 0.453125 0.451172 0.040625 0.019531
11 0.398438 0.408203 0.015625 0.019531
11 0.703125 0.385742 0.034375 0.041016
1 0.586719 0.500000 0.020313 0.031250
