9 0.491406 0.395508 0.004687 0.009766
9 0.467187 0.394531 0.006250 0.011719
9 0.532813 0.419922 0.003125 0.003906
9 0.532813 0.412109 0.003125 0.007812
9 0.439844 0.388672 0.004687 0.011719
9 0.381250 0.431641 0.003125 0.007812
11 0.382812 0.450195 0.006250 0.009766
11 0.371875 0.410156 0.012500 0.003906
11 0.432812 0.387695 0.006250 0.009766
0 0.663281 0.436523 0.014063 0.048828
2 0.482812 0.428711 0.006250 0.005859
2 0.493750 0.415039 0.006250 0.005859
2 0.460156 0.411133 0.004687 0.005859
2 0.455469 0.409180 0.004687 0.005859
2 0.450000 0.408203 0.003125 0.003906
2 0.446094 0.409180 0.004687 0.005859
2 0.430469 0.437500 0.010937 0.011719
2 0.382031 0.456055 0.020313 0.021484
2 0.097656 0.494141 0.098437 0.058594
