9 0.701562 0.244141 0.043750 0.132812
9 0.750781 0.247070 0.039062 0.111328
9 0.735938 0.531250 0.021875 0.062500
9 0.603906 0.445312 0.020313 0.042969
11 0.248438 0.503906 0.012500 0.015625
0 0.239844 0.572266 0.020313 0.054688
0 0.453906 0.559570 0.020313 0.056641
0 0.571875 0.556641 0.009375 0.031250
0 0.550781 0.560547 0.014063 0.042969
0 0.557813 0.557617 0.009375 0.037109
7 0.112500 0.542969 0.225000 0.250000
3 0.661719 0.589844 0.070312 0.070312
2 0.317188 0.573242 0.081250 0.072266
2 0.496875 0.563477 0.031250 0.029297
2 0.848437 0.616211 0.300000 0.162109
2 0.721875 0.601562 0.134375 0.105469
0 0.666406 0.577148 0.029687 0.080078
