11 0.966406 0.199219 0.064062 0.105469
11 0.311719 0.375000 0.023438 0.031250
2 0.746875 0.480469 0.068750 0.066406
2 0.732031 0.467773 0.089063 0.068359
2 0.642188 0.469727 0.025000 0.041016
2 0.642188 0.449219 0.012500 0.011719
2 0.628125 0.455078 0.015625 0.019531
2 0.614844 0.458008 0.014063 0.021484
2 0.604688 0.458008 0.015625 0.021484
2 0.594531 0.460938 0.014063 0.019531
2 0.582812 0.460938 0.021875 0.019531
2 0.561719 0.459961 0.017188 0.025391
2 0.460938 0.462891 0.059375 0.050781
2 0.500000 0.463867 0.028125 0.037109
2 0.516406 0.449219 0.017188 0.019531
2 0.546094 0.470703 0.017188 0.050781
2 0.270313 0.456055 0.100000 0.072266
2 0.160938 0.430664 0.109375 0.052734
0 0.673438 0.517578 0.056250 0.187500
0 0.533594 0.500977 0.023438 0.115234
0 0.523438 0.490234 0.018750 0.105469
78 0.673438 0.613281 0.034375 0.019531
78 0.532813 0.561523 0.015625 0.013672
78 0.519531 0.541992 0.014063 0.009766
