0 0.315625 0.462891 0.031250 0.070312
0 0.489844 0.472656 0.045312 0.113281
0 0.558594 0.464844 0.032813 0.078125
0 0.571875 0.470703 0.037500 0.121094
0 0.602344 0.471680 0.023438 0.087891
0 0.628906 0.483398 0.017188 0.052734
0 0.760156 0.497070 0.035937 0.080078
0 0.810156 0.495117 0.039062 0.107422
0 0.846875 0.498047 0.040625 0.121094
0 0.909375 0.491211 0.084375 0.197266
0 0.951562 0.498047 0.053125 0.136719
0 0.984375 0.502930 0.028125 0.138672
0 0.704688 0.456055 0.015625 0.060547
2 0.022656 0.466797 0.045312 0.066406
2 0.057031 0.446289 0.039062 0.029297
2 0.095312 0.449219 0.037500 0.027344
2 0.143750 0.448242 0.053125 0.033203
2 0.187500 0.443359 0.031250 0.023438
2 0.218750 0.460938 0.046875 0.035156
2 0.358594 0.450195 0.023438 0.021484
2 0.416406 0.462891 0.089063 0.101562
2 0.521875 0.451172 0.021875 0.011719
2 0.538281 0.452148 0.020313 0.009766
2 0.641406 0.469727 0.107813 0.064453
2 0.714063 0.457031 0.068750 0.050781
78 0.453125 0.495117 0.065625 0.072266
