9 0.823438 0.333984 0.012500 0.031250
9 0.828125 0.427734 0.009375 0.007812
9 0.353906 0.341797 0.010937 0.027344
11 0.214844 0.413086 0.032813 0.064453
11 0.013281 0.447266 0.026562 0.062500
11 0.423438 0.431641 0.018750 0.023438
11 0.673438 0.451172 0.031250 0.007812
11 0.658594 0.441406 0.039062 0.011719
11 0.674219 0.428711 0.032813 0.005859
11 0.672656 0.419922 0.029687 0.007812
2 0.125781 0.686523 0.251563 0.291016
2 0.221875 0.575195 0.240625 0.134766
2 0.181250 0.501953 0.040625 0.019531
2 0.129688 0.513672 0.053125 0.039062
2 0.033594 0.510742 0.067187 0.060547
2 0.768750 0.509766 0.071875 0.046875
2 0.565625 0.596680 0.184375 0.197266
2 0.424219 0.551758 0.095312 0.107422
2 0.477344 0.542969 0.035937 0.085938
2 0.493750 0.534180 0.043750 0.072266
2 0.495312 0.500977 0.065625 0.044922
