11 0.285938 0.403320 0.025000 0.005859
0 0.653906 0.472656 0.017188 0.058594
0 0.482031 0.442383 0.004687 0.013672
0 0.479687 0.441406 0.003125 0.011719
0 0.471875 0.442383 0.003125 0.009766
0 0.399219 0.458008 0.014063 0.037109
0 0.360938 0.463867 0.015625 0.041016
0 0.350781 0.461914 0.010937 0.044922
0 0.338281 0.460938 0.014063 0.042969
0 0.135156 0.505859 0.026562 0.097656
0 0.103125 0.504883 0.021875 0.099609
0 0.075781 0.505859 0.023438 0.105469
0 0.464844 0.439453 0.004687 0.011719
2 0.888281 0.601562 0.220312 0.238281
2 0.817969 0.499023 0.135937 0.072266
2 0.607812 0.474609 0.050000 0.050781
2 0.582031 0.465820 0.029687 0.037109
2 0.574219 0.461914 0.026562 0.033203
2 0.557031 0.455078 0.017188 0.023438
2 0.562500 0.458008 0.018750 0.025391
2 0.542969 0.449219 0.014063 0.015625
2 0.535156 0.446289 0.014063 0.017578
2 0.524219 0.442383 0.010937 0.013672
2 0.503125 0.447266 0.018750 0.023438
2 0.488281 0.439453 0.007812 0.007812
2 0.428125 0.449219 0.046875 0.031250
2 0.940625 0.474609 0.050000 0.039062
2 0.977344 0.468750 0.042188 0.039062
78 0.399219 0.478516 0.010937 0.003906
