9 0.603125 0.395508 0.009375 0.029297
9 0.517188 0.359375 0.006250 0.023438
9 0.503125 0.318359 0.012500 0.035156
0 0.050781 0.472656 0.035937 0.128906
0 0.085938 0.474609 0.031250 0.128906
0 0.118750 0.465820 0.034375 0.095703
0 0.289844 0.455078 0.010937 0.054688
0 0.312500 0.458008 0.018750 0.052734
0 0.517188 0.466797 0.018750 0.062500
0 0.497656 0.469727 0.014063 0.056641
0 0.485938 0.458984 0.009375 0.035156
0 0.592969 0.460938 0.010937 0.035156
0 0.606250 0.456055 0.009375 0.033203
0 0.717969 0.452148 0.017188 0.029297
0 0.687500 0.460938 0.009375 0.023438
0 0.650000 0.461914 0.012500 0.017578
0 0.699219 0.457031 0.010937 0.019531
1 0.231250 0.472656 0.034375 0.058594
1 0.263281 0.474609 0.020313 0.042969
1 0.292969 0.479492 0.032813 0.064453
1 0.349219 0.502930 0.029687 0.056641
2 0.864844 0.625000 0.267188 0.351562
2 0.726562 0.543945 0.150000 0.158203
2 0.441406 0.460938 0.067187 0.035156
2 0.550000 0.459961 0.015625 0.013672
0 0.349219 0.480469 0.026562 0.089844
1 0.128125 0.511719 0.046875 0.082031
