11 0.875000 0.290039 0.071875 0.025391
11 0.875781 0.317383 0.023438 0.025391
11 0.605469 0.375977 0.014063 0.025391
11 0.246094 0.423828 0.007812 0.011719
2 0.627344 0.461914 0.054688 0.037109
2 0.549219 0.497070 0.104688 0.087891
2 0.518750 0.470703 0.071875 0.078125
2 0.483594 0.472656 0.020313 0.062500
2 0.470313 0.473633 0.015625 0.044922
2 0.460156 0.469727 0.017188 0.025391
2 0.457031 0.461914 0.026562 0.033203
2 0.313281 0.465820 0.085938 0.107422
2 0.366406 0.465820 0.020313 0.021484
2 0.387500 0.464844 0.012500 0.011719
2 0.377344 0.464844 0.007812 0.015625
2 0.421094 0.465820 0.010937 0.009766
2 0.078906 0.443359 0.117188 0.054688
2 0.143750 0.445312 0.078125 0.046875
2 0.198437 0.446289 0.050000 0.044922
2 0.235156 0.450195 0.032813 0.029297
10 0.710938 0.513672 0.025000 0.082031
