0 0.392188 0.442383 0.012500 0.013672
2 0.917969 0.661133 0.160938 0.427734
2 0.740625 0.540039 0.143750 0.134766
2 0.754687 0.459961 0.090625 0.033203
2 0.706250 0.463867 0.059375 0.048828
2 0.660156 0.458984 0.032813 0.023438
2 0.603125 0.448242 0.031250 0.017578
2 0.576562 0.446289 0.012500 0.013672
2 0.589063 0.444336 0.012500 0.013672
2 0.568750 0.445312 0.009375 0.011719
2 0.560937 0.441406 0.009375 0.011719
2 0.531250 0.439453 0.006250 0.007812
2 0.527344 0.440430 0.007812 0.009766
2 0.521875 0.440430 0.009375 0.009766
2 0.513281 0.440430 0.014063 0.017578
2 0.507812 0.443359 0.012500 0.015625
2 0.492969 0.446289 0.023438 0.025391
2 0.475781 0.452148 0.026562 0.029297
2 0.459375 0.458008 0.018750 0.037109
2 0.455469 0.459961 0.020313 0.041016
2 0.439063 0.460938 0.043750 0.046875
2 0.429688 0.466797 0.025000 0.039062
2 0.420312 0.469727 0.031250 0.041016
2 0.385156 0.475586 0.060937 0.052734
2 0.380469 0.440430 0.039062 0.021484
2 0.280469 0.495117 0.101562 0.095703
2 0.214062 0.448242 0.075000 0.052734
2 0.154688 0.523438 0.187500 0.144531
0 0.632031 0.507812 0.070312 0.156250
0 0.601562 0.475586 0.021875 0.091797
0 0.577344 0.498047 0.029687 0.093750
78 0.631250 0.591797 0.021875 0.015625
78 0.600000 0.524414 0.012500 0.005859
78 0.578125 0.540039 0.012500 0.009766
