1 0.306250 0.701172 0.084375 0.199219
1 0.513281 0.447266 0.004687 0.011719
1 0.539062 0.443359 0.006250 0.011719
2 0.961719 0.493164 0.073438 0.083984
2 0.800781 0.491211 0.142187 0.072266
2 0.729688 0.557617 0.159375 0.134766
2 0.789844 0.442383 0.054688 0.025391
2 0.668750 0.509766 0.109375 0.128906
2 0.604688 0.478516 0.068750 0.074219
2 0.578125 0.466797 0.018750 0.039062
2 0.570312 0.465820 0.015625 0.033203
2 0.566406 0.459961 0.017188 0.029297
2 0.568750 0.443359 0.018750 0.019531
2 0.578906 0.434570 0.014063 0.013672
2 0.588281 0.434570 0.007812 0.013672
2 0.594531 0.432617 0.010937 0.009766
2 0.563281 0.432617 0.010937 0.013672
2 0.553125 0.434570 0.015625 0.013672
2 0.538281 0.435547 0.014063 0.015625
2 0.525781 0.438477 0.020313 0.017578
2 0.506250 0.440430 0.018750 0.025391
2 0.484375 0.444336 0.025000 0.021484
2 0.501563 0.442383 0.015625 0.021484
2 0.483594 0.458008 0.039062 0.033203
2 0.459375 0.455078 0.009375 0.023438
2 0.444531 0.453125 0.023438 0.039062
2 0.438281 0.458008 0.020313 0.041016
2 0.428125 0.460938 0.025000 0.042969
2 0.416406 0.464844 0.039062 0.046875
2 0.389062 0.476562 0.043750 0.054688
2 0.362500 0.486328 0.068750 0.062500
2 0.232031 0.498047 0.132812 0.070312
2 0.274219 0.516602 0.117188 0.087891
0 0.730469 0.598633 0.079687 0.279297
0 0.304688 0.619141 0.096875 0.253906
0 0.512500 0.439453 0.006250 0.019531
0 0.539062 0.436523 0.006250 0.017578
78 0.731250 0.741211 0.034375 0.041016
3 0.085156 0.506836 0.032813 0.080078
