11 0.595313 0.297852 0.059375 0.072266
0 0.746094 0.506836 0.032813 0.224609
0 0.731250 0.504883 0.053125 0.232422
0 0.032813 0.489258 0.034375 0.119141
0 0.062500 0.493164 0.031250 0.103516
0 0.157812 0.486328 0.028125 0.093750
0 0.192969 0.495117 0.026562 0.060547
0 0.212500 0.487305 0.021875 0.068359
0 0.262500 0.481445 0.018750 0.052734
0 0.249219 0.483398 0.014063 0.048828
2 0.959375 0.490234 0.078125 0.074219
2 0.921875 0.486328 0.112500 0.062500
2 0.783594 0.530273 0.323437 0.115234
2 0.614844 0.513672 0.198437 0.117188
2 0.557813 0.482422 0.115625 0.070312
2 0.536719 0.470703 0.117188 0.070312
2 0.464062 0.475586 0.040625 0.048828
2 0.405469 0.487305 0.017188 0.033203
2 0.389844 0.489258 0.029687 0.033203
