9 0.628125 0.393555 0.006250 0.029297
9 0.593750 0.344727 0.006250 0.025391
9 0.579688 0.344727 0.006250 0.021484
9 0.564063 0.388672 0.012500 0.027344
9 0.575781 0.406250 0.007812 0.023438
9 0.621875 0.373047 0.009375 0.007812
9 0.552344 0.409180 0.004687 0.013672
9 0.442188 0.375000 0.006250 0.019531
9 0.368750 0.369141 0.006250 0.019531
9 0.569531 0.419922 0.007812 0.007812
9 0.525781 0.410156 0.004687 0.019531
9 0.279687 0.334961 0.009375 0.029297
9 0.185156 0.348633 0.007812 0.029297
9 0.076563 0.368164 0.006250 0.017578
9 0.209375 0.420898 0.006250 0.017578
11 0.477344 0.392578 0.020313 0.007812
11 0.378906 0.367188 0.010937 0.011719
11 0.126562 0.378906 0.025000 0.007812
11 0.980469 0.215820 0.032813 0.080078
11 0.983594 0.291016 0.029687 0.070312
0 0.557031 0.457031 0.010937 0.035156
0 0.537500 0.455078 0.012500 0.039062
0 0.545312 0.458984 0.009375 0.035156
0 0.007812 0.434570 0.012500 0.044922
0 0.499219 0.448242 0.004687 0.013672
0 0.505469 0.448242 0.004687 0.017578
2 0.821875 0.449219 0.087500 0.054688
2 0.084375 0.459961 0.075000 0.033203
2 0.118750 0.458008 0.037500 0.029297
2 0.254688 0.469727 0.068750 0.060547
2 0.340625 0.455078 0.043750 0.042969
2 0.298438 0.456055 0.037500 0.033203
2 0.470313 0.455078 0.046875 0.050781
2 0.364844 0.450195 0.020313 0.033203
2 0.382031 0.448242 0.017188 0.021484
2 0.399219 0.447266 0.010937 0.011719
2 0.217969 0.454102 0.017188 0.021484
