9 0.685937 0.285156 0.050000 0.050781
9 0.737500 0.379883 0.012500 0.017578
9 0.729688 0.330078 0.015625 0.042969
9 0.559375 0.389648 0.012500 0.013672
9 0.560937 0.349609 0.012500 0.042969
9 0.092188 0.369141 0.012500 0.042969
9 0.117969 0.408203 0.014063 0.019531
11 0.697656 0.236328 0.029687 0.042969
11 0.682031 0.174805 0.042188 0.080078
11 0.770312 0.367188 0.031250 0.007812
11 0.735156 0.361328 0.010937 0.011719
11 0.527344 0.389648 0.010937 0.017578
0 0.807031 0.444336 0.023438 0.068359
0 0.743750 0.444336 0.021875 0.072266
0 0.725000 0.421875 0.018750 0.035156
0 0.447656 0.464844 0.029687 0.074219
0 0.286719 0.460938 0.010937 0.035156
0 0.210156 0.466797 0.014063 0.054688
0 0.197656 0.473633 0.023438 0.080078
0 0.118750 0.474609 0.018750 0.062500
0 0.144531 0.505859 0.035937 0.167969
0 0.178125 0.499023 0.056250 0.177734
0 0.031250 0.512695 0.062500 0.162109
2 0.500781 0.458008 0.045312 0.041016
2 0.479687 0.453125 0.012500 0.011719
2 0.435156 0.456055 0.007812 0.009766
2 0.244531 0.469727 0.060937 0.052734
10 0.551562 0.465820 0.009375 0.037109
