9 0.302344 0.348633 0.010937 0.037109
9 0.532031 0.257812 0.010937 0.042969
9 0.664062 0.368164 0.012500 0.056641
9 0.853906 0.252930 0.023438 0.087891
0 0.010937 0.459961 0.021875 0.103516
0 0.026562 0.459961 0.021875 0.103516
0 0.270313 0.456055 0.021875 0.064453
0 0.195312 0.437500 0.012500 0.035156
0 0.249219 0.441406 0.014063 0.023438
0 0.229687 0.443359 0.015625 0.031250
0 0.983594 0.503906 0.026562 0.093750
0 0.906250 0.449219 0.015625 0.035156
0 0.787500 0.465820 0.018750 0.068359
0 0.694531 0.458008 0.014063 0.048828
0 0.535937 0.445312 0.006250 0.019531
0 0.629687 0.452148 0.009375 0.025391
0 0.435937 0.451172 0.015625 0.042969
0 0.413281 0.446289 0.007812 0.025391
0 0.467187 0.443359 0.003125 0.011719
1 0.855469 0.495117 0.064062 0.052734
2 0.170313 0.473633 0.181250 0.080078
2 0.507031 0.447266 0.026562 0.031250
2 0.549219 0.449219 0.020313 0.023438
2 0.598437 0.465820 0.046875 0.044922
2 0.571875 0.458984 0.018750 0.035156
2 0.564063 0.456055 0.015625 0.033203
0 0.850000 0.477539 0.040625 0.068359
