11 0.697656 0.295898 0.023438 0.037109
0 0.924219 0.460938 0.032813 0.140625
0 0.900781 0.461914 0.054688 0.150391
0 0.804688 0.461914 0.037500 0.123047
0 0.560937 0.450195 0.012500 0.029297
0 0.547656 0.449219 0.014063 0.031250
1 0.792969 0.488281 0.057813 0.082031
2 0.504687 0.468750 0.050000 0.046875
2 0.496875 0.454102 0.040625 0.052734
2 0.471875 0.460938 0.018750 0.054688
2 0.422656 0.459961 0.051562 0.052734
2 0.311719 0.466797 0.020313 0.046875
2 0.284375 0.461914 0.050000 0.056641
2 0.273438 0.473633 0.053125 0.048828
2 0.328125 0.465820 0.018750 0.037109
2 0.357812 0.465820 0.031250 0.021484
2 0.370312 0.462891 0.015625 0.019531
