11 0.614844 0.403320 0.010937 0.017578
11 0.332813 0.427734 0.018750 0.015625
7 0.544531 0.460938 0.076563 0.109375
2 0.043750 0.529297 0.087500 0.187500
2 0.122656 0.530273 0.101562 0.138672
2 0.170313 0.499023 0.128125 0.134766
2 0.236719 0.500000 0.039062 0.082031
2 0.259375 0.496094 0.043750 0.070312
2 0.285156 0.493164 0.029687 0.072266
2 0.296094 0.484375 0.064062 0.066406
2 0.835938 0.510742 0.325000 0.294922
2 0.682031 0.503906 0.089063 0.179688
2 0.625000 0.505859 0.081250 0.105469
2 0.589063 0.494141 0.050000 0.082031
2 0.442188 0.487305 0.071875 0.064453
2 0.500000 0.471680 0.015625 0.033203
2 0.491406 0.471680 0.014063 0.029297
2 0.382031 0.474609 0.032813 0.027344
7 0.493750 0.452148 0.025000 0.041016
11 0.265625 0.440430 0.018750 0.009766
3 0.953906 0.657227 0.089063 0.244141
