9 0.403125 0.416992 0.012500 0.033203
9 0.633594 0.426758 0.007812 0.021484
9 0.701562 0.361328 0.009375 0.023438
11 0.174219 0.457031 0.010937 0.023438
11 0.175000 0.479492 0.012500 0.021484
11 0.208594 0.402344 0.035937 0.054688
11 0.192969 0.393555 0.017188 0.052734
11 0.317969 0.464844 0.010937 0.011719
11 0.324219 0.492188 0.017188 0.027344
11 0.878906 0.408203 0.020313 0.027344
11 0.847656 0.429688 0.010937 0.011719
11 0.817187 0.440430 0.015625 0.009766
7 0.709375 0.458984 0.046875 0.046875
2 0.981250 0.736328 0.034375 0.246094
2 0.882031 0.565430 0.173437 0.166016
2 0.690625 0.537109 0.131250 0.140625
2 0.752344 0.500977 0.048438 0.072266
2 0.826562 0.517578 0.075000 0.082031
2 0.804688 0.510742 0.053125 0.076172
2 0.759375 0.465820 0.021875 0.025391
2 0.783594 0.463867 0.023438 0.021484
