0 0.366406 0.482422 0.017188 0.066406
0 0.584375 0.533203 0.056250 0.171875
1 0.442969 0.566406 0.048438 0.113281
2 0.067187 0.614258 0.134375 0.197266
2 0.162500 0.560547 0.137500 0.136719
2 0.239844 0.527344 0.098437 0.101562
2 0.289062 0.490234 0.087500 0.097656
2 0.337500 0.484375 0.025000 0.074219
2 0.360156 0.480469 0.042188 0.058594
2 0.389844 0.467773 0.039062 0.041016
2 0.411719 0.458984 0.026562 0.039062
2 0.462500 0.444336 0.025000 0.025391
2 0.478125 0.437500 0.015625 0.019531
2 0.517188 0.432617 0.009375 0.013672
2 0.747656 0.572266 0.223438 0.230469
2 0.700000 0.446289 0.053125 0.021484
2 0.653906 0.526367 0.110937 0.142578
2 0.688281 0.441406 0.064062 0.031250
2 0.633594 0.433594 0.023438 0.011719
2 0.590625 0.475586 0.078125 0.056641
2 0.551562 0.465820 0.037500 0.044922
2 0.546875 0.458008 0.040625 0.048828
2 0.525000 0.454102 0.021875 0.041016
2 0.492969 0.435547 0.014063 0.015625
2 0.235937 0.455078 0.050000 0.042969
2 0.164844 0.468750 0.076563 0.042969
2 0.063281 0.464844 0.126562 0.054688
0 0.430469 0.450195 0.014063 0.041016
0 0.443750 0.518555 0.050000 0.154297
78 0.584375 0.626953 0.025000 0.023438
78 0.897656 0.664062 0.201563 0.386719
