9 0.593750 0.513672 0.009375 0.027344
9 0.404687 0.505859 0.009375 0.023438
11 0.965625 0.352539 0.059375 0.076172
11 0.965625 0.424805 0.050000 0.068359
11 0.762500 0.464844 0.034375 0.046875
11 0.762500 0.496094 0.034375 0.015625
11 0.762500 0.511719 0.034375 0.015625
0 0.264844 0.576172 0.010937 0.031250
3 0.929688 0.661133 0.137500 0.154297
3 0.734375 0.633789 0.109375 0.099609
3 0.770312 0.641602 0.121875 0.103516
2 0.353906 0.584961 0.017188 0.025391
2 0.370312 0.583008 0.015625 0.021484
2 0.396875 0.583008 0.015625 0.021484
2 0.385156 0.583008 0.017188 0.021484
2 0.475000 0.585938 0.037500 0.042969
2 0.517969 0.581055 0.039062 0.017578
2 0.523438 0.654297 0.131250 0.132812
2 0.296094 0.600586 0.054688 0.044922
2 0.379688 0.638672 0.112500 0.093750
2 0.231250 0.577148 0.034375 0.025391
2 0.164844 0.622070 0.110937 0.080078
2 0.120313 0.577148 0.028125 0.021484
2 0.021094 0.620117 0.042188 0.076172
