9 0.300000 0.290039 0.015625 0.041016
9 0.193750 0.304688 0.015625 0.042969
9 0.578125 0.380859 0.009375 0.031250
9 0.435937 0.347656 0.009375 0.027344
9 0.360938 0.344727 0.009375 0.025391
9 0.540625 0.406250 0.006250 0.027344
9 0.686719 0.412109 0.007812 0.023438
9 0.540625 0.430664 0.009375 0.009766
11 0.714844 0.336914 0.010937 0.041016
11 0.527344 0.369141 0.045312 0.011719
11 0.378125 0.343750 0.015625 0.019531
11 0.614844 0.398438 0.023438 0.031250
11 0.027344 0.348633 0.054688 0.021484
11 0.163281 0.418945 0.014063 0.029297
11 0.714063 0.288086 0.012500 0.056641
11 0.715625 0.371094 0.009375 0.023438
2 0.474219 0.486328 0.085938 0.082031
2 0.351562 0.473633 0.031250 0.033203
2 0.417969 0.468750 0.026562 0.027344
11 0.826562 0.259766 0.028125 0.046875
11 0.827344 0.303711 0.029687 0.025391
