11 0.504687 0.403320 0.021875 0.005859
0 0.607031 0.467773 0.023438 0.072266
0 0.585938 0.470703 0.018750 0.066406
0 0.353125 0.457031 0.012500 0.042969
0 0.337500 0.458008 0.012500 0.041016
1 0.803125 0.631836 0.071875 0.146484
2 0.716406 0.540039 0.157812 0.119141
2 0.600000 0.459961 0.065625 0.029297
2 0.507031 0.489258 0.095312 0.072266
2 0.517188 0.454102 0.043750 0.013672
2 0.441406 0.478516 0.073438 0.054688
2 0.401562 0.460938 0.071875 0.035156
2 0.297656 0.435547 0.039062 0.015625
2 0.240625 0.433594 0.046875 0.019531
2 0.189844 0.433594 0.029687 0.019531
2 0.130469 0.454102 0.060937 0.037109
0 0.803906 0.572266 0.073438 0.210938
