5 0.798438 0.571289 0.400000 0.353516
9 0.390625 0.473633 0.009375 0.033203
9 0.320312 0.535156 0.009375 0.007812
9 0.260156 0.493164 0.007812 0.025391
11 0.390625 0.517578 0.015625 0.007812
11 0.390625 0.500000 0.018750 0.023438
11 0.437500 0.512695 0.009375 0.017578
0 0.088281 0.552734 0.020313 0.031250
0 0.145313 0.557617 0.021875 0.029297
0 0.179688 0.550781 0.015625 0.027344
0 0.160938 0.551758 0.009375 0.033203
0 0.207031 0.554688 0.010937 0.019531
0 0.227344 0.548828 0.007812 0.019531
0 0.217188 0.553711 0.009375 0.017578
0 0.247656 0.545898 0.010937 0.017578
0 0.283594 0.551758 0.010937 0.029297
0 0.361719 0.557617 0.010937 0.033203
0 0.371094 0.560547 0.010937 0.035156
0 0.378906 0.559570 0.007812 0.029297
0 0.430469 0.558594 0.014063 0.035156
0 0.407031 0.566406 0.014063 0.050781
0 0.442188 0.556641 0.009375 0.023438
0 0.448437 0.555664 0.006250 0.021484
0 0.514844 0.553711 0.007812 0.021484
0 0.267969 0.555664 0.007812 0.021484
2 0.060156 0.629883 0.120313 0.126953
2 0.146875 0.613281 0.084375 0.089844
2 0.200000 0.598633 0.071875 0.072266
2 0.466406 0.573242 0.045312 0.052734
2 0.487500 0.592773 0.081250 0.083984
2 0.546875 0.562500 0.037500 0.042969
2 0.567187 0.560547 0.012500 0.027344
2 0.595313 0.579102 0.050000 0.060547
