9 0.579688 0.446289 0.006250 0.017578
9 0.386719 0.444336 0.007812 0.025391
11 0.739062 0.434570 0.012500 0.025391
11 0.750781 0.483398 0.010937 0.037109
11 0.750000 0.453125 0.015625 0.023438
0 0.761719 0.488281 0.010937 0.031250
0 0.697656 0.489258 0.007812 0.029297
0 0.651563 0.483398 0.012500 0.025391
0 0.625781 0.493164 0.010937 0.033203
0 0.611719 0.491211 0.010937 0.033203
0 0.599219 0.492188 0.010937 0.031250
0 0.553125 0.484375 0.006250 0.015625
0 0.544531 0.487305 0.007812 0.021484
0 0.082031 0.506836 0.020313 0.080078
0 0.065625 0.498047 0.034375 0.085938
0 0.371875 0.483398 0.009375 0.025391
1 0.582031 0.536133 0.023438 0.048828
2 0.526563 0.482422 0.006250 0.007812
2 0.467969 0.532227 0.110937 0.115234
0 0.581250 0.514648 0.025000 0.080078
