9 0.446875 0.390625 0.006250 0.015625
9 0.400781 0.388672 0.004687 0.015625
9 0.454688 0.419922 0.003125 0.007812
11 0.243750 0.437500 0.006250 0.007812
11 0.243750 0.447266 0.006250 0.007812
11 0.350781 0.458984 0.007812 0.007812
11 0.489844 0.409180 0.023438 0.005859
11 0.595313 0.415039 0.012500 0.009766
1 0.746094 0.487305 0.017188 0.033203
2 0.470313 0.461914 0.015625 0.017578
2 0.104688 0.467773 0.018750 0.017578
2 0.008594 0.470703 0.017188 0.015625
2 0.017188 0.466797 0.021875 0.019531
2 0.256250 0.469727 0.018750 0.013672
2 0.295312 0.463867 0.018750 0.013672
0 0.746094 0.474609 0.014063 0.042969
10 0.636719 0.489258 0.014063 0.033203
