9 0.396875 0.485352 0.006250 0.017578
0 0.046875 0.559570 0.012500 0.029297
0 0.160938 0.552734 0.009375 0.035156
0 0.167969 0.558594 0.010937 0.035156
0 0.007812 0.558594 0.012500 0.023438
0 0.513281 0.536133 0.004687 0.021484
2 0.307031 0.551758 0.042188 0.041016
2 0.372656 0.544922 0.026562 0.031250
2 0.454688 0.540039 0.018750 0.025391
2 0.447656 0.542969 0.017188 0.027344
2 0.437500 0.545898 0.018750 0.033203
2 0.407031 0.565430 0.067187 0.072266
2 0.479687 0.550781 0.046875 0.035156
2 0.496094 0.595703 0.104688 0.101562
