11 0.395313 0.447266 0.006250 0.011719
11 0.417969 0.453125 0.004687 0.003906
11 0.702344 0.445312 0.007812 0.011719
11 0.703906 0.433594 0.007812 0.011719
11 0.910156 0.458984 0.029687 0.015625
0 0.169531 0.461914 0.017188 0.029297
0 0.445312 0.471680 0.009375 0.029297
0 0.512500 0.483398 0.012500 0.041016
0 0.537500 0.474609 0.015625 0.042969
2 0.014844 0.464844 0.029687 0.039062
2 0.052344 0.461914 0.073438 0.037109
2 0.090625 0.462891 0.053125 0.035156
2 0.118750 0.465820 0.040625 0.033203
2 0.213281 0.465820 0.067187 0.025391
2 0.282031 0.461914 0.051562 0.017578
2 0.280469 0.498047 0.145313 0.066406
2 0.356250 0.498047 0.071875 0.058594
2 0.364844 0.472656 0.029687 0.023438
2 0.411719 0.475586 0.067187 0.033203
2 0.596094 0.541992 0.235937 0.177734
10 0.765625 0.512695 0.009375 0.033203
