11 0.391406 0.421875 0.007812 0.019531
0 0.735938 0.482422 0.028125 0.097656
0 0.691406 0.484375 0.020313 0.062500
0 0.718750 0.467773 0.015625 0.037109
0 0.477344 0.471680 0.014063 0.044922
0 0.503125 0.470703 0.015625 0.046875
0 0.599219 0.465820 0.017188 0.041016
1 0.640625 0.497070 0.028125 0.060547
1 0.536719 0.483398 0.014063 0.033203
2 0.082031 0.490234 0.151562 0.101562
2 0.169531 0.481445 0.076563 0.068359
2 0.317188 0.463867 0.037500 0.037109
2 0.350781 0.458008 0.042188 0.041016
2 0.269531 0.451172 0.048438 0.031250
2 0.611719 0.474609 0.023438 0.023438
2 0.534375 0.472656 0.037500 0.031250
2 0.423438 0.464844 0.018750 0.027344
2 0.439063 0.456055 0.012500 0.017578
2 0.400781 0.463867 0.017188 0.033203
2 0.570312 0.461914 0.012500 0.009766
2 0.224219 0.449219 0.045312 0.027344
0 0.640625 0.477539 0.028125 0.076172
0 0.537500 0.469727 0.015625 0.044922
