11 0.235937 0.461914 0.028125 0.052734
11 0.466406 0.459961 0.007812 0.017578
0 0.656250 0.482422 0.015625 0.078125
0 0.635938 0.481445 0.015625 0.072266
0 0.592187 0.474609 0.018750 0.058594
0 0.571875 0.473633 0.018750 0.056641
0 0.193750 0.476562 0.034375 0.101562
2 0.816406 0.505859 0.335938 0.167969
2 0.092969 0.473633 0.185938 0.119141
2 0.506250 0.465820 0.025000 0.029297
2 0.482031 0.466797 0.045312 0.031250
2 0.328906 0.464844 0.042188 0.039062
2 0.372656 0.458008 0.051562 0.037109
2 0.438281 0.458984 0.045312 0.039062
2 0.546094 0.467773 0.039062 0.029297
78 0.315625 0.463867 0.259375 0.072266
