11 0.427344 0.161133 0.092188 0.064453
11 0.411719 0.214844 0.123438 0.046875
0 0.126562 0.511719 0.215625 0.546875
0 0.973437 0.463867 0.012500 0.048828
0 0.453125 0.424805 0.018750 0.056641
3 0.650781 0.550781 0.110937 0.222656
3 0.594531 0.512695 0.057813 0.115234
2 0.519531 0.408203 0.057813 0.050781
2 0.582031 0.405273 0.085938 0.080078
2 0.864844 0.501953 0.179688 0.148438
2 0.769531 0.457031 0.114062 0.121094
2 0.710156 0.450195 0.048438 0.099609
2 0.991406 0.471680 0.014063 0.029297
0 0.651563 0.494141 0.109375 0.234375
0 0.596875 0.472656 0.071875 0.175781
