9 0.453125 0.456055 0.006250 0.021484
9 0.452344 0.482422 0.004687 0.015625
9 0.488281 0.477539 0.004687 0.013672
11 0.662500 0.443359 0.015625 0.019531
11 0.662500 0.461914 0.015625 0.017578
0 0.222656 0.525391 0.017188 0.035156
1 0.549219 0.517578 0.017188 0.035156
1 0.601562 0.517578 0.025000 0.054688
1 0.643750 0.525391 0.031250 0.066406
1 0.740625 0.554688 0.046875 0.101562
2 0.523438 0.521484 0.034375 0.031250
2 0.481250 0.510742 0.050000 0.052734
2 0.353906 0.519531 0.173437 0.156250
0 0.742188 0.500000 0.046875 0.140625
0 0.549219 0.500977 0.017188 0.056641
0 0.602344 0.497070 0.023438 0.080078
0 0.644531 0.495117 0.029687 0.107422
