0 0.608594 0.449219 0.014063 0.019531
0 0.448437 0.458984 0.012500 0.039062
1 0.493750 0.457031 0.006250 0.011719
2 0.855469 0.733398 0.285938 0.357422
2 0.917969 0.510742 0.104688 0.103516
2 0.967187 0.478516 0.062500 0.085938
2 0.869531 0.465820 0.067187 0.060547
2 0.749219 0.584961 0.226562 0.216797
2 0.624219 0.518555 0.107813 0.119141
2 0.575781 0.499023 0.032813 0.076172
2 0.564844 0.485352 0.048438 0.056641
2 0.552344 0.465820 0.042188 0.041016
2 0.532031 0.462891 0.020313 0.035156
2 0.525000 0.454102 0.025000 0.029297
2 0.511719 0.448242 0.017188 0.025391
2 0.555469 0.438477 0.020313 0.013672
2 0.476562 0.448242 0.015625 0.017578
2 0.485156 0.441406 0.010937 0.015625
2 0.463281 0.443359 0.010937 0.011719
2 0.456250 0.446289 0.012500 0.013672
2 0.438281 0.452148 0.014063 0.021484
2 0.428906 0.457031 0.017188 0.019531
2 0.418750 0.460938 0.021875 0.023438
2 0.385156 0.474609 0.039062 0.046875
2 0.347656 0.482422 0.057813 0.062500
2 0.319531 0.497070 0.060937 0.060547
2 0.264062 0.532227 0.084375 0.099609
2 0.164844 0.549805 0.154688 0.154297
2 0.053906 0.625000 0.107813 0.203125
0 0.493750 0.450195 0.006250 0.021484
