1 0.161719 0.588867 0.176563 0.205078
1 0.203125 0.536133 0.168750 0.150391
1 0.264062 0.497070 0.040625 0.076172
1 0.289844 0.500977 0.029687 0.076172
1 0.310937 0.491211 0.025000 0.060547
2 0.040625 0.506836 0.081250 0.119141
2 0.549219 0.483398 0.076563 0.080078
2 0.507031 0.480469 0.023438 0.050781
2 0.492969 0.479492 0.010937 0.037109
2 0.485156 0.482422 0.007812 0.027344
2 0.381250 0.476562 0.037500 0.031250
2 0.420312 0.472656 0.037500 0.027344
2 0.334375 0.468750 0.037500 0.046875
0 0.173437 0.510742 0.100000 0.291016
0 0.223438 0.484375 0.059375 0.187500
0 0.259375 0.467773 0.025000 0.083984
0 0.286719 0.471680 0.023438 0.076172
0 0.310937 0.471680 0.025000 0.076172
9 0.617969 0.330078 0.010937 0.035156
