11 0.225781 0.413086 0.014063 0.025391
11 0.550781 0.428711 0.007812 0.017578
11 0.582031 0.422852 0.017188 0.017578
11 0.671094 0.379883 0.007812 0.033203
11 0.671094 0.408203 0.007812 0.019531
11 0.708594 0.376953 0.017188 0.031250
11 0.708594 0.403320 0.017188 0.013672
11 0.739844 0.356445 0.051562 0.064453
11 0.824219 0.403320 0.035937 0.013672
11 0.913281 0.405273 0.023438 0.029297
11 0.289844 0.423828 0.004687 0.007812
0 0.688281 0.489258 0.017188 0.072266
0 0.726562 0.489258 0.021875 0.068359
0 0.752344 0.491211 0.020313 0.068359
0 0.766406 0.512695 0.023438 0.103516
0 0.798438 0.509766 0.031250 0.109375
0 0.828906 0.508789 0.029687 0.111328
0 0.848437 0.511719 0.028125 0.117188
0 0.869531 0.517578 0.020313 0.089844
0 0.890625 0.513672 0.028125 0.117188
0 0.975000 0.511719 0.046875 0.152344
0 0.957031 0.506836 0.026562 0.119141
0 0.933594 0.513672 0.035937 0.128906
0 0.914844 0.507812 0.026562 0.109375
0 0.660937 0.473633 0.012500 0.044922
0 0.639844 0.467773 0.014063 0.041016
0 0.625781 0.471680 0.010937 0.044922
0 0.606250 0.469727 0.012500 0.044922
0 0.615625 0.466797 0.012500 0.042969
0 0.569531 0.467773 0.010937 0.029297
0 0.561719 0.450195 0.010937 0.033203
1 0.503906 0.459961 0.007812 0.017578
1 0.700000 0.528320 0.018750 0.052734
2 0.280469 0.457031 0.042188 0.039062
2 0.466406 0.436523 0.010937 0.013672
2 0.473438 0.443359 0.015625 0.019531
2 0.457031 0.484375 0.064062 0.062500
0 0.503906 0.449219 0.007812 0.023438
0 0.700000 0.504883 0.021875 0.072266
