0 0.954688 0.329102 0.025000 0.037109
0 0.534375 0.447266 0.009375 0.031250
0 0.525781 0.447266 0.007812 0.031250
0 0.520312 0.446289 0.009375 0.029297
0 0.385156 0.488281 0.020313 0.066406
1 0.494531 0.440430 0.004687 0.009766
2 0.915625 0.782227 0.165625 0.388672
2 0.710938 0.553711 0.131250 0.138672
2 0.643750 0.506836 0.084375 0.083984
2 0.611719 0.494141 0.045312 0.062500
2 0.605469 0.479492 0.064062 0.060547
2 0.581250 0.464844 0.043750 0.046875
2 0.563281 0.460938 0.023438 0.039062
2 0.553125 0.454102 0.018750 0.029297
2 0.548438 0.445312 0.021875 0.027344
2 0.520312 0.429688 0.009375 0.007812
2 0.509375 0.430664 0.006250 0.005859
2 0.496875 0.431641 0.006250 0.007812
2 0.490625 0.434570 0.009375 0.013672
2 0.485938 0.435547 0.009375 0.011719
2 0.482031 0.437500 0.010937 0.011719
2 0.474219 0.439453 0.014063 0.015625
2 0.464844 0.445312 0.017188 0.023438
2 0.450781 0.448242 0.026562 0.033203
2 0.439063 0.454102 0.025000 0.029297
2 0.419531 0.460938 0.039062 0.042969
2 0.403125 0.471680 0.031250 0.044922
2 0.360938 0.476562 0.071875 0.070312
2 0.334375 0.496094 0.068750 0.066406
2 0.282813 0.516602 0.081250 0.087891
2 0.233594 0.541016 0.082812 0.113281
2 0.102344 0.566406 0.204687 0.230469
2 0.267188 0.445312 0.031250 0.019531
2 0.290625 0.446289 0.031250 0.017578
2 0.318750 0.443359 0.028125 0.019531
0 0.503906 0.436523 0.004687 0.013672
0 0.494531 0.436523 0.004687 0.013672
