11 0.617969 0.432617 0.010937 0.025391
11 0.385937 0.431641 0.009375 0.011719
0 0.517969 0.463867 0.020313 0.048828
0 0.488281 0.467773 0.026562 0.072266
0 0.582031 0.472656 0.026562 0.085938
0 0.557031 0.483398 0.035937 0.103516
0 0.946094 0.500977 0.051562 0.123047
0 0.867969 0.501953 0.045312 0.105469
0 0.915625 0.507812 0.034375 0.113281
1 0.767969 0.589844 0.085938 0.187500
2 0.455469 0.459961 0.029687 0.029297
2 0.482812 0.464844 0.034375 0.039062
2 0.396094 0.458984 0.042188 0.035156
2 0.280469 0.446289 0.039062 0.037109
2 0.239844 0.448242 0.032813 0.025391
2 0.213281 0.448242 0.023438 0.021484
2 0.164844 0.465820 0.054688 0.052734
2 0.084375 0.472656 0.115625 0.097656
2 0.315625 0.485352 0.128125 0.095703
2 0.672656 0.461914 0.098437 0.072266
0 0.768750 0.504883 0.084375 0.251953
78 0.504687 0.467773 0.009375 0.033203
