0 0.707031 0.459961 0.023438 0.041016
0 0.683594 0.460938 0.020313 0.039062
0 0.593750 0.447266 0.006250 0.027344
0 0.585156 0.447266 0.007812 0.027344
0 0.367969 0.444336 0.007812 0.029297
0 0.359375 0.445312 0.006250 0.027344
0 0.351562 0.452148 0.009375 0.037109
0 0.339844 0.452148 0.007812 0.029297
0 0.328906 0.456055 0.007812 0.029297
0 0.321875 0.455078 0.009375 0.031250
0 0.311719 0.457031 0.010937 0.027344
0 0.914844 0.446289 0.010937 0.021484
1 0.535937 0.479492 0.018750 0.033203
1 0.560156 0.491211 0.014063 0.037109
2 0.939063 0.621094 0.118750 0.261719
2 0.731250 0.541016 0.265625 0.121094
2 0.935937 0.491211 0.125000 0.068359
2 0.905469 0.484375 0.120313 0.066406
2 0.854688 0.478516 0.087500 0.054688
2 0.834375 0.468750 0.081250 0.054688
2 0.813281 0.460938 0.064062 0.039062
2 0.646094 0.450195 0.051562 0.029297
2 0.566406 0.456055 0.039062 0.033203
2 0.535156 0.452148 0.029687 0.025391
2 0.482031 0.447266 0.026562 0.027344
2 0.454688 0.444336 0.021875 0.017578
2 0.496875 0.443359 0.018750 0.023438
2 0.417187 0.459961 0.034375 0.037109
2 0.303125 0.524414 0.118750 0.107422
0 0.559375 0.469727 0.015625 0.060547
0 0.535156 0.463867 0.020313 0.052734
11 0.907031 0.375977 0.023438 0.033203
