0 0.335156 0.457031 0.017188 0.027344
0 0.372656 0.465820 0.014063 0.060547
0 0.381250 0.469727 0.012500 0.052734
0 0.396094 0.465820 0.014063 0.056641
0 0.555469 0.519531 0.029687 0.113281
0 0.676562 0.463867 0.015625 0.037109
0 0.549219 0.450195 0.010937 0.021484
0 0.539062 0.448242 0.009375 0.017578
1 0.428125 0.428711 0.003125 0.005859
1 0.446875 0.439453 0.006250 0.011719
2 0.083594 0.482422 0.157812 0.074219
2 0.838281 0.464844 0.089063 0.058594
2 0.704688 0.468750 0.096875 0.046875
2 0.660937 0.449219 0.068750 0.023438
2 0.972656 0.464844 0.051562 0.058594
2 0.567187 0.431641 0.015625 0.011719
2 0.791406 0.463867 0.057813 0.044922
2 0.064062 0.623047 0.128125 0.207031
2 0.139844 0.563477 0.135937 0.130859
2 0.196875 0.528320 0.093750 0.103516
2 0.243750 0.508789 0.075000 0.083984
2 0.301563 0.491211 0.103125 0.064453
2 0.296094 0.457031 0.048438 0.015625
2 0.327344 0.462891 0.054688 0.050781
2 0.354687 0.461914 0.018750 0.041016
2 0.364063 0.460938 0.012500 0.031250
2 0.384375 0.450195 0.018750 0.025391
2 0.388281 0.436523 0.017188 0.009766
2 0.399219 0.439453 0.017188 0.023438
2 0.407813 0.433594 0.012500 0.015625
2 0.414062 0.430664 0.012500 0.013672
2 0.419531 0.426758 0.007812 0.009766
2 0.424219 0.424805 0.004687 0.005859
2 0.432812 0.427734 0.006250 0.007812
2 0.435156 0.424805 0.004687 0.005859
2 0.949219 0.846680 0.098437 0.255859
2 0.850781 0.680664 0.295312 0.271484
2 0.727344 0.583984 0.192188 0.167969
2 0.619531 0.511719 0.117188 0.117188
2 0.553906 0.498047 0.032813 0.066406
2 0.537500 0.494141 0.025000 0.062500
2 0.522656 0.477539 0.045312 0.048828
2 0.503906 0.465820 0.035937 0.041016
2 0.494531 0.455078 0.035937 0.042969
2 0.475781 0.449219 0.014063 0.023438
2 0.475000 0.445312 0.015625 0.023438
2 0.472656 0.444336 0.017188 0.021484
2 0.468750 0.441406 0.015625 0.019531
2 0.464062 0.437500 0.012500 0.015625
2 0.460156 0.434570 0.010937 0.013672
2 0.453906 0.428711 0.010937 0.013672
0 0.428125 0.425781 0.003125 0.007812
0 0.446875 0.435547 0.006250 0.015625
