9 0.700000 0.313477 0.037500 0.041016
9 0.695312 0.208984 0.031250 0.093750
9 0.353906 0.325195 0.017188 0.052734
9 0.078906 0.349609 0.010937 0.042969
0 0.278906 0.463867 0.029687 0.091797
0 0.250781 0.474609 0.035937 0.121094
0 0.542188 0.413086 0.040625 0.052734
0 0.490625 0.462891 0.025000 0.121094
0 0.429688 0.482422 0.053125 0.171875
0 0.382812 0.475586 0.050000 0.248047
0 0.187500 0.433594 0.012500 0.046875
1 0.417969 0.518555 0.048438 0.107422
7 0.683594 0.397461 0.314063 0.205078
2 0.102344 0.491211 0.204687 0.251953
2 0.033594 0.584961 0.067187 0.396484
