9 0.753125 0.375977 0.015625 0.052734
0 0.962500 0.531250 0.046875 0.152344
0 0.992188 0.529297 0.012500 0.136719
0 0.046875 0.517578 0.031250 0.093750
0 0.025781 0.494141 0.014063 0.042969
0 0.007031 0.496094 0.014063 0.042969
0 0.189844 0.501953 0.017188 0.054688
0 0.213281 0.501953 0.014063 0.050781
0 0.070312 0.490234 0.018750 0.039062
2 0.633594 0.525391 0.085938 0.093750
2 0.266406 0.539062 0.123438 0.089844
2 0.560937 0.502930 0.018750 0.017578
2 0.544531 0.497070 0.010937 0.013672
2 0.428125 0.498047 0.025000 0.015625
10 0.775000 0.569336 0.021875 0.072266
