9 0.691406 0.370117 0.007812 0.033203
9 0.669531 0.299805 0.007812 0.029297
9 0.541406 0.354492 0.010937 0.044922
9 0.421094 0.333008 0.007812 0.025391
9 0.391406 0.262695 0.014063 0.044922
9 0.253906 0.360352 0.010937 0.041016
9 0.164062 0.318359 0.009375 0.027344
9 0.186719 0.394531 0.007812 0.027344
9 0.341406 0.425781 0.010937 0.019531
9 0.597656 0.370117 0.010937 0.041016
0 0.500000 0.472656 0.015625 0.054688
0 0.435937 0.470703 0.018750 0.058594
0 0.346875 0.460938 0.009375 0.039062
0 0.247656 0.473633 0.014063 0.060547
0 0.676562 0.453125 0.012500 0.031250
0 0.664062 0.451172 0.012500 0.027344
1 0.767969 0.474609 0.039062 0.054688
1 0.723437 0.474609 0.031250 0.050781
1 0.678125 0.495117 0.034375 0.068359
1 0.602344 0.485352 0.032813 0.083984
1 0.600000 0.493164 0.034375 0.060547
1 0.220312 0.484375 0.028125 0.054688
1 0.189844 0.479492 0.020313 0.068359
1 0.145313 0.489258 0.037500 0.076172
2 0.466406 0.464844 0.135937 0.054688
2 0.390625 0.462891 0.021875 0.031250
