5 0.547656 0.393555 0.035937 0.072266
0 0.324219 0.420898 0.014063 0.056641
0 0.354687 0.419922 0.018750 0.070312
0 0.367969 0.419922 0.017188 0.070312
0 0.378906 0.424805 0.014063 0.052734
0 0.385156 0.413086 0.014063 0.041016
0 0.395313 0.405273 0.009375 0.037109
0 0.416406 0.407227 0.007812 0.029297
0 0.500781 0.406250 0.004687 0.015625
2 0.897656 0.464844 0.182812 0.160156
2 0.553125 0.414062 0.031250 0.039062
2 0.586719 0.409180 0.014063 0.017578
2 0.632031 0.412109 0.017188 0.019531
2 0.617969 0.408203 0.010937 0.011719
