9 0.067969 0.024414 0.035937 0.048828
9 0.321094 0.017578 0.035937 0.035156
9 0.732031 0.227539 0.029687 0.099609
9 0.735156 0.334961 0.035937 0.037109
9 0.404687 0.380859 0.009375 0.023438
9 0.304688 0.382812 0.009375 0.023438
11 0.719531 0.298828 0.060937 0.027344
0 0.983594 0.497070 0.029687 0.263672
2 0.057813 0.493164 0.115625 0.150391
2 0.163281 0.494141 0.101562 0.085938
2 0.230469 0.482422 0.064062 0.070312
2 0.266406 0.484375 0.026562 0.050781
2 0.365625 0.471680 0.015625 0.013672
2 0.402344 0.467773 0.020313 0.021484
2 0.434375 0.468750 0.015625 0.019531
