0 0.632812 0.459961 0.009375 0.041016
1 0.601562 0.480469 0.015625 0.027344
2 0.076563 0.504883 0.140625 0.126953
2 0.171875 0.498047 0.075000 0.089844
2 0.373437 0.467773 0.046875 0.041016
2 0.406250 0.461914 0.028125 0.033203
2 0.426563 0.460938 0.018750 0.027344
2 0.460156 0.454102 0.020313 0.017578
2 0.464062 0.453125 0.015625 0.019531
2 0.475000 0.453125 0.009375 0.019531
2 0.483594 0.454102 0.007812 0.013672
2 0.491406 0.454102 0.007812 0.009766
2 0.497656 0.455078 0.004687 0.007812
2 0.934375 0.482422 0.109375 0.054688
2 0.985156 0.481445 0.026562 0.060547
0 0.600781 0.467773 0.010937 0.044922
0 0.519531 0.450195 0.004687 0.021484
0 0.528906 0.449219 0.004687 0.019531
10 0.610938 0.478516 0.006250 0.023438
