5 0.488281 0.535156 0.060937 0.093750
9 0.978906 0.408203 0.029687 0.085938
9 0.814063 0.169922 0.031250 0.093750
9 0.971875 0.589844 0.018750 0.042969
9 0.413281 0.476562 0.007812 0.023438
9 0.370312 0.478516 0.009375 0.023438
9 0.492969 0.454102 0.007812 0.021484
11 0.973437 0.337891 0.043750 0.054688
11 0.974219 0.482422 0.042188 0.050781
0 0.880469 0.589844 0.029687 0.078125
0 0.854688 0.587891 0.025000 0.074219
0 0.760938 0.568359 0.009375 0.042969
0 0.650000 0.562500 0.012500 0.035156
0 0.194531 0.571289 0.014063 0.052734
0 0.165625 0.580078 0.012500 0.046875
0 0.225781 0.557617 0.007812 0.033203
3 0.389844 0.589844 0.020313 0.035156
2 0.358594 0.580078 0.042188 0.050781
2 0.453906 0.642578 0.135937 0.160156
2 0.435937 0.562500 0.050000 0.019531
0 0.390625 0.578125 0.018750 0.046875
