9 0.107031 0.359375 0.007812 0.027344
9 0.167969 0.425781 0.007812 0.023438
9 0.167969 0.451172 0.007812 0.011719
11 0.121094 0.419922 0.014063 0.031250
11 0.071094 0.379883 0.010937 0.021484
11 0.049219 0.382812 0.010937 0.023438
11 0.118750 0.448242 0.009375 0.009766
11 0.268750 0.446289 0.006250 0.021484
11 0.389844 0.441406 0.007812 0.015625
7 0.055469 0.460938 0.110937 0.082031
2 0.217188 0.481445 0.050000 0.041016
2 0.531250 0.451172 0.065625 0.050781
2 0.624219 0.445312 0.082812 0.035156
2 0.927344 0.456055 0.039062 0.021484
