9 0.193750 0.045898 0.021875 0.091797
9 0.561719 0.265625 0.020313 0.078125
9 0.563281 0.350586 0.023438 0.029297
9 0.817187 0.222656 0.025000 0.089844
11 0.546094 0.318359 0.051562 0.019531
11 0.896875 0.269531 0.065625 0.019531
0 0.860156 0.487305 0.051562 0.205078
0 0.930469 0.472656 0.070312 0.226562
0 0.974219 0.478516 0.045312 0.199219
0 0.678125 0.478516 0.046875 0.152344
1 0.417969 0.493164 0.029687 0.068359
2 0.664062 0.431641 0.131250 0.054688
2 0.505469 0.435547 0.064062 0.027344
2 0.165625 0.466797 0.106250 0.105469
0 0.417969 0.463867 0.032813 0.095703
11 0.258594 0.468750 0.007812 0.011719
11 0.224219 0.460938 0.023438 0.007812
