11 0.454688 0.426758 0.006250 0.009766
11 0.313281 0.408203 0.014063 0.019531
0 0.605469 0.507812 0.051562 0.238281
0 0.217188 0.478516 0.025000 0.085938
0 0.401562 0.458008 0.009375 0.033203
2 0.810937 0.485352 0.162500 0.146484
2 0.514062 0.466797 0.056250 0.066406
2 0.635156 0.469727 0.145313 0.091797
2 0.550781 0.468750 0.064062 0.078125
2 0.242969 0.476562 0.189062 0.089844
2 0.056250 0.475586 0.112500 0.068359
2 0.111719 0.468750 0.098437 0.070312
78 0.917969 0.430664 0.160938 0.345703
78 0.438281 0.448242 0.064062 0.041016
