9 0.019531 0.203125 0.029687 0.097656
9 0.007812 0.315430 0.012500 0.041016
9 0.067969 0.338867 0.010937 0.037109
9 0.111719 0.445312 0.010937 0.035156
9 0.604688 0.398438 0.009375 0.039062
9 0.664844 0.441406 0.010937 0.042969
9 0.889062 0.466797 0.009375 0.035156
9 0.939844 0.328125 0.010937 0.039062
9 0.992969 0.320312 0.010937 0.042969
11 0.966406 0.318359 0.007812 0.023438
0 0.522656 0.514648 0.004687 0.017578
0 0.457031 0.511719 0.004687 0.019531
2 0.568750 0.508789 0.009375 0.009766
9 0.664844 0.485352 0.010937 0.013672
