9 0.835156 0.362305 0.014063 0.037109
9 0.866406 0.401367 0.017188 0.017578
9 0.576562 0.376953 0.009375 0.031250
11 0.871094 0.363281 0.035937 0.011719
11 0.572656 0.416992 0.020313 0.033203
0 0.891406 0.474609 0.020313 0.078125
0 0.878125 0.502930 0.031250 0.119141
0 0.825781 0.447266 0.035937 0.054688
0 0.653906 0.463867 0.014063 0.041016
0 0.284375 0.469727 0.009375 0.033203
0 0.260156 0.469727 0.007812 0.033203
2 0.746875 0.529297 0.215625 0.175781
2 0.432031 0.480469 0.082812 0.089844
2 0.346875 0.474609 0.059375 0.062500
2 0.117188 0.507812 0.234375 0.222656
78 0.852344 0.518555 0.032813 0.095703
11 0.978125 0.330078 0.040625 0.101562
11 0.975781 0.211914 0.045312 0.130859
