11 0.535156 0.438477 0.004687 0.009766
0 0.592969 0.462891 0.017188 0.050781
0 0.208594 0.461914 0.010937 0.033203
0 0.237500 0.454102 0.009375 0.017578
0 0.325781 0.464844 0.007812 0.031250
1 0.931250 0.579102 0.100000 0.158203
2 0.505469 0.454102 0.010937 0.013672
2 0.481250 0.455078 0.006250 0.007812
2 0.471094 0.457031 0.014063 0.011719
2 0.454688 0.456055 0.015625 0.017578
2 0.436719 0.461914 0.010937 0.017578
2 0.353906 0.465820 0.045312 0.048828
2 0.390625 0.463867 0.075000 0.056641
2 0.234375 0.489258 0.081250 0.060547
2 0.091406 0.546875 0.182812 0.339844
10 0.559375 0.467773 0.006250 0.017578
11 0.075000 0.268555 0.071875 0.068359
