9 0.282813 0.326172 0.009375 0.031250
9 0.379688 0.289062 0.015625 0.054688
9 0.337500 0.346680 0.006250 0.025391
9 0.848437 0.366211 0.012500 0.044922
9 0.767188 0.296875 0.018750 0.062500
11 0.329688 0.284180 0.037500 0.044922
11 0.293750 0.355469 0.012500 0.011719
11 0.293750 0.367188 0.012500 0.011719
11 0.959375 0.377930 0.034375 0.021484
11 0.759375 0.461914 0.018750 0.056641
11 0.735938 0.451172 0.015625 0.046875
11 0.280469 0.417969 0.007812 0.027344
11 0.329688 0.402344 0.021875 0.011719
0 0.039062 0.445312 0.062500 0.207031
0 0.852344 0.447266 0.017188 0.054688
0 0.406250 0.427734 0.025000 0.089844
0 0.446094 0.409180 0.007812 0.021484
1 0.390625 0.433594 0.065625 0.062500
7 0.575781 0.412109 0.182812 0.222656
3 0.934375 0.500977 0.071875 0.115234
2 0.505469 0.542969 0.245312 0.253906
2 0.674219 0.431641 0.048438 0.058594
0 0.389062 0.411133 0.018750 0.064453
0 0.929688 0.482422 0.037500 0.117188
