9 0.554688 0.451172 0.006250 0.019531
9 0.553906 0.468750 0.007812 0.007812
9 0.316406 0.445312 0.004687 0.019531
9 0.316406 0.463867 0.004687 0.005859
0 0.988281 0.535156 0.020313 0.199219
0 0.957031 0.538086 0.042188 0.181641
0 0.836719 0.528320 0.060937 0.146484
0 0.796875 0.554688 0.056250 0.179688
0 0.778906 0.541016 0.042188 0.191406
0 0.683594 0.509766 0.020313 0.078125
0 0.701562 0.487305 0.025000 0.044922
0 0.718750 0.491211 0.018750 0.044922
0 0.728125 0.494141 0.021875 0.039062
0 0.661719 0.500977 0.010937 0.060547
0 0.526563 0.496094 0.009375 0.011719
0 0.044531 0.475586 0.020313 0.037109
0 0.128125 0.488281 0.021875 0.054688
0 0.144531 0.478516 0.010937 0.015625
0 0.214062 0.483398 0.018750 0.037109
0 0.623437 0.487305 0.015625 0.021484
0 0.600000 0.498047 0.012500 0.031250
1 0.978125 0.669922 0.040625 0.113281
1 0.581250 0.535156 0.018750 0.046875
2 0.511719 0.492188 0.014063 0.015625
2 0.482812 0.516602 0.065625 0.068359
0 0.582812 0.516602 0.021875 0.072266
