5 0.410938 0.428711 0.040625 0.052734
9 0.789062 0.268555 0.021875 0.068359
9 0.790625 0.353516 0.025000 0.027344
11 0.779687 0.327148 0.046875 0.021484
11 0.568750 0.399414 0.012500 0.017578
11 0.568750 0.413086 0.012500 0.009766
0 0.321875 0.473633 0.031250 0.138672
1 0.328906 0.496094 0.114062 0.085938
2 0.616406 0.462891 0.082812 0.085938
2 0.573438 0.449219 0.059375 0.066406
2 0.540625 0.454102 0.018750 0.044922
2 0.527344 0.449219 0.023438 0.039062
2 0.514844 0.446289 0.017188 0.033203
2 0.492188 0.445312 0.012500 0.011719
2 0.503125 0.444336 0.015625 0.025391
2 0.457813 0.449219 0.037500 0.035156
2 0.340625 0.458984 0.056250 0.070312
2 0.278906 0.469727 0.098437 0.087891
11 0.692969 0.368164 0.014063 0.025391
