9 0.598437 0.430664 0.006250 0.017578
9 0.617188 0.429688 0.006250 0.019531
9 0.366406 0.439453 0.007812 0.015625
11 0.633594 0.410156 0.017188 0.027344
11 0.417187 0.451172 0.006250 0.011719
11 0.415625 0.436523 0.009375 0.013672
0 0.144531 0.480469 0.023438 0.082031
0 0.474219 0.484375 0.010937 0.035156
0 0.471875 0.484375 0.021875 0.031250
2 0.963281 0.565430 0.070312 0.259766
2 0.735938 0.510742 0.153125 0.123047
2 0.621094 0.492188 0.076563 0.074219
2 0.576562 0.490234 0.040625 0.039062
2 0.530469 0.479492 0.010937 0.009766
2 0.511719 0.486328 0.029687 0.027344
2 0.452344 0.481445 0.020313 0.025391
2 0.425000 0.484375 0.025000 0.023438
2 0.323437 0.479492 0.043750 0.029297
2 0.485156 0.479492 0.010937 0.009766
