0 0.062500 0.375977 0.053125 0.201172
0 0.021094 0.345703 0.042188 0.105469
0 0.422656 0.380859 0.010937 0.035156
0 0.466406 0.384766 0.007812 0.031250
0 0.407813 0.380859 0.009375 0.035156
0 0.403906 0.380859 0.007812 0.035156
2 0.118750 0.393555 0.115625 0.107422
2 0.180469 0.388672 0.070312 0.085938
2 0.240625 0.382812 0.068750 0.062500
2 0.280469 0.381836 0.026562 0.052734
2 0.300000 0.382812 0.021875 0.050781
2 0.323437 0.379883 0.050000 0.044922
2 0.362500 0.381836 0.028125 0.037109
2 0.383594 0.384766 0.017188 0.027344
2 0.911719 0.465820 0.173437 0.205078
2 0.563281 0.416992 0.120313 0.119141
2 0.507812 0.393555 0.053125 0.083984
2 0.442188 0.385742 0.018750 0.021484
2 0.482031 0.388672 0.010937 0.054688
0 0.396875 0.386719 0.006250 0.027344
2 0.456250 0.384766 0.009375 0.007812
