1 0.601562 0.571289 0.178125 0.134766
1 0.282813 0.545898 0.100000 0.154297
1 0.235937 0.520508 0.043750 0.099609
1 0.152344 0.541016 0.060937 0.113281
1 0.967969 0.605469 0.060937 0.097656
2 0.042188 0.507812 0.084375 0.121094
2 0.544531 0.479492 0.067187 0.080078
2 0.507031 0.481445 0.023438 0.052734
2 0.498437 0.477539 0.021875 0.044922
2 0.359375 0.475586 0.043750 0.048828
2 0.326562 0.482422 0.062500 0.058594
2 0.196094 0.477539 0.042188 0.080078
2 0.486719 0.478516 0.010937 0.035156
0 0.596875 0.521484 0.090625 0.195312
0 0.291406 0.487305 0.082812 0.208984
0 0.232031 0.471680 0.051562 0.150391
0 0.149219 0.498047 0.057813 0.164062
9 0.616406 0.328125 0.010937 0.031250
