1 0.488281 0.461914 0.007812 0.021484
1 0.505469 0.467773 0.007812 0.025391
1 0.519531 0.473633 0.010937 0.025391
1 0.533594 0.477539 0.014063 0.033203
1 0.559375 0.488281 0.021875 0.046875
1 0.621875 0.501953 0.021875 0.054688
1 0.650781 0.521484 0.020313 0.050781
1 0.703906 0.519531 0.029687 0.074219
2 0.349219 0.449219 0.051562 0.058594
2 0.470313 0.466797 0.028125 0.015625
0 0.703125 0.479492 0.037500 0.119141
0 0.648438 0.485352 0.031250 0.091797
0 0.620313 0.480469 0.028125 0.089844
0 0.559375 0.465820 0.028125 0.076172
0 0.535156 0.455078 0.017188 0.054688
0 0.518750 0.456055 0.015625 0.044922
0 0.505469 0.451172 0.014063 0.039062
0 0.489063 0.451172 0.012500 0.035156
