0 0.524219 0.449219 0.007812 0.031250
0 0.516406 0.450195 0.007812 0.029297
0 0.509375 0.451172 0.009375 0.031250
0 0.307812 0.514648 0.025000 0.095703
1 0.483594 0.441406 0.004687 0.011719
2 0.865625 0.680664 0.265625 0.283203
2 0.702344 0.547852 0.148438 0.130859
2 0.638281 0.521484 0.076563 0.085938
2 0.621094 0.496094 0.085938 0.085938
2 0.585938 0.491211 0.028125 0.060547
2 0.584375 0.473633 0.050000 0.060547
2 0.561719 0.462891 0.035937 0.050781
2 0.539844 0.451172 0.026562 0.035156
2 0.507031 0.435547 0.010937 0.011719
2 0.517188 0.434570 0.009375 0.009766
2 0.496875 0.430664 0.006250 0.005859
2 0.491406 0.433594 0.007812 0.011719
2 0.485156 0.433594 0.007812 0.011719
2 0.477344 0.434570 0.007812 0.013672
2 0.469531 0.439453 0.010937 0.015625
2 0.457813 0.443359 0.012500 0.015625
2 0.446094 0.447266 0.017188 0.023438
2 0.431250 0.452148 0.028125 0.037109
2 0.425000 0.457031 0.021875 0.035156
2 0.392188 0.463867 0.046875 0.048828
2 0.376563 0.478516 0.028125 0.054688
2 0.365625 0.484375 0.028125 0.058594
2 0.346875 0.489258 0.040625 0.068359
2 0.300781 0.492188 0.079687 0.097656
2 0.255469 0.523438 0.092188 0.093750
2 0.160156 0.560547 0.139063 0.128906
2 0.065625 0.622070 0.131250 0.197266
2 0.235156 0.446289 0.026562 0.017578
2 0.263281 0.446289 0.032813 0.017578
2 0.333594 0.444336 0.020313 0.021484
2 0.353125 0.447266 0.031250 0.019531
0 0.490625 0.437500 0.003125 0.011719
0 0.483594 0.437500 0.004687 0.011719
