9 0.385937 0.396484 0.003125 0.007812
9 0.429688 0.411133 0.003125 0.009766
11 0.550781 0.375977 0.023438 0.029297
11 0.580469 0.375977 0.007812 0.013672
11 0.710938 0.287109 0.037500 0.058594
11 0.452344 0.409180 0.004687 0.005859
11 0.435156 0.409180 0.004687 0.005859
0 0.797656 0.460938 0.032813 0.125000
2 0.022656 0.469727 0.039062 0.111328
2 0.090625 0.472656 0.100000 0.078125
2 0.146094 0.462891 0.057813 0.070312
2 0.355469 0.444336 0.035937 0.037109
2 0.438281 0.431641 0.014063 0.015625
2 0.457813 0.431641 0.012500 0.011719
0 0.832812 0.423828 0.021875 0.042969
78 0.825000 0.480469 0.056250 0.089844
