11 0.771875 0.389648 0.046875 0.029297
11 0.772656 0.344727 0.048438 0.060547
11 0.268750 0.400391 0.021875 0.031250
11 0.269531 0.422852 0.017188 0.009766
0 0.070312 0.465820 0.028125 0.072266
0 0.115625 0.468750 0.031250 0.070312
0 0.325781 0.519531 0.035937 0.117188
0 0.318750 0.447266 0.009375 0.031250
0 0.821875 0.445312 0.012500 0.031250
0 0.798438 0.458984 0.012500 0.062500
0 0.809375 0.461914 0.012500 0.060547
0 0.698438 0.458008 0.015625 0.029297
0 0.675000 0.447266 0.015625 0.019531
0 0.662500 0.447266 0.009375 0.015625
0 0.621094 0.452148 0.010937 0.029297
0 0.637500 0.453125 0.009375 0.035156
0 0.641406 0.454102 0.007812 0.037109
0 0.647656 0.454102 0.007812 0.033203
0 0.574219 0.440430 0.010937 0.033203
0 0.503125 0.457031 0.015625 0.023438
0 0.370312 0.441406 0.006250 0.023438
1 0.357031 0.468750 0.014063 0.023438
2 0.442969 0.431641 0.014063 0.011719
2 0.425000 0.432617 0.015625 0.013672
2 0.471875 0.432617 0.006250 0.009766
2 0.480469 0.432617 0.010937 0.013672
2 0.492969 0.435547 0.020313 0.023438
2 0.511719 0.446289 0.017188 0.025391
2 0.534375 0.448242 0.043750 0.037109
2 0.532813 0.558594 0.165625 0.183594
2 0.865625 0.666992 0.265625 0.287109
0 0.357031 0.452148 0.014063 0.037109
3 0.546094 0.460938 0.032813 0.019531
1 0.588281 0.458984 0.010937 0.031250
1 0.576562 0.461914 0.012500 0.021484
