11 0.925781 0.289062 0.026562 0.054688
11 0.490625 0.406250 0.009375 0.019531
0 0.282031 0.480469 0.014063 0.054688
0 0.310156 0.478516 0.014063 0.058594
0 0.327344 0.481445 0.017188 0.052734
0 0.415625 0.490234 0.040625 0.109375
0 0.453906 0.488281 0.032813 0.109375
0 0.807031 0.590820 0.132812 0.533203
2 0.096094 0.495117 0.154688 0.111328
2 0.051562 0.502930 0.103125 0.130859
2 0.210156 0.471680 0.039062 0.033203
2 0.254688 0.474609 0.037500 0.035156
2 0.289844 0.474609 0.054688 0.039062
2 0.357031 0.477539 0.042188 0.044922
2 0.414844 0.479492 0.070312 0.060547
2 0.471875 0.485352 0.071875 0.083984
2 0.557813 0.493164 0.162500 0.115234
2 0.591406 0.508789 0.092188 0.107422
2 0.637500 0.503906 0.068750 0.148438
2 0.777344 0.501953 0.285938 0.195312
2 0.926562 0.540039 0.143750 0.240234
2 0.150781 0.489258 0.079687 0.080078
