9 0.032031 0.329102 0.023438 0.080078
9 0.614844 0.488281 0.007812 0.023438
9 0.611719 0.538086 0.004687 0.013672
9 0.368750 0.470703 0.006250 0.019531
9 0.307031 0.454102 0.010937 0.033203
9 0.057031 0.335938 0.020313 0.078125
9 0.732031 0.509766 0.004687 0.015625
9 0.740625 0.507812 0.006250 0.015625
11 0.159375 0.291016 0.056250 0.066406
11 0.149219 0.334961 0.085938 0.056641
11 0.147656 0.385742 0.082812 0.064453
11 0.957031 0.484375 0.051562 0.089844
0 0.856250 0.584961 0.018750 0.072266
0 0.943750 0.588867 0.018750 0.076172
0 0.974219 0.583984 0.020313 0.066406
0 0.832812 0.559570 0.018750 0.025391
0 0.803125 0.557617 0.015625 0.025391
0 0.708594 0.549805 0.010937 0.017578
0 0.671094 0.556641 0.017188 0.019531
0 0.685156 0.556641 0.010937 0.027344
1 0.360938 0.565430 0.018750 0.037109
7 0.139844 0.527344 0.145313 0.097656
2 0.036719 0.551758 0.073438 0.068359
2 0.266406 0.545898 0.045312 0.041016
2 0.300781 0.546875 0.023438 0.035156
2 0.445312 0.649414 0.171875 0.185547
2 0.470313 0.543945 0.100000 0.119141
2 0.522656 0.576172 0.010937 0.050781
2 0.548438 0.563477 0.040625 0.044922
2 0.610156 0.583008 0.082812 0.076172
2 0.754687 0.591797 0.084375 0.070312
2 0.535156 0.550781 0.035937 0.039062
0 0.360938 0.548828 0.018750 0.046875
