11 0.308594 0.215820 0.057813 0.103516
11 0.666406 0.469727 0.014063 0.021484
0 0.246875 0.467773 0.018750 0.080078
0 0.282813 0.460938 0.021875 0.070312
1 0.583594 0.465820 0.007812 0.013672
2 0.435937 0.464844 0.040625 0.050781
2 0.461719 0.460938 0.042188 0.050781
2 0.507812 0.464844 0.068750 0.066406
2 0.549219 0.453125 0.032813 0.046875
2 0.689844 0.461914 0.145313 0.072266
2 0.972656 0.481445 0.051562 0.177734
2 0.887500 0.455078 0.137500 0.082031
2 0.795312 0.454102 0.081250 0.044922
0 0.583594 0.453125 0.010937 0.027344
78 0.532813 0.446289 0.093750 0.048828
