9 0.600000 0.325195 0.015625 0.044922
9 0.560937 0.247070 0.009375 0.052734
9 0.562500 0.310547 0.015625 0.078125
9 0.579688 0.318359 0.012500 0.042969
9 0.435937 0.376953 0.006250 0.023438
9 0.435937 0.409180 0.006250 0.013672
9 0.413281 0.382812 0.007812 0.031250
11 0.578906 0.378906 0.017188 0.019531
11 0.338281 0.358398 0.054688 0.013672
11 0.251563 0.330078 0.018750 0.027344
9 0.229687 0.333984 0.021875 0.035156
11 0.578125 0.232422 0.006250 0.035156
11 0.047656 0.399414 0.007812 0.025391
0 0.717187 0.469727 0.071875 0.220703
0 0.640625 0.472656 0.062500 0.234375
2 0.340625 0.512695 0.221875 0.251953
2 0.487500 0.460938 0.112500 0.070312
2 0.229687 0.469727 0.034375 0.056641
