11 0.788281 0.386719 0.032813 0.058594
0 0.455469 0.455078 0.010937 0.035156
0 0.528125 0.456055 0.006250 0.021484
0 0.522656 0.455078 0.004687 0.019531
0 0.517188 0.454102 0.003125 0.013672
0 0.511719 0.451172 0.004687 0.015625
0 0.507031 0.454102 0.004687 0.017578
2 0.898438 0.693359 0.200000 0.371094
2 0.894531 0.502930 0.132812 0.083984
2 0.980469 0.487305 0.035937 0.052734
2 0.726562 0.530273 0.162500 0.138672
2 0.657031 0.479492 0.045312 0.041016
2 0.619531 0.472656 0.039062 0.035156
2 0.578125 0.474609 0.050000 0.046875
2 0.539844 0.460938 0.023438 0.023438
2 0.490625 0.456055 0.025000 0.025391
2 0.402344 0.480469 0.114062 0.058594
2 0.385156 0.449219 0.035937 0.015625
2 0.420312 0.453125 0.034375 0.023438
2 0.441406 0.457031 0.014063 0.019531
2 0.449219 0.457031 0.007812 0.015625
2 0.463281 0.454102 0.010937 0.021484
2 0.472656 0.453125 0.010937 0.019531
2 0.112500 0.515625 0.175000 0.191406
2 0.044531 0.553711 0.089063 0.177734
