11 0.430469 0.419922 0.010937 0.011719
0 0.541406 0.479492 0.020313 0.056641
0 0.481250 0.448242 0.006250 0.017578
1 0.460156 0.482422 0.020313 0.039062
1 0.505469 0.483398 0.017188 0.037109
1 0.960156 0.491211 0.070312 0.056641
1 0.942969 0.493164 0.057813 0.052734
2 0.112500 0.582031 0.225000 0.164062
2 0.061719 0.493164 0.123438 0.087891
2 0.139063 0.477539 0.081250 0.048828
2 0.307812 0.512695 0.087500 0.083984
2 0.357031 0.488281 0.057813 0.058594
2 0.384375 0.481445 0.031250 0.052734
2 0.392969 0.470703 0.048438 0.058594
2 0.423438 0.464844 0.025000 0.039062
2 0.438281 0.462891 0.010937 0.027344
2 0.517969 0.458008 0.017188 0.029297
2 0.448437 0.460938 0.012500 0.027344
2 0.467969 0.453125 0.010937 0.019531
2 0.475781 0.452148 0.007812 0.017578
2 0.964844 0.851562 0.067187 0.273438
2 0.866406 0.692383 0.264062 0.287109
2 0.773438 0.572266 0.193750 0.191406
2 0.653125 0.501953 0.115625 0.117188
2 0.596094 0.503906 0.026562 0.062500
2 0.584375 0.481445 0.059375 0.048828
2 0.553906 0.457031 0.035937 0.027344
0 0.460156 0.465820 0.017188 0.060547
0 0.505469 0.466797 0.014063 0.058594
0 0.050000 0.441406 0.009375 0.015625
0 0.058594 0.440430 0.010937 0.013672
0 0.207031 0.449219 0.007812 0.015625
