9 0.889062 0.367188 0.012500 0.066406
9 0.829688 0.363281 0.015625 0.062500
9 0.573438 0.375977 0.012500 0.044922
9 0.364844 0.247070 0.014063 0.048828
9 0.201563 0.241211 0.015625 0.052734
11 0.230469 0.240234 0.017188 0.023438
11 0.565625 0.308594 0.025000 0.015625
11 0.653125 0.408203 0.012500 0.027344
0 0.053906 0.486328 0.010937 0.039062
0 0.039844 0.484375 0.010937 0.042969
1 0.569531 0.505859 0.051562 0.050781
2 0.466406 0.486328 0.039062 0.039062
2 0.440625 0.484375 0.021875 0.027344
2 0.379688 0.511719 0.106250 0.101562
2 0.313281 0.486328 0.054688 0.066406
0 0.571875 0.497070 0.021875 0.072266
