11 0.854688 0.466797 0.025000 0.019531
11 0.845313 0.428711 0.050000 0.056641
11 0.483594 0.424805 0.029687 0.021484
11 0.485938 0.439453 0.028125 0.015625
7 0.707031 0.473633 0.042188 0.060547
2 0.345313 0.577148 0.143750 0.115234
2 0.419531 0.531250 0.070312 0.058594
2 0.469531 0.515625 0.042188 0.042969
2 0.609375 0.500977 0.021875 0.029297
2 0.646875 0.527344 0.078125 0.082031
2 0.708594 0.493164 0.029687 0.033203
2 0.025781 0.634766 0.051562 0.093750
2 0.136719 0.535156 0.070312 0.031250
78 0.546875 0.496094 0.109375 0.113281
