9 0.885938 0.433594 0.018750 0.066406
9 0.899219 0.078125 0.045312 0.148438
9 0.285156 0.564453 0.017188 0.050781
9 0.322656 0.291992 0.026562 0.103516
9 0.867969 0.313477 0.026562 0.037109
9 0.196875 0.526367 0.009375 0.009766
0 0.793750 0.566406 0.009375 0.023438
0 0.775781 0.568359 0.010937 0.019531
0 0.732031 0.572266 0.007812 0.011719
0 0.364063 0.583984 0.015625 0.050781
0 0.310156 0.582031 0.023438 0.105469
0 0.325781 0.592773 0.017188 0.083984
0 0.406250 0.566406 0.012500 0.011719
0 0.421094 0.566406 0.004687 0.011719
0 0.425781 0.565430 0.004687 0.013672
0 0.605469 0.566406 0.007812 0.015625
2 0.446875 0.687500 0.234375 0.230469
2 0.517188 0.576172 0.115625 0.164062
2 0.062500 0.582031 0.118750 0.054688
