9 0.850000 0.267578 0.021875 0.062500
9 0.854688 0.343750 0.018750 0.027344
9 0.896875 0.344727 0.021875 0.025391
9 0.647656 0.290039 0.014063 0.052734
11 0.651563 0.339844 0.037500 0.015625
11 0.507031 0.369141 0.010937 0.015625
11 0.507031 0.387695 0.007812 0.013672
11 0.507812 0.399414 0.006250 0.009766
1 0.848437 0.459961 0.087500 0.064453
1 0.825000 0.460938 0.075000 0.058594
7 0.617188 0.417969 0.062500 0.078125
2 0.481250 0.433594 0.040625 0.046875
2 0.457031 0.431641 0.017188 0.027344
2 0.452344 0.416016 0.020313 0.019531
2 0.450000 0.409180 0.018750 0.021484
2 0.442188 0.401367 0.012500 0.017578
2 0.422656 0.395508 0.010937 0.013672
2 0.388281 0.398438 0.014063 0.015625
2 0.375781 0.431641 0.029687 0.050781
2 0.360156 0.436523 0.023438 0.052734
2 0.317969 0.439453 0.085938 0.093750
0 0.857031 0.432617 0.032813 0.099609
0 0.817969 0.435547 0.026562 0.089844
10 0.120313 0.462891 0.015625 0.050781
