11 0.378906 0.428711 0.007812 0.013672
11 0.642188 0.423828 0.009375 0.023438
0 0.969531 0.576172 0.057813 0.394531
0 0.883594 0.490234 0.042188 0.140625
0 0.653906 0.476562 0.026562 0.105469
0 0.603906 0.478516 0.029687 0.093750
0 0.620313 0.483398 0.037500 0.123047
0 0.530469 0.467773 0.029687 0.083984
0 0.477344 0.463867 0.017188 0.052734
0 0.322656 0.459961 0.010937 0.056641
0 0.345313 0.468750 0.012500 0.054688
2 0.495312 0.465820 0.025000 0.037109
2 0.455469 0.461914 0.026562 0.033203
2 0.389844 0.459961 0.045312 0.037109
2 0.262500 0.454102 0.046875 0.044922
2 0.138281 0.516602 0.276562 0.193359
2 0.740625 0.460938 0.209375 0.089844
78 0.461719 0.473633 0.017188 0.033203
