0 0.983594 0.480469 0.029687 0.132812
0 0.925781 0.469727 0.029687 0.087891
0 0.763281 0.507812 0.039062 0.105469
0 0.729688 0.495117 0.034375 0.095703
0 0.683594 0.500977 0.039062 0.072266
0 0.689844 0.494141 0.023438 0.082031
0 0.659375 0.482422 0.015625 0.054688
0 0.549219 0.475586 0.023438 0.068359
0 0.503906 0.473633 0.017188 0.076172
0 0.490625 0.472656 0.012500 0.054688
0 0.470313 0.470703 0.015625 0.054688
0 0.471875 0.469727 0.015625 0.052734
0 0.630469 0.488281 0.023438 0.066406
0 0.432031 0.493164 0.045312 0.130859
1 0.934375 0.560547 0.103125 0.175781
2 0.594531 0.473633 0.070312 0.048828
2 0.419531 0.470703 0.073438 0.082031
2 0.040625 0.478516 0.037500 0.054688
2 0.110156 0.479492 0.089063 0.064453
2 0.524219 0.470703 0.029687 0.031250
2 0.156250 0.467773 0.050000 0.044922
2 0.217969 0.455078 0.039062 0.023438
2 0.260937 0.455078 0.028125 0.019531
78 0.533594 0.486328 0.035937 0.046875
