5 0.367969 0.521484 0.014063 0.023438
9 0.178906 0.396484 0.020313 0.066406
9 0.578906 0.462891 0.007812 0.023438
9 0.782813 0.394531 0.018750 0.062500
11 0.174219 0.449219 0.029687 0.035156
11 0.803125 0.457031 0.037500 0.046875
11 0.801562 0.333008 0.040625 0.048828
11 0.022656 0.471680 0.026562 0.033203
11 0.021094 0.499023 0.020313 0.021484
0 0.009375 0.575195 0.018750 0.083984
0 0.030469 0.565430 0.029687 0.111328
0 0.045312 0.562500 0.025000 0.093750
0 0.023438 0.536133 0.018750 0.072266
0 0.087500 0.522461 0.018750 0.048828
0 0.072656 0.538086 0.014063 0.064453
0 0.102344 0.530273 0.017188 0.060547
0 0.121094 0.537109 0.014063 0.046875
0 0.144531 0.531250 0.017188 0.058594
0 0.325000 0.524414 0.009375 0.029297
0 0.948438 0.578125 0.037500 0.128906
0 0.925000 0.547852 0.028125 0.091797
0 0.882031 0.575195 0.035937 0.111328
0 0.857812 0.575195 0.025000 0.107422
0 0.707031 0.583984 0.045312 0.117188
0 0.730469 0.583984 0.054688 0.117188
0 0.229687 0.522461 0.015625 0.029297
0 0.466406 0.520508 0.007812 0.025391
0 0.474219 0.521484 0.007812 0.031250
0 0.482031 0.522461 0.007812 0.033203
0 0.489844 0.524414 0.007812 0.033203
0 0.497656 0.519531 0.007812 0.027344
0 0.523438 0.535156 0.012500 0.042969
0 0.572656 0.519531 0.010937 0.035156
0 0.581250 0.534180 0.009375 0.060547
0 0.593750 0.536133 0.009375 0.041016
0 0.601562 0.533203 0.009375 0.042969
0 0.654687 0.534180 0.015625 0.052734
0 0.639844 0.524414 0.010937 0.021484
0 0.754687 0.548828 0.018750 0.046875
0 0.767188 0.552734 0.018750 0.050781
0 0.738281 0.571289 0.032813 0.099609
0 0.061719 0.540039 0.014063 0.056641
0 0.132031 0.528320 0.007812 0.037109
0 0.449219 0.519531 0.007812 0.019531
1 0.191406 0.550781 0.017188 0.039062
1 0.946094 0.641602 0.098437 0.130859
2 0.259375 0.676758 0.278125 0.248047
2 0.450000 0.615234 0.156250 0.167969
2 0.349219 0.521484 0.020313 0.019531
0 0.192969 0.536133 0.017188 0.048828
