0 0.464062 0.388672 0.009375 0.031250
0 0.400000 0.382812 0.009375 0.035156
0 0.404687 0.382812 0.009375 0.035156
0 0.028125 0.344727 0.043750 0.083984
0 0.073438 0.377930 0.053125 0.189453
0 0.420312 0.383789 0.012500 0.033203
2 0.033594 0.463867 0.067187 0.244141
2 0.904687 0.472656 0.187500 0.183594
2 0.558594 0.426758 0.120313 0.119141
2 0.512500 0.396484 0.065625 0.082031
2 0.492188 0.385742 0.031250 0.060547
2 0.471875 0.390625 0.012500 0.027344
2 0.127344 0.395508 0.095312 0.107422
2 0.182031 0.391602 0.064062 0.087891
2 0.242188 0.385742 0.071875 0.064453
2 0.284375 0.384766 0.037500 0.058594
2 0.441406 0.388672 0.020313 0.023438
2 0.322656 0.382812 0.045312 0.046875
2 0.342969 0.381836 0.020313 0.044922
2 0.364063 0.383789 0.028125 0.037109
2 0.382812 0.385742 0.015625 0.025391
0 0.395313 0.387695 0.009375 0.025391
