9 0.893750 0.358398 0.025000 0.029297
9 0.889062 0.269531 0.021875 0.074219
9 0.179688 0.329102 0.018750 0.029297
9 0.187500 0.242188 0.021875 0.078125
11 0.913281 0.334961 0.060937 0.017578
11 0.727344 0.399414 0.010937 0.021484
11 0.317188 0.458984 0.012500 0.023438
0 0.644531 0.465820 0.067187 0.142578
0 0.625000 0.463867 0.040625 0.134766
0 0.283594 0.458008 0.020313 0.072266
0 0.267188 0.450195 0.009375 0.033203
0 0.219531 0.448242 0.010937 0.048828
0 0.012500 0.433594 0.025000 0.109375
0 0.031250 0.438477 0.046875 0.119141
1 0.153125 0.456055 0.043750 0.037109
1 0.125000 0.453125 0.046875 0.039062
1 0.091406 0.447266 0.048438 0.042969
2 0.948438 0.517578 0.100000 0.105469
2 0.692187 0.471680 0.100000 0.103516
2 0.593750 0.467773 0.043750 0.056641
2 0.575000 0.456055 0.043750 0.060547
2 0.530469 0.461914 0.064062 0.068359
2 0.474219 0.462891 0.029687 0.031250
2 0.495312 0.458008 0.015625 0.033203
2 0.411719 0.459961 0.014063 0.029297
2 0.392969 0.461914 0.023438 0.041016
2 0.375781 0.456055 0.023438 0.056641
2 0.354687 0.458984 0.050000 0.070312
2 0.331250 0.467773 0.071875 0.064453
11 0.317188 0.424805 0.012500 0.017578
