11 0.369531 0.381836 0.023438 0.029297
11 0.369531 0.402344 0.023438 0.011719
11 0.370312 0.414062 0.018750 0.011719
11 0.479687 0.407227 0.015625 0.029297
11 0.686719 0.411133 0.014063 0.017578
11 0.686719 0.425781 0.014063 0.007812
11 0.369531 0.465820 0.010937 0.005859
2 0.376563 0.454102 0.021875 0.017578
2 0.392188 0.454102 0.012500 0.017578
2 0.521094 0.450195 0.014063 0.017578
2 0.585156 0.454102 0.020313 0.021484
2 0.571875 0.451172 0.015625 0.019531
2 0.560937 0.452148 0.009375 0.017578
2 0.627344 0.454102 0.035937 0.037109
2 0.608594 0.456055 0.007812 0.025391
11 0.226562 0.414062 0.015625 0.015625
11 0.226562 0.426758 0.012500 0.009766
