11 0.513281 0.388672 0.017188 0.031250
0 0.185938 0.444336 0.021875 0.052734
0 0.287500 0.431641 0.012500 0.042969
0 0.244531 0.437500 0.014063 0.042969
0 0.264062 0.438477 0.015625 0.041016
2 0.948438 0.477539 0.100000 0.119141
2 0.732812 0.434570 0.081250 0.068359
2 0.628125 0.418945 0.056250 0.044922
2 0.530469 0.420898 0.042188 0.041016
2 0.550781 0.412109 0.035937 0.039062
2 0.481250 0.408203 0.021875 0.023438
2 0.450781 0.405273 0.020313 0.013672
2 0.331250 0.412109 0.015625 0.015625
2 0.373437 0.406250 0.021875 0.019531
2 0.360156 0.405273 0.017188 0.021484
