0 0.356250 0.476562 0.012500 0.070312
0 0.363281 0.475586 0.014063 0.068359
0 0.372656 0.470703 0.017188 0.074219
0 0.389062 0.473633 0.021875 0.072266
0 0.574219 0.481445 0.026562 0.095703
0 0.778125 0.484375 0.046875 0.074219
0 0.818750 0.520508 0.046875 0.169922
0 0.885938 0.515625 0.043750 0.156250
0 0.931250 0.486328 0.046875 0.093750
0 0.457813 0.452148 0.006250 0.021484
1 0.428906 0.491211 0.026562 0.048828
1 0.842187 0.551758 0.028125 0.099609
1 0.795312 0.544922 0.028125 0.074219
2 0.123438 0.463867 0.100000 0.048828
2 0.138281 0.527344 0.189062 0.148438
2 0.368750 0.474609 0.059375 0.062500
2 0.396094 0.470703 0.026562 0.050781
2 0.400781 0.447266 0.032813 0.027344
2 0.442188 0.450195 0.021875 0.021484
2 0.922656 0.677734 0.151562 0.433594
2 0.712500 0.541992 0.156250 0.142578
2 0.667969 0.508789 0.104688 0.119141
2 0.613281 0.491211 0.051562 0.076172
2 0.607812 0.478516 0.053125 0.074219
2 0.575000 0.464844 0.031250 0.042969
2 0.557813 0.462891 0.015625 0.031250
2 0.552344 0.457031 0.017188 0.027344
2 0.545312 0.455078 0.012500 0.023438
2 0.542188 0.452148 0.009375 0.017578
2 0.468750 0.448242 0.012500 0.017578
2 0.478125 0.447266 0.009375 0.011719
2 0.487500 0.450195 0.012500 0.013672
2 0.494531 0.449219 0.004687 0.011719
2 0.499219 0.448242 0.004687 0.009766
2 0.502344 0.447266 0.004687 0.007812
2 0.506250 0.445312 0.006250 0.007812
2 0.521094 0.454102 0.020313 0.021484
2 0.027344 0.460938 0.054688 0.113281
0 0.428906 0.472656 0.026562 0.066406
