9 0.044531 0.416992 0.010937 0.025391
9 0.057031 0.447266 0.010937 0.019531
9 0.215625 0.415039 0.009375 0.033203
9 0.217188 0.451172 0.012500 0.015625
9 0.618750 0.419922 0.009375 0.039062
9 0.615625 0.457031 0.012500 0.011719
9 0.837500 0.412109 0.015625 0.042969
9 0.907031 0.363281 0.042188 0.058594
11 0.215625 0.437500 0.021875 0.011719
11 0.620313 0.445312 0.021875 0.011719
0 0.203906 0.481445 0.010937 0.029297
0 0.214062 0.493164 0.009375 0.044922
0 0.328125 0.494141 0.012500 0.031250
0 0.353906 0.485352 0.004687 0.013672
0 0.367969 0.485352 0.004687 0.009766
0 0.386719 0.486328 0.004687 0.015625
0 0.403125 0.490234 0.006250 0.019531
0 0.422656 0.490234 0.007812 0.019531
0 0.433594 0.489258 0.004687 0.013672
0 0.591406 0.490234 0.004687 0.011719
0 0.596875 0.488281 0.003125 0.007812
0 0.600000 0.490234 0.003125 0.011719
0 0.640625 0.492188 0.009375 0.027344
0 0.628906 0.512695 0.017188 0.064453
0 0.653906 0.508789 0.020313 0.076172
2 0.541406 0.500000 0.023438 0.027344
2 0.525781 0.493164 0.010937 0.013672
2 0.509375 0.508789 0.028125 0.041016
2 0.481250 0.527344 0.068750 0.074219
