11 0.574219 0.377930 0.026562 0.033203
11 0.574219 0.397461 0.014063 0.005859
11 0.542188 0.411133 0.018750 0.005859
11 0.499219 0.417969 0.004687 0.011719
11 0.333594 0.430664 0.004687 0.013672
11 0.276562 0.420898 0.015625 0.021484
0 0.256250 0.456055 0.021875 0.048828
2 0.901563 0.580078 0.193750 0.363281
2 0.767188 0.537109 0.268750 0.242188
2 0.626563 0.507812 0.115625 0.148438
2 0.574219 0.490234 0.067187 0.105469
2 0.538281 0.481445 0.060937 0.091797
2 0.476562 0.463867 0.031250 0.033203
2 0.469531 0.454102 0.032813 0.033203
2 0.450781 0.446289 0.017188 0.021484
2 0.409375 0.440430 0.015625 0.021484
2 0.384375 0.456055 0.028125 0.029297
2 0.356250 0.458008 0.021875 0.021484
2 0.142187 0.526367 0.262500 0.220703
