5 0.431250 0.379883 0.090625 0.134766
5 0.546094 0.387695 0.051562 0.091797
5 0.773438 0.396484 0.028125 0.050781
9 0.846094 0.385742 0.007812 0.025391
9 0.778125 0.324219 0.006250 0.023438
9 0.555469 0.278320 0.007812 0.021484
9 0.878906 0.388672 0.007812 0.019531
9 0.659375 0.367188 0.006250 0.019531
9 0.681250 0.364258 0.006250 0.021484
9 0.990625 0.383789 0.009375 0.029297
9 0.941406 0.388672 0.004687 0.015625
7 0.483594 0.392578 0.035937 0.093750
2 0.122656 0.567383 0.245312 0.494141
2 0.697656 0.447266 0.114062 0.097656
2 0.628125 0.430664 0.065625 0.068359
2 0.535937 0.417969 0.056250 0.058594
2 0.610938 0.416016 0.046875 0.050781
2 0.607812 0.401367 0.037500 0.033203
2 0.785156 0.417969 0.023438 0.023438
2 0.980469 0.434570 0.035937 0.025391
2 0.970313 0.430664 0.037500 0.029297
2 0.968750 0.615234 0.059375 0.253906
2 0.730469 0.395508 0.017188 0.009766
