11 0.642969 0.373047 0.014063 0.027344
11 0.642969 0.393555 0.014063 0.013672
11 0.582812 0.409180 0.018750 0.025391
11 0.540625 0.429688 0.009375 0.007812
11 0.564844 0.409180 0.017188 0.005859
11 0.667188 0.421875 0.009375 0.011719
11 0.518750 0.437500 0.006250 0.011719
0 0.783594 0.470703 0.017188 0.070312
0 0.755469 0.471680 0.020313 0.076172
0 0.725781 0.467773 0.020313 0.064453
1 0.628125 0.472656 0.012500 0.027344
1 0.509375 0.465820 0.009375 0.021484
2 0.466406 0.476562 0.064062 0.062500
2 0.614062 0.464844 0.075000 0.042969
0 0.617188 0.460938 0.009375 0.039062
0 0.628125 0.458984 0.009375 0.042969
0 0.509375 0.456055 0.006250 0.033203
78 0.615625 0.483398 0.006250 0.005859
