0 0.813281 0.542969 0.054688 0.195312
1 0.177344 0.544922 0.045312 0.085938
1 0.219531 0.550781 0.054688 0.078125
1 0.310937 0.536133 0.053125 0.099609
1 0.425781 0.538086 0.104688 0.087891
2 0.615625 0.503906 0.106250 0.097656
2 0.703125 0.527344 0.175000 0.117188
2 0.843750 0.504883 0.153125 0.095703
2 0.925781 0.496094 0.129688 0.093750
2 0.978125 0.518555 0.040625 0.080078
11 0.558594 0.291016 0.007812 0.039062
11 0.554688 0.335938 0.018750 0.015625
0 0.033594 0.360352 0.014063 0.021484
0 0.017188 0.358398 0.012500 0.017578
0 0.099219 0.566406 0.023438 0.027344
0 0.139844 0.549805 0.020313 0.021484
