5 0.088281 0.430664 0.176563 0.193359
9 0.909375 0.277344 0.021875 0.078125
9 0.694531 0.304688 0.014063 0.066406
9 0.693750 0.378906 0.018750 0.023438
9 0.382812 0.124023 0.015625 0.068359
11 0.682031 0.351562 0.045312 0.023438
11 0.542969 0.408203 0.017188 0.023438
11 0.368750 0.471680 0.021875 0.005859
11 0.401562 0.477539 0.006250 0.009766
0 0.758594 0.468750 0.026562 0.113281
0 0.663281 0.470703 0.020313 0.093750
0 0.631250 0.472656 0.028125 0.093750
1 0.438281 0.502930 0.017188 0.037109
2 0.794531 0.452148 0.101562 0.044922
2 0.762500 0.447266 0.068750 0.050781
0 0.438281 0.491211 0.014063 0.048828
