0 0.918750 0.556641 0.046875 0.132812
0 0.982031 0.550781 0.029687 0.109375
0 0.667188 0.490234 0.018750 0.070312
0 0.628125 0.474609 0.012500 0.050781
0 0.606250 0.475586 0.006250 0.029297
0 0.496094 0.462891 0.004687 0.015625
0 0.532031 0.464844 0.004687 0.011719
0 0.271094 0.471680 0.010937 0.044922
0 0.292969 0.472656 0.010937 0.046875
0 0.315625 0.465820 0.009375 0.044922
0 0.326562 0.465820 0.009375 0.044922
0 0.253906 0.458008 0.010937 0.044922
0 0.305469 0.460938 0.007812 0.039062
0 0.453906 0.466797 0.004687 0.015625
0 0.335938 0.457031 0.006250 0.011719
1 0.641406 0.555664 0.026562 0.080078
1 0.730469 0.517578 0.026562 0.062500
2 0.546875 0.473633 0.034375 0.021484
2 0.471875 0.471680 0.021875 0.021484
2 0.460156 0.465820 0.014063 0.017578
2 0.445312 0.467773 0.012500 0.017578
2 0.407813 0.484375 0.065625 0.058594
2 0.192188 0.467773 0.068750 0.037109
2 0.143750 0.471680 0.040625 0.044922
2 0.089063 0.469727 0.078125 0.056641
2 0.042969 0.462891 0.051562 0.046875
2 0.038281 0.529297 0.076563 0.117188
2 0.010937 0.458008 0.021875 0.029297
0 0.642969 0.508789 0.039062 0.134766
