11 0.300781 0.333008 0.039062 0.048828
11 0.300781 0.372070 0.045312 0.025391
0 0.346094 0.505859 0.023438 0.089844
0 0.357812 0.511719 0.025000 0.101562
0 0.442969 0.506836 0.017188 0.072266
0 0.476562 0.489258 0.018750 0.064453
0 0.498437 0.488281 0.015625 0.058594
0 0.512500 0.488281 0.015625 0.054688
0 0.530469 0.488281 0.020313 0.054688
0 0.555469 0.469727 0.017188 0.025391
0 0.431250 0.494141 0.012500 0.054688
2 0.878125 0.519531 0.131250 0.125000
2 0.826562 0.462891 0.053125 0.074219
2 0.577344 0.533203 0.117188 0.109375
2 0.664062 0.473633 0.025000 0.029297
2 0.717187 0.462891 0.012500 0.019531
2 0.696875 0.459961 0.025000 0.009766
2 0.690625 0.497070 0.065625 0.064453
