5 0.535156 0.434570 0.142187 0.146484
9 0.292187 0.418945 0.009375 0.025391
9 0.242188 0.402344 0.006250 0.023438
9 0.248438 0.438477 0.006250 0.009766
9 0.218750 0.417969 0.009375 0.027344
9 0.186719 0.409180 0.010937 0.025391
9 0.219531 0.442383 0.007812 0.013672
11 0.294531 0.396484 0.023438 0.011719
11 0.285156 0.434570 0.014063 0.005859
11 0.828125 0.416992 0.018750 0.048828
1 0.682813 0.589844 0.078125 0.183594
2 0.041406 0.526367 0.082812 0.115234
2 0.157812 0.511719 0.190625 0.179688
2 0.243750 0.496094 0.034375 0.050781
2 0.303906 0.480469 0.067187 0.085938
2 0.395313 0.500977 0.162500 0.189453
2 0.542969 0.484375 0.104688 0.113281
0 0.689063 0.523438 0.103125 0.265625
11 0.829688 0.456055 0.009375 0.021484
