0 0.713281 0.460938 0.010937 0.039062
0 0.693750 0.461914 0.012500 0.044922
0 0.421094 0.445312 0.004687 0.019531
0 0.417187 0.454102 0.006250 0.025391
0 0.412500 0.443359 0.006250 0.019531
0 0.340625 0.452148 0.009375 0.029297
0 0.330469 0.452148 0.010937 0.033203
0 0.615625 0.446289 0.009375 0.013672
0 0.467969 0.442383 0.004687 0.009766
0 0.446875 0.440430 0.006250 0.009766
1 0.371875 0.475586 0.015625 0.037109
1 0.242969 0.466797 0.020313 0.015625
2 0.944531 0.663086 0.107813 0.189453
2 0.780469 0.550781 0.170313 0.125000
2 0.766406 0.453125 0.035937 0.019531
2 0.733594 0.449219 0.032813 0.019531
2 0.603125 0.475586 0.046875 0.048828
2 0.570312 0.464844 0.025000 0.031250
2 0.561719 0.460938 0.026562 0.031250
2 0.542188 0.449219 0.015625 0.019531
2 0.531250 0.445312 0.012500 0.015625
2 0.520312 0.445312 0.009375 0.011719
2 0.489844 0.481445 0.104688 0.068359
2 0.496094 0.444336 0.007812 0.005859
2 0.487500 0.444336 0.006250 0.005859
2 0.440625 0.460938 0.034375 0.031250
2 0.982812 0.485352 0.031250 0.033203
0 0.371875 0.461914 0.015625 0.048828
10 0.319531 0.481445 0.010937 0.025391
