9 0.613281 0.349609 0.007812 0.023438
9 0.666406 0.384766 0.007812 0.027344
9 0.665625 0.426758 0.009375 0.009766
9 0.885938 0.295898 0.009375 0.029297
9 0.920312 0.291992 0.009375 0.029297
9 0.855469 0.409180 0.007812 0.025391
9 0.354687 0.404297 0.009375 0.035156
9 0.352344 0.433594 0.007812 0.007812
9 0.167187 0.228516 0.018750 0.070312
9 0.111719 0.296875 0.007812 0.027344
11 0.914844 0.172852 0.114062 0.052734
11 0.910156 0.073242 0.176563 0.146484
10 0.937500 0.515625 0.015625 0.050781
2 0.588281 0.456055 0.010937 0.013672
2 0.595313 0.449219 0.006250 0.007812
0 0.483594 0.454102 0.004687 0.017578
0 0.546094 0.453125 0.004687 0.015625
11 0.961719 0.352539 0.045312 0.044922
