0 0.467969 0.450195 0.010937 0.033203
0 0.648438 0.457031 0.021875 0.042969
1 0.522656 0.458984 0.007812 0.019531
2 0.146094 0.575195 0.185938 0.150391
2 0.239063 0.526367 0.115625 0.119141
2 0.839844 0.485352 0.089063 0.072266
2 0.758594 0.464844 0.092188 0.035156
2 0.878906 0.450195 0.057813 0.056641
2 0.729688 0.546875 0.175000 0.171875
2 0.615625 0.490234 0.071875 0.070312
2 0.574219 0.464844 0.051562 0.050781
2 0.549219 0.450195 0.032813 0.037109
2 0.532813 0.444336 0.009375 0.025391
2 0.550000 0.460938 0.015625 0.027344
2 0.548438 0.457031 0.018750 0.027344
2 0.526563 0.437500 0.009375 0.011719
2 0.507812 0.440430 0.018750 0.017578
2 0.517969 0.438477 0.007812 0.017578
2 0.490625 0.451172 0.025000 0.023438
2 0.439844 0.454102 0.029687 0.033203
2 0.453906 0.450195 0.014063 0.029297
2 0.460156 0.449219 0.010937 0.023438
2 0.474219 0.446289 0.007812 0.017578
2 0.476562 0.442383 0.009375 0.013672
2 0.394531 0.473633 0.042188 0.044922
2 0.413281 0.465820 0.023438 0.037109
2 0.422656 0.464844 0.017188 0.035156
2 0.430469 0.463867 0.017188 0.033203
0 0.522656 0.450195 0.007812 0.025391
