0 0.600781 0.485352 0.029687 0.123047
0 0.572656 0.489258 0.042188 0.119141
0 0.524219 0.458008 0.023438 0.056641
0 0.502344 0.460938 0.023438 0.054688
0 0.487500 0.462891 0.015625 0.062500
0 0.410156 0.496094 0.035937 0.089844
0 0.355469 0.494141 0.042188 0.093750
0 0.340625 0.482422 0.031250 0.066406
0 0.307812 0.493164 0.034375 0.091797
0 0.279687 0.470703 0.018750 0.058594
0 0.253906 0.476562 0.042188 0.125000
0 0.217188 0.485352 0.018750 0.087891
0 0.203906 0.457031 0.014063 0.035156
0 0.189844 0.478516 0.026562 0.109375
0 0.162500 0.475586 0.037500 0.119141
0 0.118750 0.463867 0.015625 0.060547
0 0.103906 0.465820 0.014063 0.056641
0 0.091406 0.472656 0.010937 0.042969
0 0.034375 0.452148 0.021875 0.037109
