5 0.459375 0.503906 0.018750 0.019531
5 0.530469 0.500977 0.020313 0.021484
11 0.932813 0.412109 0.031250 0.035156
11 0.935937 0.437500 0.025000 0.011719
11 0.935937 0.452148 0.021875 0.013672
11 0.935156 0.463867 0.017188 0.009766
0 0.982812 0.542969 0.028125 0.089844
0 0.957031 0.546875 0.026562 0.093750
0 0.911719 0.513672 0.014063 0.031250
0 0.885156 0.548828 0.010937 0.046875
0 0.876563 0.546875 0.015625 0.054688
0 0.861719 0.547852 0.026562 0.072266
0 0.726562 0.521484 0.009375 0.039062
0 0.817187 0.521484 0.006250 0.031250
0 0.267969 0.531250 0.017188 0.050781
0 0.741406 0.527344 0.010937 0.042969
0 0.756250 0.525391 0.009375 0.039062
3 0.134375 0.581055 0.034375 0.072266
3 0.277344 0.611328 0.054688 0.125000
3 0.905469 0.700195 0.170313 0.228516
2 0.579688 0.523438 0.015625 0.027344
2 0.557813 0.526367 0.021875 0.029297
2 0.546094 0.533203 0.032813 0.035156
2 0.509375 0.538086 0.050000 0.048828
2 0.404687 0.528320 0.034375 0.033203
2 0.378906 0.527344 0.042188 0.039062
2 0.332813 0.534180 0.034375 0.033203
2 0.303125 0.532227 0.031250 0.037109
2 0.230469 0.543945 0.032813 0.033203
2 0.185156 0.550781 0.067187 0.058594
2 0.593750 0.526367 0.021875 0.033203
2 0.626563 0.536133 0.062500 0.060547
2 0.675781 0.550781 0.073438 0.070312
2 0.051562 0.572266 0.103125 0.074219
2 0.471094 0.588867 0.129688 0.142578
2 0.278906 0.510742 0.054688 0.025391
2 0.444531 0.514648 0.017188 0.009766
2 0.544531 0.509766 0.017188 0.011719
2 0.528125 0.506836 0.009375 0.009766
2 0.510156 0.505859 0.010937 0.011719
2 0.490625 0.506836 0.009375 0.009766
2 0.482031 0.502930 0.010937 0.013672
2 0.496094 0.501953 0.010937 0.011719
2 0.338281 0.509766 0.023438 0.019531
0 0.890625 0.632812 0.100000 0.214844
0 0.278125 0.576172 0.043750 0.113281
0 0.132031 0.557617 0.032813 0.083984
