9 0.653125 0.510742 0.006250 0.017578
11 0.834375 0.489258 0.031250 0.017578
11 0.832031 0.469727 0.035937 0.017578
11 0.830469 0.426758 0.048438 0.056641
11 0.775000 0.478516 0.043750 0.015625
11 0.773438 0.437500 0.050000 0.058594
0 0.846094 0.582031 0.020313 0.082031
0 0.557813 0.558594 0.012500 0.042969
0 0.547656 0.560547 0.014063 0.039062
0 0.535937 0.557617 0.015625 0.041016
0 0.599219 0.566406 0.023438 0.046875
0 0.858594 0.556641 0.010937 0.035156
1 0.071094 0.661133 0.142187 0.146484
1 0.242969 0.635742 0.123438 0.107422
2 0.929688 0.734375 0.137500 0.199219
2 0.044531 0.625000 0.089063 0.144531
2 0.185938 0.614258 0.128125 0.095703
2 0.727344 0.534180 0.020313 0.021484
2 0.748437 0.527344 0.015625 0.015625
2 0.758594 0.523438 0.014063 0.019531
0 0.250000 0.615234 0.059375 0.128906
0 0.094531 0.620117 0.067187 0.138672
78 0.593750 0.575195 0.031250 0.052734
