11 0.818750 0.393555 0.034375 0.029297
11 0.698438 0.409180 0.021875 0.013672
11 0.685156 0.414062 0.004687 0.007812
11 0.642969 0.385742 0.039062 0.013672
11 0.585156 0.411133 0.007812 0.013672
11 0.566406 0.409180 0.004687 0.005859
11 0.560156 0.410156 0.004687 0.003906
11 0.505469 0.410156 0.004687 0.007812
11 0.496875 0.413086 0.003125 0.005859
11 0.486719 0.414062 0.004687 0.007812
2 0.846875 0.452148 0.106250 0.080078
2 0.710938 0.437500 0.040625 0.031250
2 0.550000 0.422852 0.009375 0.013672
2 0.539844 0.423828 0.014063 0.015625
2 0.529687 0.417969 0.006250 0.007812
2 0.524219 0.416992 0.007812 0.009766
