9 0.449219 0.442383 0.007812 0.025391
9 0.488281 0.467773 0.007812 0.017578
9 0.564063 0.467773 0.009375 0.021484
11 0.734375 0.421875 0.021875 0.027344
11 0.734375 0.448242 0.021875 0.025391
11 0.734375 0.468750 0.018750 0.015625
11 0.633594 0.502930 0.007812 0.009766
0 0.140625 0.528320 0.031250 0.064453
0 0.642188 0.538086 0.021875 0.068359
0 0.788281 0.506836 0.023438 0.076172
0 0.808594 0.512695 0.017188 0.064453
0 0.668750 0.543945 0.012500 0.029297
1 0.588281 0.534180 0.020313 0.044922
1 0.707031 0.548828 0.042188 0.085938
1 0.889062 0.603516 0.081250 0.148438
2 0.622656 0.542969 0.032813 0.035156
2 0.549219 0.534180 0.029687 0.044922
2 0.513281 0.524414 0.060937 0.064453
2 0.402344 0.537109 0.173437 0.160156
0 0.589844 0.514648 0.020313 0.064453
0 0.707812 0.506836 0.040625 0.130859
0 0.887500 0.541016 0.075000 0.230469
