11 0.050781 0.313477 0.035937 0.052734
11 0.050781 0.351562 0.032813 0.019531
11 0.790625 0.345703 0.037500 0.050781
11 0.841406 0.347656 0.039062 0.050781
0 0.036719 0.436523 0.029687 0.083984
0 0.277344 0.476562 0.029687 0.085938
0 0.256250 0.476562 0.018750 0.097656
0 0.235156 0.459961 0.023438 0.048828
2 0.059375 0.451172 0.118750 0.058594
2 0.124219 0.500000 0.248438 0.132812
2 0.322656 0.474609 0.073438 0.062500
2 0.342187 0.466797 0.059375 0.062500
2 0.391406 0.467773 0.067187 0.072266
2 0.550781 0.529297 0.332813 0.351562
2 0.766406 0.488281 0.170313 0.097656
2 0.728906 0.440430 0.110937 0.041016
