2 0.489844 0.528320 0.017188 0.017578
2 0.478125 0.533203 0.018750 0.019531
2 0.471094 0.523438 0.010937 0.011719
2 0.459375 0.534180 0.015625 0.017578
2 0.439063 0.533203 0.018750 0.015625
2 0.406250 0.521484 0.037500 0.039062
2 0.382031 0.531250 0.020313 0.027344
2 0.357031 0.523438 0.023438 0.050781
2 0.326562 0.512695 0.043750 0.080078
2 0.275781 0.518555 0.092188 0.099609
2 0.187500 0.538086 0.134375 0.107422
2 0.677344 0.579102 0.142187 0.138672
2 0.605469 0.547852 0.070312 0.080078
2 0.587500 0.536133 0.065625 0.080078
2 0.549219 0.539062 0.020313 0.031250
2 0.541406 0.533203 0.026562 0.035156
2 0.525781 0.532227 0.010937 0.013672
2 0.976562 0.833984 0.043750 0.328125
