9 0.053125 0.325195 0.015625 0.056641
9 0.662500 0.342773 0.015625 0.048828
9 0.661719 0.386719 0.017188 0.023438
11 0.142187 0.378906 0.015625 0.027344
0 0.184375 0.466797 0.009375 0.042969
0 0.147656 0.463867 0.007812 0.029297
0 0.102344 0.470703 0.007812 0.027344
0 0.302344 0.470703 0.032813 0.128906
0 0.282813 0.464844 0.009375 0.039062
0 0.275781 0.464844 0.007812 0.035156
0 0.257812 0.464844 0.009375 0.039062
0 0.459375 0.479492 0.046875 0.115234
0 0.746094 0.549805 0.176563 0.439453
0 0.933594 0.576172 0.129688 0.523438
0 0.164062 0.458008 0.012500 0.033203
1 0.904687 0.477539 0.031250 0.056641
2 0.432031 0.467773 0.035937 0.056641
2 0.408594 0.459961 0.017188 0.017578
0 0.858594 0.470703 0.017188 0.046875
0 0.843750 0.472656 0.015625 0.050781
