11 0.483594 0.441406 0.004687 0.007812
11 0.566406 0.416992 0.007812 0.013672
11 0.589844 0.390625 0.029687 0.007812
11 0.675000 0.310547 0.046875 0.054688
11 0.674219 0.353516 0.045312 0.027344
11 0.278125 0.413086 0.012500 0.029297
11 0.381250 0.439453 0.009375 0.011719
0 0.846875 0.454102 0.031250 0.107422
2 0.943750 0.459961 0.109375 0.064453
2 0.704688 0.458984 0.065625 0.062500
2 0.614062 0.467773 0.146875 0.068359
2 0.288281 0.470703 0.064062 0.070312
2 0.342969 0.466797 0.029687 0.027344
2 0.462500 0.462891 0.037500 0.035156
2 0.378906 0.464844 0.020313 0.023438
2 0.414062 0.458984 0.018750 0.019531
2 0.439844 0.458984 0.007812 0.011719
