9 0.179688 0.400391 0.009375 0.031250
9 0.613281 0.389648 0.007812 0.029297
9 0.914844 0.333008 0.048438 0.060547
9 0.849219 0.411133 0.014063 0.017578
11 0.183594 0.436523 0.017188 0.029297
11 0.607812 0.428711 0.015625 0.029297
11 0.915625 0.243164 0.046875 0.103516
0 0.179688 0.504883 0.028125 0.138672
0 0.160938 0.507812 0.053125 0.148438
0 0.271875 0.489258 0.009375 0.037109
0 0.817969 0.471680 0.023438 0.072266
0 0.973437 0.475586 0.050000 0.154297
0 0.965625 0.465820 0.046875 0.146484
2 0.317188 0.490234 0.037500 0.042969
2 0.474219 0.511719 0.282813 0.320312
10 0.907813 0.507812 0.018750 0.066406
