0 0.052344 0.482422 0.026562 0.085938
0 0.072656 0.474609 0.023438 0.078125
0 0.217188 0.471680 0.015625 0.064453
0 0.684375 0.471680 0.025000 0.083984
0 0.358594 0.458008 0.010937 0.033203
0 0.396875 0.457031 0.006250 0.023438
1 0.028906 0.502930 0.057813 0.056641
1 0.141406 0.498047 0.057813 0.042969
2 0.280469 0.478516 0.073438 0.082031
2 0.421094 0.464844 0.029687 0.027344
2 0.429688 0.459961 0.028125 0.033203
2 0.455469 0.460938 0.017188 0.023438
2 0.442969 0.459961 0.014063 0.029297
2 0.493750 0.458984 0.025000 0.023438
2 0.518750 0.455078 0.009375 0.007812
2 0.548438 0.453125 0.009375 0.011719
10 0.635156 0.486328 0.014063 0.035156
