5 0.204687 0.530273 0.153125 0.095703
11 0.814063 0.474609 0.021875 0.042969
11 0.710938 0.444336 0.050000 0.013672
0 0.959375 0.532227 0.021875 0.044922
0 0.603906 0.555664 0.020313 0.076172
0 0.617969 0.555664 0.017188 0.068359
0 0.771875 0.535156 0.015625 0.054688
0 0.706250 0.539062 0.009375 0.042969
0 0.717187 0.540039 0.015625 0.048828
0 0.663281 0.539062 0.014063 0.050781
0 0.675000 0.535156 0.009375 0.046875
0 0.685156 0.535156 0.014063 0.046875
2 0.444531 0.567383 0.070312 0.080078
2 0.356250 0.547852 0.056250 0.048828
2 0.191406 0.570312 0.101562 0.062500
2 0.084375 0.571289 0.106250 0.060547
2 0.392188 0.543945 0.037500 0.044922
2 0.308594 0.545898 0.039062 0.041016
