9 0.065625 0.166016 0.021875 0.050781
11 0.050000 0.260742 0.028125 0.029297
0 0.150000 0.370117 0.028125 0.091797
0 0.300000 0.397461 0.028125 0.107422
0 0.314844 0.383789 0.023438 0.072266
0 0.467969 0.376953 0.010937 0.035156
0 0.546094 0.396484 0.017188 0.058594
0 0.581250 0.396484 0.015625 0.062500
0 0.570312 0.396484 0.018750 0.054688
0 0.564844 0.391602 0.014063 0.060547
0 0.594531 0.395508 0.014063 0.056641
0 0.616406 0.394531 0.014063 0.058594
0 0.939844 0.399414 0.007812 0.029297
0 0.928125 0.398438 0.006250 0.023438
1 0.350000 0.569336 0.078125 0.228516
7 0.779687 0.382812 0.059375 0.082031
7 0.823438 0.380859 0.037500 0.070312
2 0.460156 0.424805 0.189062 0.099609
2 0.689063 0.392578 0.137500 0.128906
2 0.989062 0.416992 0.018750 0.041016
2 0.867188 0.413086 0.075000 0.091797
2 0.911719 0.416992 0.020313 0.044922
2 0.963281 0.406250 0.035937 0.035156
0 0.347656 0.472656 0.107813 0.304688
