5 0.665625 0.376953 0.053125 0.101562
9 0.376563 0.310547 0.018750 0.042969
9 0.462500 0.346680 0.006250 0.017578
9 0.610156 0.349609 0.010937 0.027344
9 0.688281 0.320312 0.017188 0.046875
9 0.978906 0.359375 0.014063 0.035156
9 0.909375 0.348633 0.009375 0.025391
11 0.467187 0.307617 0.015625 0.029297
11 0.350000 0.291992 0.015625 0.021484
11 0.515625 0.357422 0.018750 0.007812
11 0.978125 0.259766 0.040625 0.101562
0 0.470313 0.397461 0.009375 0.041016
7 0.720313 0.375977 0.050000 0.041016
7 0.778125 0.397461 0.178125 0.111328
7 0.921094 0.413086 0.154688 0.111328
2 0.529687 0.408203 0.059375 0.050781
2 0.314063 0.400391 0.071875 0.058594
2 0.607812 0.434570 0.103125 0.111328
0 0.271875 0.513672 0.143750 0.328125
0 0.389062 0.408203 0.025000 0.078125
0 0.455469 0.408203 0.023438 0.078125
