9 0.221094 0.322266 0.014063 0.050781
9 0.528906 0.180664 0.017188 0.056641
9 0.723437 0.321289 0.015625 0.056641
11 0.188281 0.388672 0.026562 0.042969
0 0.700781 0.465820 0.010937 0.033203
0 0.664062 0.460938 0.012500 0.046875
0 0.653125 0.458008 0.012500 0.048828
0 0.644531 0.458008 0.010937 0.048828
0 0.625000 0.455078 0.009375 0.031250
0 0.408594 0.449219 0.007812 0.027344
0 0.424219 0.449219 0.007812 0.035156
0 0.374219 0.442383 0.007812 0.013672
0 0.438281 0.447266 0.004687 0.019531
0 0.448437 0.452148 0.009375 0.025391
1 0.925000 0.514648 0.100000 0.087891
2 0.336719 0.464844 0.079687 0.070312
2 0.295312 0.459961 0.028125 0.052734
2 0.386719 0.469727 0.026562 0.044922
2 0.482031 0.464844 0.054688 0.050781
2 0.535937 0.453125 0.018750 0.019531
2 0.514844 0.450195 0.014063 0.013672
2 0.523438 0.449219 0.012500 0.015625
2 0.550781 0.449219 0.014063 0.011719
0 0.930469 0.487305 0.048438 0.115234
1 0.685937 0.482422 0.031250 0.039062
9 0.720313 0.384766 0.018750 0.023438
9 0.234375 0.323242 0.009375 0.041016
