0 0.301563 0.453125 0.012500 0.035156
0 0.461719 0.451172 0.007812 0.027344
0 0.519531 0.439453 0.004687 0.015625
3 0.717187 0.549805 0.125000 0.107422
2 0.592969 0.442383 0.026562 0.017578
2 0.621094 0.441406 0.029687 0.023438
2 0.636719 0.445312 0.026562 0.015625
2 0.657031 0.445312 0.039062 0.015625
2 0.724219 0.465820 0.070312 0.037109
2 0.968750 0.469727 0.059375 0.048828
2 0.972656 0.531250 0.051562 0.085938
2 0.896875 0.466797 0.106250 0.027344
2 0.821094 0.465820 0.057813 0.029297
2 0.772656 0.472656 0.079687 0.027344
2 0.503906 0.436523 0.010937 0.009766
2 0.510938 0.435547 0.006250 0.007812
2 0.521094 0.434570 0.007812 0.009766
2 0.529687 0.441406 0.012500 0.015625
2 0.539844 0.438477 0.007812 0.017578
2 0.565625 0.465820 0.028125 0.037109
2 0.596875 0.483398 0.056250 0.060547
2 0.646875 0.510742 0.093750 0.087891
2 0.478125 0.437500 0.009375 0.011719
2 0.470313 0.442383 0.012500 0.013672
2 0.456250 0.445312 0.012500 0.015625
2 0.444531 0.449219 0.020313 0.023438
2 0.431250 0.455078 0.021875 0.027344
2 0.417187 0.462891 0.031250 0.039062
2 0.407813 0.471680 0.025000 0.041016
2 0.378906 0.470703 0.051562 0.058594
2 0.364844 0.487305 0.039062 0.060547
2 0.334375 0.495117 0.078125 0.064453
2 0.317969 0.510742 0.067187 0.064453
2 0.252344 0.532227 0.089063 0.103516
2 0.160156 0.564453 0.167187 0.152344
0 0.469531 0.446289 0.007812 0.017578
0 0.525781 0.445312 0.007812 0.019531
