5 0.515625 0.448242 0.062500 0.080078
5 0.845313 0.398438 0.306250 0.105469
5 0.433594 0.447266 0.098437 0.023438
5 0.635938 0.428711 0.090625 0.037109
0 0.023438 0.500000 0.021875 0.078125
0 0.042969 0.500000 0.020313 0.074219
0 0.128125 0.499023 0.015625 0.044922
0 0.744531 0.474609 0.042188 0.136719
0 0.709375 0.474609 0.037500 0.125000
0 0.667188 0.441406 0.009375 0.035156
0 0.549219 0.459961 0.010937 0.041016
0 0.559375 0.458008 0.009375 0.041016
0 0.571875 0.457031 0.009375 0.039062
0 0.609375 0.465820 0.018750 0.064453
0 0.579688 0.458008 0.012500 0.044922
0 0.589844 0.458008 0.017188 0.044922
0 0.599219 0.456055 0.010937 0.048828
0 0.628125 0.450195 0.012500 0.048828
2 0.950000 0.486328 0.096875 0.109375
2 0.909375 0.452148 0.178125 0.138672
2 0.851562 0.447266 0.146875 0.101562
2 0.648438 0.446289 0.018750 0.021484
2 0.433594 0.503906 0.154688 0.097656
0 0.112500 0.497070 0.021875 0.044922
