9 0.339062 0.395508 0.009375 0.037109
9 0.431250 0.335938 0.012500 0.031250
9 0.441406 0.368164 0.007812 0.021484
9 0.527344 0.398438 0.010937 0.031250
11 0.771094 0.405273 0.010937 0.021484
0 0.221875 0.453125 0.012500 0.035156
0 0.550000 0.473633 0.025000 0.095703
0 0.596094 0.466797 0.014063 0.046875
0 0.610938 0.464844 0.012500 0.046875
0 0.922656 0.468750 0.042188 0.140625
1 0.028125 0.536133 0.056250 0.123047
1 0.137500 0.497070 0.031250 0.056641
1 0.178125 0.504883 0.021875 0.072266
1 0.327344 0.469727 0.014063 0.033203
1 0.265625 0.489258 0.028125 0.052734
1 0.200000 0.490234 0.028125 0.066406
1 0.223438 0.493164 0.025000 0.056641
1 0.497656 0.502930 0.026562 0.060547
1 0.553125 0.497070 0.028125 0.076172
1 0.582031 0.477539 0.020313 0.044922
1 0.661719 0.493164 0.023438 0.068359
1 0.686719 0.494141 0.020313 0.070312
1 0.739844 0.515625 0.045312 0.097656
1 0.777344 0.509766 0.045312 0.125000
1 0.947656 0.623047 0.101562 0.210938
1 0.878125 0.500977 0.034375 0.091797
2 0.457813 0.470703 0.059375 0.027344
2 0.418750 0.465820 0.012500 0.013672
2 0.407031 0.466797 0.010937 0.011719
0 0.499219 0.479492 0.035937 0.087891
0 0.947656 0.538086 0.101562 0.333984
