11 0.814063 0.375977 0.056250 0.037109
11 0.814063 0.322266 0.056250 0.070312
11 0.250000 0.390625 0.018750 0.023438
11 0.250000 0.410156 0.018750 0.015625
11 0.509375 0.405273 0.006250 0.009766
0 0.012500 0.467773 0.025000 0.080078
0 0.057031 0.471680 0.035937 0.076172
0 0.058594 0.469727 0.023438 0.072266
0 0.242188 0.539062 0.043750 0.144531
0 0.302344 0.448242 0.010937 0.041016
0 0.367188 0.437500 0.009375 0.023438
0 0.843750 0.440430 0.015625 0.033203
0 0.827344 0.458008 0.014063 0.064453
0 0.707031 0.454102 0.017188 0.033203
0 0.691406 0.458984 0.020313 0.042969
0 0.682031 0.450195 0.014063 0.037109
0 0.668750 0.455078 0.012500 0.042969
0 0.632812 0.452148 0.015625 0.029297
0 0.624219 0.443359 0.007812 0.023438
0 0.646875 0.450195 0.012500 0.033203
0 0.652344 0.442383 0.004687 0.021484
0 0.571875 0.431641 0.009375 0.027344
0 0.503906 0.452148 0.020313 0.033203
0 0.382031 0.428711 0.004687 0.017578
1 0.340625 0.466797 0.015625 0.035156
1 0.393750 0.438477 0.006250 0.013672
1 0.260937 0.473633 0.018750 0.044922
3 0.543750 0.455078 0.040625 0.027344
2 0.904687 0.782227 0.187500 0.431641
2 0.535156 0.446289 0.045312 0.041016
2 0.505469 0.441406 0.023438 0.027344
2 0.488281 0.430664 0.023438 0.025391
2 0.473438 0.428711 0.012500 0.013672
2 0.464844 0.428711 0.010937 0.013672
2 0.422656 0.427734 0.020313 0.015625
2 0.436719 0.426758 0.014063 0.009766
2 0.446875 0.426758 0.015625 0.013672
2 0.538281 0.573242 0.185938 0.208984
0 0.340625 0.454102 0.018750 0.048828
0 0.393750 0.434570 0.006250 0.017578
1 0.585156 0.455078 0.014063 0.027344
1 0.571094 0.456055 0.014063 0.025391
