5 0.821875 0.420898 0.256250 0.087891
5 0.433594 0.452148 0.098437 0.041016
5 0.513281 0.432617 0.054688 0.052734
5 0.631250 0.431641 0.100000 0.042969
0 0.016406 0.519531 0.023438 0.078125
0 0.128125 0.500000 0.015625 0.046875
0 0.837500 0.478516 0.062500 0.164062
0 0.778125 0.487305 0.050000 0.173828
0 0.666406 0.438477 0.010937 0.033203
0 0.678906 0.428711 0.014063 0.021484
0 0.619531 0.467773 0.023438 0.068359
0 0.628125 0.454102 0.012500 0.044922
0 0.608594 0.448242 0.010937 0.029297
0 0.603125 0.458008 0.015625 0.048828
0 0.595313 0.453125 0.009375 0.035156
0 0.587500 0.460938 0.015625 0.046875
0 0.571094 0.456055 0.007812 0.037109
0 0.578125 0.458008 0.009375 0.041016
0 0.549219 0.456055 0.010937 0.033203
2 0.950781 0.486328 0.095312 0.109375
2 0.923438 0.449219 0.150000 0.136719
2 0.803906 0.448242 0.185938 0.095703
2 0.646875 0.448242 0.018750 0.021484
2 0.451562 0.461914 0.025000 0.021484
2 0.370312 0.473633 0.068750 0.033203
2 0.498437 0.519531 0.140625 0.128906
0 0.111719 0.498047 0.020313 0.050781
