9 0.799219 0.180664 0.026562 0.076172
9 0.103906 0.347656 0.020313 0.070312
9 0.099219 0.417969 0.020313 0.023438
11 0.108594 0.391602 0.042188 0.013672
11 0.884375 0.419922 0.015625 0.023438
0 0.931250 0.517578 0.046875 0.121094
0 0.253125 0.483398 0.015625 0.052734
0 0.236719 0.484375 0.014063 0.050781
0 0.203125 0.482422 0.018750 0.058594
0 0.221094 0.481445 0.020313 0.064453
2 0.374219 0.512695 0.095312 0.072266
11 0.659375 0.465820 0.021875 0.005859
11 0.691406 0.472656 0.007812 0.007812
11 0.475781 0.477539 0.010937 0.013672
11 0.848437 0.450195 0.021875 0.025391
