11 0.113281 0.388672 0.092188 0.035156
11 0.112500 0.423828 0.090625 0.035156
11 0.372656 0.327148 0.060937 0.025391
11 0.374219 0.357422 0.064062 0.039062
11 0.375781 0.402344 0.060937 0.046875
11 0.371875 0.309570 0.037500 0.009766
11 0.887500 0.356445 0.175000 0.056641
11 0.889844 0.412109 0.173437 0.050781
11 0.889844 0.460938 0.173437 0.050781
11 0.890625 0.514648 0.178125 0.052734
2 0.232031 0.609375 0.164062 0.136719
2 0.457813 0.550781 0.068750 0.058594
2 0.582031 0.541016 0.035937 0.039062
