5 0.495312 0.377930 0.025000 0.021484
5 0.599219 0.324219 0.095312 0.078125
0 0.025000 0.421875 0.050000 0.187500
0 0.104688 0.383789 0.031250 0.095703
0 0.253125 0.388672 0.012500 0.058594
0 0.241406 0.389648 0.010937 0.064453
0 0.216406 0.463867 0.085938 0.181641
0 0.158594 0.458008 0.057813 0.216797
0 0.731250 0.416016 0.009375 0.039062
0 0.812500 0.437500 0.012500 0.050781
0 0.800000 0.438477 0.012500 0.052734
0 0.907813 0.451172 0.021875 0.089844
0 0.882812 0.446289 0.028125 0.091797
0 0.743750 0.419922 0.009375 0.031250
2 0.704688 0.439453 0.053125 0.117188
2 0.480469 0.405273 0.026562 0.060547
2 0.504687 0.415039 0.037500 0.080078
2 0.441406 0.414062 0.064062 0.089844
2 0.595313 0.469727 0.196875 0.220703
