9 0.520312 0.405273 0.009375 0.029297
9 0.257031 0.401367 0.007812 0.029297
0 0.867188 0.447266 0.065625 0.101562
0 0.807813 0.446289 0.034375 0.048828
0 0.678125 0.459961 0.015625 0.044922
0 0.144531 0.473633 0.014063 0.048828
0 0.127344 0.473633 0.020313 0.060547
0 0.104688 0.474609 0.015625 0.054688
0 0.085156 0.480469 0.014063 0.054688
0 0.072656 0.478516 0.017188 0.058594
0 0.060937 0.476562 0.015625 0.058594
1 0.364063 0.491211 0.015625 0.033203
1 0.207813 0.502930 0.028125 0.056641
1 0.171094 0.504883 0.026562 0.052734
2 0.448437 0.485352 0.062500 0.064453
2 0.402344 0.466797 0.017188 0.023438
2 0.383594 0.470703 0.026562 0.027344
2 0.296094 0.473633 0.054688 0.044922
0 0.360938 0.480469 0.018750 0.046875
0 0.210938 0.482422 0.025000 0.078125
0 0.171875 0.478516 0.028125 0.074219
