11 0.578906 0.383789 0.054688 0.068359
11 0.679688 0.488281 0.012500 0.015625
11 0.677344 0.463867 0.026562 0.033203
11 0.399219 0.472656 0.007812 0.007812
11 0.428906 0.470703 0.007812 0.011719
7 0.398438 0.491211 0.018750 0.025391
2 0.087500 0.554688 0.112500 0.097656
2 0.255469 0.603516 0.201563 0.171875
2 0.288281 0.514648 0.039062 0.017578
2 0.578125 0.514648 0.053125 0.052734
2 0.549219 0.499023 0.026562 0.029297
2 0.477344 0.486328 0.010937 0.011719
2 0.488281 0.497070 0.020313 0.021484
2 0.536719 0.495117 0.017188 0.021484
2 0.522656 0.492188 0.014063 0.015625
2 0.359375 0.496094 0.012500 0.019531
2 0.350000 0.496094 0.006250 0.015625
2 0.414844 0.494141 0.014063 0.015625
2 0.421875 0.489258 0.009375 0.013672
2 0.371094 0.494141 0.007812 0.007812
