9 0.797656 0.323242 0.014063 0.048828
9 0.806250 0.384766 0.012500 0.019531
9 0.815625 0.263672 0.053125 0.062500
9 0.614062 0.394531 0.015625 0.015625
9 0.617969 0.351562 0.010937 0.042969
9 0.121094 0.366211 0.010937 0.044922
9 0.148438 0.407227 0.015625 0.017578
11 0.847656 0.198242 0.029687 0.052734
11 0.805469 0.130859 0.029687 0.101562
0 0.085938 0.478516 0.018750 0.082031
0 0.111719 0.473633 0.023438 0.087891
0 0.154688 0.469727 0.028125 0.068359
0 0.495312 0.468750 0.031250 0.082031
0 0.594531 0.458984 0.017188 0.078125
0 0.610156 0.458984 0.020313 0.082031
0 0.628906 0.458008 0.020313 0.083984
0 0.698438 0.455078 0.015625 0.074219
0 0.658594 0.506836 0.057813 0.208984
0 0.708594 0.459961 0.017188 0.076172
0 0.764062 0.506836 0.040625 0.193359
0 0.760938 0.500000 0.084375 0.210938
1 0.263281 0.497070 0.079687 0.056641
2 0.985156 0.479492 0.026562 0.044922
2 0.509375 0.459961 0.021875 0.013672
2 0.482031 0.460938 0.007812 0.011719
2 0.473438 0.460938 0.009375 0.011719
2 0.430469 0.460938 0.023438 0.015625
2 0.452344 0.460938 0.023438 0.023438
2 0.283594 0.469727 0.060937 0.048828
2 0.546875 0.465820 0.043750 0.041016
0 0.267969 0.475586 0.029687 0.083984
