9 0.542969 0.418945 0.007812 0.005859
9 0.538281 0.401367 0.007812 0.017578
9 0.589844 0.399414 0.014063 0.017578
11 0.793750 0.307617 0.018750 0.033203
0 0.721875 0.446289 0.028125 0.068359
2 0.038281 0.487305 0.076563 0.166016
2 0.093750 0.498047 0.109375 0.109375
2 0.170313 0.473633 0.125000 0.103516
2 0.232031 0.465820 0.067187 0.080078
2 0.266406 0.457031 0.060937 0.074219
2 0.338281 0.445312 0.060937 0.058594
2 0.361719 0.440430 0.029687 0.044922
2 0.411719 0.440430 0.023438 0.025391
2 0.426563 0.433594 0.015625 0.019531
2 0.514844 0.441406 0.020313 0.015625
2 0.501563 0.437500 0.015625 0.015625
2 0.497656 0.431641 0.010937 0.015625
2 0.490625 0.430664 0.006250 0.013672
2 0.937500 0.497070 0.121875 0.251953
2 0.432812 0.430664 0.009375 0.013672
2 0.894531 0.465820 0.107813 0.083984
