9 0.525781 0.405273 0.004687 0.013672
9 0.592969 0.418945 0.004687 0.013672
0 0.115625 0.418945 0.012500 0.021484
0 0.134375 0.430664 0.012500 0.044922
0 0.142969 0.432617 0.007812 0.037109
0 0.160156 0.418945 0.007812 0.017578
0 0.185938 0.419922 0.006250 0.015625
0 0.200000 0.418945 0.012500 0.025391
0 0.396094 0.434570 0.007812 0.017578
0 0.812500 0.425781 0.021875 0.039062
0 0.778125 0.419922 0.015625 0.015625
0 0.885938 0.402344 0.025000 0.039062
0 0.930469 0.436523 0.026562 0.111328
0 0.955469 0.430664 0.035937 0.123047
2 0.495312 0.473633 0.062500 0.064453
