9 0.475000 0.309570 0.009375 0.029297
9 0.545312 0.384766 0.006250 0.019531
11 0.343750 0.409180 0.012500 0.017578
0 0.011719 0.455078 0.010937 0.042969
0 0.492188 0.443359 0.009375 0.027344
0 0.121875 0.448242 0.006250 0.021484
2 0.223438 0.476562 0.087500 0.062500
2 0.328125 0.450195 0.050000 0.029297
2 0.392188 0.450195 0.068750 0.052734
2 0.461719 0.466797 0.073438 0.066406
2 0.535156 0.462891 0.067187 0.046875
2 0.505469 0.441406 0.045312 0.027344
2 0.617188 0.466797 0.065625 0.046875
2 0.689063 0.474609 0.065625 0.058594
2 0.745313 0.456055 0.065625 0.060547
2 0.713281 0.435547 0.054688 0.035156
2 0.794531 0.436523 0.045312 0.029297
9 0.693750 0.292969 0.012500 0.039062
