0 0.564063 0.473633 0.012500 0.048828
0 0.584375 0.479492 0.012500 0.048828
0 0.475000 0.469727 0.009375 0.033203
0 0.458594 0.470703 0.007812 0.031250
0 0.463281 0.470703 0.007812 0.031250
0 0.467187 0.467773 0.009375 0.037109
0 0.553906 0.477539 0.023438 0.056641
1 0.489844 0.467773 0.007812 0.013672
1 0.557031 0.489258 0.029687 0.029297
2 0.176563 0.518555 0.184375 0.146484
2 0.270313 0.499023 0.090625 0.119141
2 0.330469 0.474609 0.039062 0.042969
2 0.375000 0.484375 0.071875 0.074219
2 0.425781 0.479492 0.039062 0.041016
2 0.450000 0.471680 0.015625 0.029297
2 0.872656 0.597656 0.251563 0.425781
2 0.725000 0.510742 0.156250 0.177734
2 0.641406 0.523438 0.035937 0.093750
2 0.634375 0.492188 0.065625 0.078125
2 0.600781 0.493164 0.029687 0.056641
2 0.603125 0.483398 0.037500 0.056641
2 0.574219 0.475586 0.017188 0.037109
2 0.508594 0.459961 0.010937 0.009766
2 0.533594 0.462891 0.017188 0.019531
2 0.547656 0.458984 0.007812 0.011719
2 0.515625 0.458984 0.006250 0.007812
2 0.519531 0.458008 0.004687 0.005859
2 0.497656 0.461914 0.007812 0.013672
0 0.489844 0.462891 0.007812 0.019531
