9 0.821875 0.307617 0.018750 0.068359
9 0.835156 0.371094 0.017188 0.023438
9 0.584375 0.383789 0.018750 0.021484
9 0.566406 0.388672 0.014063 0.019531
9 0.587500 0.330078 0.012500 0.054688
11 0.880469 0.353516 0.039062 0.011719
11 0.526563 0.388672 0.009375 0.019531
11 0.828906 0.345703 0.020313 0.015625
0 0.309375 0.464844 0.009375 0.031250
0 0.320312 0.467773 0.009375 0.033203
0 0.329688 0.465820 0.009375 0.025391
0 0.589063 0.451172 0.012500 0.046875
0 0.845313 0.458984 0.025000 0.093750
0 0.917188 0.453125 0.031250 0.113281
0 0.639062 0.574219 0.096875 0.437500
0 0.731250 0.572266 0.143750 0.476562
2 0.464844 0.465820 0.007812 0.009766
2 0.452344 0.460938 0.014063 0.015625
2 0.417969 0.462891 0.020313 0.019531
2 0.498437 0.471680 0.046875 0.048828
2 0.276562 0.470703 0.065625 0.058594
2 0.188281 0.475586 0.070312 0.060547
2 0.092188 0.490234 0.184375 0.128906
10 0.568750 0.482422 0.012500 0.046875
9 0.008594 0.397461 0.017188 0.021484
