0 0.860156 0.518555 0.026562 0.103516
0 0.832812 0.512695 0.034375 0.103516
0 0.785156 0.510742 0.017188 0.068359
0 0.772656 0.499023 0.014063 0.060547
0 0.701562 0.500000 0.009375 0.019531
0 0.659375 0.484375 0.009375 0.015625
0 0.580469 0.486328 0.007812 0.019531
0 0.573438 0.486328 0.006250 0.015625
0 0.157812 0.481445 0.021875 0.029297
0 0.385937 0.479492 0.006250 0.017578
2 0.492188 0.545898 0.125000 0.123047
2 0.196094 0.557617 0.217188 0.154297
2 0.486719 0.480469 0.017188 0.011719
2 0.530469 0.480469 0.010937 0.007812
2 0.508594 0.481445 0.014063 0.009766
0 0.607031 0.514648 0.020313 0.072266
