11 0.811719 0.499023 0.060937 0.103516
11 0.825000 0.558594 0.059375 0.027344
11 0.081250 0.409180 0.012500 0.025391
0 0.913281 0.500000 0.048438 0.152344
2 0.085156 0.561523 0.170313 0.228516
2 0.203125 0.505859 0.100000 0.089844
2 0.264062 0.499023 0.050000 0.064453
2 0.310937 0.503906 0.037500 0.039062
2 0.357031 0.495117 0.060937 0.060547
2 0.644531 0.522461 0.170313 0.189453
2 0.560937 0.497070 0.065625 0.126953
2 0.523438 0.482422 0.046875 0.074219
2 0.456250 0.504883 0.012500 0.013672
2 0.445312 0.509766 0.012500 0.007812
2 0.423438 0.509766 0.009375 0.007812
