9 0.107031 0.300781 0.010937 0.027344
9 0.936719 0.296875 0.007812 0.031250
9 0.899219 0.300781 0.007812 0.031250
9 0.674219 0.391602 0.007812 0.029297
9 0.617969 0.357422 0.007812 0.031250
9 0.155469 0.229492 0.020313 0.076172
9 0.152344 0.318359 0.007812 0.031250
11 0.957031 0.363281 0.023438 0.046875
11 0.991406 0.348633 0.014063 0.048828
2 0.594531 0.460938 0.010937 0.011719
0 0.488281 0.463867 0.004687 0.017578
9 0.355469 0.410156 0.010937 0.031250
9 0.354687 0.435547 0.009375 0.011719
10 0.962500 0.529297 0.012500 0.046875
