9 0.431250 0.456055 0.006250 0.017578
9 0.594531 0.455078 0.004687 0.011719
0 0.036719 0.510742 0.026562 0.048828
0 0.075781 0.496094 0.023438 0.042969
0 0.123438 0.489258 0.012500 0.029297
0 0.151562 0.489258 0.018750 0.033203
0 0.168750 0.489258 0.015625 0.029297
0 0.184375 0.487305 0.015625 0.033203
0 0.207031 0.492188 0.017188 0.031250
0 0.239844 0.488281 0.014063 0.023438
0 0.263281 0.484375 0.010937 0.027344
0 0.271094 0.488281 0.007812 0.019531
0 0.293750 0.486328 0.012500 0.027344
0 0.360156 0.488281 0.010937 0.019531
0 0.433594 0.490234 0.007812 0.015625
0 0.491406 0.482422 0.007812 0.015625
0 0.603125 0.486328 0.006250 0.015625
0 0.613281 0.483398 0.004687 0.009766
0 0.701562 0.488281 0.009375 0.027344
0 0.711719 0.488281 0.014063 0.031250
0 0.726562 0.485352 0.015625 0.029297
0 0.735156 0.487305 0.007812 0.025391
0 0.744531 0.490234 0.010937 0.031250
0 0.842969 0.479492 0.020313 0.044922
0 0.859375 0.478516 0.018750 0.050781
0 0.874219 0.479492 0.014063 0.037109
0 0.560937 0.500000 0.015625 0.039062
0 0.445312 0.484375 0.006250 0.007812
1 0.565625 0.512695 0.012500 0.029297
2 0.455469 0.498047 0.026562 0.023438
2 0.527344 0.500000 0.035937 0.046875
2 0.607812 0.500000 0.043750 0.031250
2 0.506250 0.518555 0.065625 0.064453
0 0.564063 0.503906 0.015625 0.039062
10 0.760938 0.590820 0.018750 0.044922
