5 0.550000 0.444336 0.040625 0.056641
9 0.387500 0.427734 0.006250 0.019531
9 0.467969 0.390625 0.004687 0.011719
9 0.264062 0.427734 0.006250 0.023438
9 0.585156 0.381836 0.004687 0.013672
11 0.400781 0.437500 0.014063 0.019531
11 0.394531 0.452148 0.020313 0.013672
11 0.436719 0.424805 0.014063 0.013672
11 0.156250 0.435547 0.015625 0.011719
11 0.812500 0.399414 0.040625 0.021484
0 0.846094 0.476562 0.023438 0.082031
0 0.817969 0.484375 0.029687 0.097656
0 0.738281 0.474609 0.020313 0.058594
0 0.628906 0.442383 0.007812 0.013672
0 0.621094 0.450195 0.007812 0.025391
0 0.618750 0.444336 0.006250 0.021484
1 0.758594 0.505859 0.042188 0.054688
1 0.709375 0.503906 0.046875 0.046875
3 0.035156 0.676758 0.070312 0.216797
3 0.442188 0.705078 0.165625 0.386719
3 0.975781 0.485352 0.045312 0.080078
3 0.951562 0.488281 0.056250 0.070312
3 0.912500 0.490234 0.050000 0.062500
2 0.928125 0.692383 0.140625 0.306641
2 0.703906 0.465820 0.029687 0.033203
2 0.681250 0.464844 0.021875 0.027344
2 0.634375 0.458984 0.025000 0.019531
2 0.647656 0.456055 0.020313 0.021484
2 0.661719 0.454102 0.017188 0.021484
2 0.528906 0.466797 0.029687 0.027344
2 0.503125 0.462891 0.028125 0.027344
2 0.367188 0.458984 0.025000 0.015625
2 0.329688 0.468750 0.043750 0.031250
2 0.261719 0.468750 0.060937 0.042969
2 0.223438 0.475586 0.034375 0.033203
2 0.192969 0.476562 0.026562 0.035156
2 0.158594 0.477539 0.051562 0.037109
2 0.121094 0.482422 0.045312 0.031250
2 0.075781 0.484375 0.042188 0.035156
2 0.043750 0.486328 0.031250 0.035156
2 0.015625 0.490234 0.028125 0.035156
2 0.487500 0.452148 0.012500 0.013672
0 0.028125 0.647461 0.056250 0.201172
0 0.024219 0.661133 0.048438 0.185547
0 0.449219 0.658203 0.179688 0.402344
