9 0.402344 0.369141 0.007812 0.027344
9 0.492188 0.410156 0.006250 0.023438
0 0.599219 0.454102 0.010937 0.037109
0 0.614844 0.455078 0.014063 0.035156
0 0.635938 0.463867 0.015625 0.080078
0 0.660937 0.468750 0.018750 0.074219
0 0.686719 0.463867 0.026562 0.087891
0 0.794531 0.477539 0.045312 0.158203
0 0.835938 0.479492 0.028125 0.095703
1 0.456250 0.478516 0.009375 0.015625
2 0.087500 0.506836 0.140625 0.111328
2 0.225000 0.484375 0.075000 0.074219
2 0.282031 0.483398 0.045312 0.044922
2 0.321875 0.475586 0.031250 0.037109
2 0.356250 0.472656 0.015625 0.019531
2 0.367188 0.473633 0.009375 0.013672
2 0.393750 0.474609 0.021875 0.023438
0 0.455469 0.471680 0.007812 0.025391
9 0.169531 0.407227 0.010937 0.029297
11 0.379688 0.402344 0.009375 0.011719
11 0.581250 0.391602 0.037500 0.037109
11 0.580469 0.345703 0.051562 0.046875
