9 0.398438 0.228516 0.012500 0.050781
9 0.648438 0.349609 0.015625 0.050781
9 0.651563 0.409180 0.018750 0.021484
9 0.820312 0.318359 0.021875 0.078125
11 0.448437 0.220703 0.031250 0.039062
11 0.635156 0.270508 0.045312 0.021484
0 0.769531 0.481445 0.023438 0.107422
0 0.800781 0.484375 0.026562 0.089844
0 0.822656 0.484375 0.023438 0.093750
2 0.038281 0.517578 0.076563 0.066406
2 0.116406 0.507812 0.107813 0.070312
2 0.165625 0.500000 0.025000 0.046875
2 0.253906 0.499023 0.070312 0.060547
2 0.380469 0.485352 0.045312 0.041016
2 0.439844 0.473633 0.010937 0.009766
2 0.509375 0.467773 0.015625 0.013672
2 0.497656 0.469727 0.007812 0.009766
