0 0.407813 0.464844 0.018750 0.058594
0 0.713281 0.479492 0.020313 0.080078
2 0.282813 0.501953 0.081250 0.078125
2 0.320312 0.491211 0.050000 0.064453
2 0.338281 0.480469 0.051562 0.054688
2 0.361719 0.474609 0.026562 0.050781
2 0.382031 0.458984 0.032813 0.042969
2 0.423438 0.451172 0.018750 0.031250
2 0.448437 0.459961 0.040625 0.037109
2 0.497656 0.463867 0.010937 0.029297
2 0.485938 0.438477 0.018750 0.021484
2 0.462500 0.441406 0.015625 0.015625
2 0.589844 0.484375 0.085938 0.085938
2 0.551562 0.475586 0.018750 0.052734
2 0.547656 0.471680 0.029687 0.048828
2 0.535156 0.466797 0.026562 0.042969
2 0.527344 0.462891 0.023438 0.039062
2 0.521094 0.452148 0.023438 0.029297
2 0.446094 0.435547 0.017188 0.011719
2 0.934375 0.500977 0.128125 0.103516
2 0.792969 0.615234 0.257812 0.207031
0 0.497656 0.454102 0.010937 0.037109
0 0.759375 0.427734 0.006250 0.019531
0 0.753125 0.426758 0.006250 0.017578
