11 0.646875 0.328125 0.034375 0.058594
11 0.649219 0.367188 0.039062 0.015625
0 0.511719 0.473633 0.020313 0.080078
0 0.497656 0.470703 0.026562 0.074219
0 0.100781 0.461914 0.026562 0.076172
0 0.078906 0.460938 0.023438 0.097656
2 0.941406 0.443359 0.107813 0.062500
2 0.844531 0.459961 0.089063 0.056641
2 0.542188 0.476562 0.050000 0.035156
2 0.450781 0.467773 0.042188 0.021484
2 0.484375 0.462891 0.025000 0.039062
2 0.487500 0.469727 0.018750 0.033203
2 0.492188 0.474609 0.009375 0.023438
2 0.303125 0.471680 0.050000 0.044922
2 0.239063 0.480469 0.075000 0.062500
