9 0.570312 0.359375 0.006250 0.031250
0 0.920312 0.465820 0.028125 0.080078
0 0.735938 0.416992 0.006250 0.017578
0 0.717969 0.415039 0.010937 0.021484
0 0.550781 0.414062 0.010937 0.039062
0 0.561719 0.413086 0.007812 0.041016
0 0.671875 0.420898 0.006250 0.025391
0 0.677344 0.418945 0.004687 0.017578
2 0.323437 0.421875 0.081250 0.078125
2 0.364844 0.416992 0.035937 0.068359
2 0.395313 0.407227 0.056250 0.064453
2 0.494531 0.431641 0.085938 0.101562
2 0.539062 0.434570 0.009375 0.041016
2 0.760938 0.459961 0.087500 0.068359
2 0.713281 0.451172 0.045312 0.054688
2 0.696094 0.439453 0.051562 0.050781
2 0.610156 0.417969 0.042188 0.054688
2 0.655469 0.420898 0.023438 0.021484
2 0.581250 0.415039 0.015625 0.017578
