0 0.464844 0.473633 0.007812 0.029297
0 0.469531 0.473633 0.007812 0.029297
0 0.471875 0.471680 0.006250 0.033203
0 0.478906 0.472656 0.007812 0.031250
0 0.560156 0.478516 0.014063 0.046875
0 0.547656 0.475586 0.014063 0.048828
0 0.514062 0.476562 0.018750 0.046875
1 0.489063 0.472656 0.006250 0.011719
2 0.053125 0.542969 0.106250 0.167969
2 0.300000 0.496094 0.106250 0.097656
2 0.350000 0.485352 0.046875 0.080078
2 0.403906 0.480469 0.054688 0.054688
2 0.441406 0.480469 0.026562 0.035156
2 0.531250 0.470703 0.018750 0.023438
2 0.507031 0.465820 0.010937 0.009766
2 0.871094 0.647461 0.254688 0.326172
2 0.733594 0.513672 0.189062 0.175781
2 0.640625 0.493164 0.065625 0.107422
2 0.603125 0.488281 0.034375 0.058594
2 0.585156 0.485352 0.023438 0.052734
2 0.571875 0.480469 0.018750 0.039062
2 0.452344 0.471680 0.020313 0.029297
0 0.489063 0.467773 0.006250 0.017578
