9 0.766406 0.487305 0.010937 0.033203
9 0.602344 0.439453 0.010937 0.042969
9 0.466406 0.472656 0.007812 0.023438
11 0.932031 0.363281 0.107813 0.207031
11 0.704688 0.455078 0.021875 0.042969
11 0.706250 0.492188 0.018750 0.023438
11 0.615625 0.396484 0.028125 0.035156
11 0.616406 0.480469 0.026562 0.031250
11 0.471875 0.442383 0.015625 0.017578
11 0.471875 0.456055 0.015625 0.009766
0 0.978125 0.606445 0.040625 0.166016
0 0.883594 0.595703 0.039062 0.128906
0 0.829688 0.572266 0.025000 0.109375
0 0.745313 0.570312 0.025000 0.093750
0 0.726562 0.578125 0.021875 0.117188
0 0.713281 0.557617 0.023438 0.103516
0 0.679688 0.559570 0.031250 0.095703
0 0.657031 0.564453 0.020313 0.085938
0 0.636719 0.565430 0.023438 0.091797
0 0.605469 0.557617 0.020313 0.076172
0 0.525781 0.561523 0.029687 0.068359
0 0.504687 0.530273 0.006250 0.033203
0 0.511719 0.531250 0.007812 0.031250
0 0.520312 0.521484 0.009375 0.011719
0 0.531250 0.534180 0.012500 0.041016
0 0.448437 0.535156 0.009375 0.042969
0 0.464844 0.531250 0.014063 0.050781
0 0.478906 0.533203 0.007812 0.046875
0 0.485938 0.533203 0.009375 0.046875
0 0.437500 0.525391 0.015625 0.035156
0 0.394531 0.520508 0.007812 0.025391
0 0.383594 0.518555 0.007812 0.021484
0 0.360938 0.522461 0.006250 0.021484
0 0.365625 0.521484 0.006250 0.023438
0 0.373437 0.518555 0.009375 0.025391
0 0.203906 0.555664 0.026562 0.080078
0 0.144531 0.528320 0.014063 0.048828
0 0.112500 0.525391 0.012500 0.054688
0 0.038281 0.564453 0.032813 0.128906
0 0.076563 0.542969 0.018750 0.062500
0 0.092969 0.538086 0.017188 0.064453
0 0.007812 0.513672 0.009375 0.031250
0 0.058594 0.536133 0.017188 0.080078
0 0.412500 0.513672 0.009375 0.027344
0 0.222656 0.520508 0.010937 0.029297
0 0.239063 0.520508 0.006250 0.029297
1 0.675000 0.590820 0.050000 0.076172
7 0.326562 0.504883 0.053125 0.064453
2 0.378125 0.607422 0.134375 0.136719
2 0.387500 0.536133 0.062500 0.013672
2 0.328125 0.532227 0.018750 0.017578
2 0.273438 0.517578 0.021875 0.027344
2 0.247656 0.517578 0.017188 0.023438
