9 0.655469 0.439453 0.007812 0.023438
9 0.308594 0.426758 0.007812 0.029297
0 0.228125 0.504883 0.009375 0.044922
0 0.325000 0.517578 0.015625 0.058594
0 0.755469 0.531250 0.026562 0.082031
0 0.819531 0.531250 0.020313 0.078125
0 0.875000 0.522461 0.018750 0.068359
0 0.784375 0.525391 0.018750 0.042969
0 0.773438 0.519531 0.012500 0.035156
0 0.992188 0.529297 0.012500 0.082031
0 0.395313 0.491211 0.006250 0.013672
0 0.408594 0.491211 0.007812 0.013672
1 0.247656 0.527344 0.039062 0.039062
1 0.644531 0.555664 0.026562 0.052734
2 0.090625 0.617188 0.181250 0.250000
2 0.374219 0.536133 0.085938 0.076172
2 0.521094 0.530273 0.054688 0.060547
2 0.542188 0.514648 0.034375 0.048828
2 0.466406 0.587891 0.170313 0.167969
0 0.645312 0.537109 0.028125 0.070312
