5 0.730469 0.548828 0.014063 0.019531
9 0.435937 0.471680 0.012500 0.033203
9 0.440625 0.541992 0.006250 0.017578
11 0.350781 0.496094 0.014063 0.015625
11 0.351562 0.459961 0.015625 0.017578
0 0.582031 0.565430 0.010937 0.033203
0 0.260937 0.584961 0.034375 0.076172
0 0.189062 0.581055 0.009375 0.029297
3 0.696094 0.577148 0.029687 0.029297
2 0.015625 0.592773 0.031250 0.056641
2 0.067969 0.739258 0.135937 0.267578
2 0.102344 0.590820 0.085938 0.068359
2 0.823438 0.709961 0.303125 0.322266
2 0.900000 0.593750 0.196875 0.140625
2 0.248438 0.582031 0.021875 0.031250
2 0.209375 0.577148 0.028125 0.029297
0 0.697656 0.569336 0.014063 0.041016
