0 0.314844 0.474609 0.029687 0.085938
1 0.482031 0.489258 0.032813 0.064453
2 0.568750 0.458008 0.021875 0.025391
2 0.583594 0.462891 0.026562 0.035156
2 0.599219 0.468750 0.032813 0.039062
2 0.619531 0.470703 0.032813 0.054688
2 0.639844 0.472656 0.029687 0.058594
2 0.667188 0.477539 0.065625 0.064453
2 0.724219 0.488281 0.092188 0.089844
2 0.771094 0.504883 0.092188 0.123047
2 0.892188 0.498047 0.212500 0.273438
2 0.450000 0.457031 0.015625 0.019531
2 0.462500 0.456055 0.012500 0.013672
2 0.428906 0.458984 0.026562 0.027344
2 0.415625 0.462891 0.025000 0.031250
2 0.390625 0.463867 0.040625 0.044922
2 0.378125 0.468750 0.037500 0.042969
2 0.346094 0.473633 0.042188 0.056641
2 0.312500 0.478516 0.056250 0.062500
2 0.247656 0.488281 0.117188 0.085938
2 0.524219 0.459961 0.017188 0.017578
2 0.053906 0.459961 0.107813 0.119141
0 0.483594 0.465820 0.029687 0.087891
