5 0.510938 0.541992 0.018750 0.021484
9 0.557031 0.517578 0.004687 0.011719
9 0.705469 0.474609 0.010937 0.039062
9 0.257031 0.462891 0.010937 0.035156
9 0.888281 0.500000 0.010937 0.031250
9 0.526563 0.526367 0.003125 0.009766
11 0.907813 0.429688 0.046875 0.070312
0 0.673438 0.557617 0.015625 0.048828
0 0.661719 0.560547 0.010937 0.042969
0 0.652344 0.559570 0.010937 0.044922
0 0.642969 0.558594 0.010937 0.042969
0 0.636719 0.554688 0.007812 0.035156
0 0.615625 0.551758 0.006250 0.029297
0 0.171875 0.564453 0.021875 0.082031
0 0.190625 0.570312 0.025000 0.070312
0 0.589063 0.544922 0.006250 0.019531
0 0.575781 0.544922 0.004687 0.015625
0 0.535937 0.543945 0.006250 0.017578
0 0.543750 0.545898 0.006250 0.017578
0 0.552344 0.545898 0.004687 0.013672
2 0.421875 0.583984 0.071875 0.066406
2 0.439063 0.548828 0.018750 0.019531
2 0.463281 0.558594 0.026562 0.027344
2 0.489844 0.553711 0.023438 0.025391
