5 0.934375 0.399414 0.128125 0.248047
9 0.592187 0.277344 0.012500 0.062500
9 0.603125 0.360352 0.012500 0.025391
9 0.650781 0.358398 0.020313 0.025391
9 0.410156 0.301758 0.014063 0.048828
11 0.650000 0.333008 0.037500 0.013672
11 0.336719 0.377930 0.010937 0.017578
11 0.337500 0.391602 0.009375 0.009766
0 0.416406 0.457031 0.026562 0.097656
0 0.400781 0.458984 0.029687 0.093750
0 0.358594 0.417969 0.007812 0.027344
0 0.350000 0.417969 0.006250 0.019531
0 0.341406 0.418945 0.004687 0.017578
1 0.631250 0.473633 0.087500 0.068359
2 0.661719 0.448242 0.157812 0.060547
2 0.573438 0.439453 0.103125 0.062500
2 0.512500 0.441406 0.025000 0.035156
2 0.506250 0.434570 0.046875 0.048828
2 0.478125 0.432617 0.021875 0.041016
2 0.158594 0.444336 0.039062 0.041016
2 0.443750 0.434570 0.028125 0.037109
2 0.226562 0.427734 0.012500 0.011719
0 0.635156 0.451172 0.035937 0.093750
