9 0.703125 0.399414 0.009375 0.033203
9 0.308594 0.408203 0.007812 0.019531
9 0.348438 0.355469 0.006250 0.019531
9 0.353906 0.361328 0.004687 0.015625
9 0.415625 0.412109 0.006250 0.019531
9 0.361719 0.411133 0.004687 0.013672
9 0.467187 0.351562 0.009375 0.027344
9 0.424219 0.405273 0.007812 0.021484
11 0.937500 0.390625 0.021875 0.035156
11 0.790625 0.363281 0.018750 0.023438
11 0.789844 0.381836 0.026562 0.013672
11 0.517188 0.424805 0.006250 0.009766
11 0.624219 0.425781 0.007812 0.007812
2 0.537500 0.437500 0.012500 0.011719
9 0.647656 0.371094 0.004687 0.015625
