5 0.817187 0.398438 0.362500 0.566406
11 0.085156 0.410156 0.029687 0.015625
11 0.218750 0.390625 0.012500 0.027344
11 0.242969 0.392578 0.010937 0.027344
11 0.244531 0.363281 0.014063 0.015625
0 0.082031 0.492188 0.029687 0.105469
1 0.633594 0.529297 0.054688 0.105469
7 0.523438 0.449219 0.062500 0.089844
2 0.516406 0.475586 0.032813 0.052734
2 0.547656 0.477539 0.057813 0.060547
2 0.379688 0.462891 0.021875 0.023438
2 0.361719 0.479492 0.017188 0.041016
2 0.351562 0.478516 0.018750 0.046875
2 0.328125 0.479492 0.050000 0.052734
2 0.434375 0.510742 0.143750 0.142578
0 0.633594 0.497070 0.051562 0.162109
