2 0.547656 0.450195 0.023438 0.025391
2 0.559375 0.452148 0.009375 0.017578
2 0.625000 0.451172 0.015625 0.015625
9 0.820312 0.400391 0.009375 0.031250
9 0.196094 0.355469 0.017188 0.046875
9 0.242188 0.357422 0.012500 0.046875
9 0.040625 0.340820 0.012500 0.064453
9 0.024219 0.338867 0.017188 0.068359
11 0.211719 0.401367 0.032813 0.013672
2 0.629687 0.443359 0.009375 0.011719
2 0.606250 0.437500 0.006250 0.007812
11 0.817969 0.432617 0.032813 0.013672
11 0.837500 0.410156 0.028125 0.011719
9 0.810937 0.397461 0.009375 0.029297
2 0.566406 0.450195 0.007812 0.017578
