9 0.642188 0.239258 0.012500 0.048828
9 0.694531 0.239258 0.014063 0.052734
9 0.696875 0.315430 0.025000 0.021484
9 0.171875 0.291016 0.009375 0.031250
11 0.703906 0.281250 0.048438 0.015625
11 0.257812 0.326172 0.021875 0.023438
0 0.353125 0.396484 0.012500 0.027344
0 0.298438 0.423828 0.028125 0.085938
0 0.689063 0.426758 0.015625 0.064453
0 0.659375 0.430664 0.025000 0.111328
0 0.614062 0.424805 0.031250 0.119141
1 0.419531 0.449219 0.020313 0.062500
1 0.477344 0.445312 0.035937 0.078125
1 0.581250 0.441406 0.037500 0.082031
1 0.632031 0.441406 0.032813 0.082031
2 0.182812 0.431641 0.150000 0.125000
2 0.110937 0.449219 0.221875 0.152344
