9 0.235937 0.451172 0.009375 0.011719
9 0.235937 0.424805 0.009375 0.029297
9 0.589063 0.459961 0.009375 0.009766
9 0.591406 0.431641 0.007812 0.027344
9 0.502344 0.438477 0.004687 0.013672
0 0.757031 0.491211 0.020313 0.037109
0 0.745313 0.488281 0.012500 0.039062
0 0.730469 0.514648 0.023438 0.087891
0 0.696094 0.508789 0.017188 0.048828
0 0.635156 0.497070 0.007812 0.048828
0 0.370312 0.486328 0.006250 0.023438
0 0.064062 0.476562 0.009375 0.023438
0 0.174219 0.490234 0.007812 0.027344
1 0.336719 0.553711 0.035937 0.072266
2 0.485156 0.526367 0.079687 0.087891
0 0.336719 0.522461 0.035937 0.103516
0 0.885156 0.534180 0.014063 0.111328
0 0.787500 0.507812 0.034375 0.046875
