11 0.367188 0.409180 0.012500 0.013672
11 0.367188 0.417969 0.006250 0.003906
0 0.536719 0.451172 0.007812 0.023438
0 0.517188 0.454102 0.006250 0.021484
1 0.614844 0.509766 0.026562 0.062500
2 0.524219 0.458008 0.007812 0.013672
2 0.509375 0.456055 0.009375 0.013672
2 0.493750 0.455078 0.012500 0.015625
2 0.480469 0.456055 0.007812 0.009766
2 0.470313 0.455078 0.009375 0.011719
2 0.459375 0.455078 0.012500 0.015625
2 0.441406 0.453125 0.010937 0.019531
2 0.430469 0.453125 0.014063 0.023438
2 0.415625 0.452148 0.025000 0.029297
2 0.403906 0.455078 0.029687 0.027344
2 0.278906 0.474609 0.045312 0.058594
2 0.239844 0.478516 0.070312 0.074219
2 0.165625 0.479492 0.090625 0.099609
2 0.078125 0.499023 0.150000 0.107422
0 0.614844 0.483398 0.026562 0.083984
