9 0.357812 0.192383 0.012500 0.048828
9 0.589844 0.305664 0.007812 0.033203
9 0.447656 0.371094 0.004687 0.011719
0 0.699219 0.421875 0.023438 0.074219
1 0.698438 0.488281 0.090625 0.082031
1 0.678125 0.482422 0.078125 0.062500
1 0.642969 0.473633 0.035937 0.052734
1 0.624219 0.471680 0.020313 0.048828
1 0.759375 0.476562 0.046875 0.058594
2 0.074219 0.526367 0.148438 0.306641
2 0.331250 0.456055 0.093750 0.091797
2 0.414844 0.436523 0.042188 0.037109
2 0.472656 0.423828 0.023438 0.027344
2 0.125781 0.458984 0.070312 0.058594
2 0.160156 0.451172 0.045312 0.058594
2 0.195312 0.449219 0.043750 0.046875
2 0.221094 0.445312 0.039062 0.042969
0 0.911719 0.432617 0.029687 0.080078
