0 0.663281 0.442383 0.007812 0.009766
2 0.030469 0.437500 0.060937 0.156250
2 0.460938 0.461914 0.134375 0.111328
2 0.539062 0.465820 0.046875 0.076172
2 0.569531 0.465820 0.048438 0.064453
2 0.579688 0.442383 0.037500 0.033203
2 0.617969 0.462891 0.051562 0.050781
2 0.873437 0.499023 0.093750 0.095703
2 0.861719 0.481445 0.092188 0.091797
2 0.645312 0.460938 0.021875 0.042969
2 0.668750 0.461914 0.031250 0.033203
2 0.685156 0.460938 0.017188 0.031250
2 0.692187 0.458984 0.018750 0.027344
2 0.703906 0.458008 0.010937 0.025391
2 0.711719 0.455078 0.014063 0.023438
2 0.721094 0.455078 0.007812 0.019531
2 0.723437 0.449219 0.012500 0.019531
2 0.732031 0.452148 0.007812 0.013672
2 0.737500 0.449219 0.012500 0.015625
0 0.809375 0.469727 0.034375 0.107422
0 0.769531 0.465820 0.017188 0.076172
0 0.777344 0.462891 0.014063 0.074219
78 0.806250 0.528320 0.018750 0.009766
78 0.767188 0.506836 0.012500 0.009766
78 0.774219 0.503906 0.010937 0.007812
