9 0.360156 0.443359 0.004687 0.019531
9 0.600000 0.447266 0.006250 0.019531
9 0.432031 0.460938 0.004687 0.015625
0 0.372656 0.506836 0.010937 0.041016
0 0.399219 0.488281 0.007812 0.011719
0 0.667188 0.510742 0.012500 0.052734
0 0.908594 0.527344 0.039062 0.113281
0 0.840625 0.545898 0.031250 0.076172
0 0.846094 0.502930 0.020313 0.056641
0 0.783594 0.497070 0.010937 0.033203
0 0.768750 0.496094 0.012500 0.035156
0 0.742188 0.504883 0.015625 0.033203
0 0.694531 0.505859 0.010937 0.023438
1 0.584375 0.535156 0.021875 0.050781
2 0.236719 0.549805 0.145313 0.123047
2 0.496094 0.536133 0.054688 0.087891
2 0.501563 0.518555 0.059375 0.076172
2 0.450781 0.562500 0.139063 0.136719
2 0.407813 0.503906 0.031250 0.031250
0 0.584375 0.516602 0.021875 0.060547
