9 0.035937 0.364258 0.018750 0.060547
9 0.037500 0.422852 0.018750 0.021484
9 0.386719 0.450195 0.004687 0.013672
9 0.707031 0.369141 0.020313 0.062500
9 0.696875 0.431641 0.021875 0.019531
11 0.037500 0.403320 0.046875 0.017578
11 0.706250 0.411133 0.043750 0.021484
0 0.138281 0.525391 0.032813 0.113281
0 0.109375 0.524414 0.046875 0.119141
0 0.231250 0.490234 0.009375 0.042969
0 0.336719 0.481445 0.010937 0.017578
0 0.371875 0.482422 0.009375 0.019531
0 0.422656 0.487305 0.004687 0.021484
0 0.417187 0.488281 0.006250 0.019531
0 0.411719 0.486328 0.004687 0.015625
0 0.631250 0.491211 0.009375 0.025391
0 0.647656 0.492188 0.010937 0.019531
0 0.670312 0.489258 0.015625 0.021484
0 0.938281 0.514648 0.023438 0.095703
0 0.703906 0.483398 0.014063 0.041016
0 0.354687 0.480469 0.009375 0.011719
0 0.396875 0.485352 0.006250 0.021484
2 0.558594 0.497070 0.029687 0.033203
2 0.514062 0.496094 0.021875 0.023438
2 0.528125 0.494141 0.015625 0.019531
2 0.532813 0.490234 0.018750 0.023438
10 0.582812 0.503906 0.006250 0.019531
