5 0.369531 0.454102 0.035937 0.056641
9 0.617188 0.345703 0.006250 0.019531
9 0.468750 0.363281 0.009375 0.023438
9 0.549219 0.430664 0.004687 0.009766
9 0.562500 0.375977 0.003125 0.009766
9 0.482031 0.444336 0.004687 0.005859
9 0.459375 0.431641 0.003125 0.007812
9 0.471875 0.429688 0.003125 0.007812
9 0.490625 0.429688 0.003125 0.007812
9 0.503906 0.430664 0.004687 0.009766
9 0.386719 0.438477 0.004687 0.013672
9 0.342187 0.346680 0.012500 0.029297
9 0.244531 0.365234 0.010937 0.031250
9 0.198437 0.416016 0.012500 0.035156
9 0.175781 0.448242 0.007812 0.009766
9 0.170313 0.428711 0.009375 0.021484
9 0.164062 0.456055 0.006250 0.009766
9 0.543750 0.465820 0.003125 0.009766
9 0.549219 0.368164 0.007812 0.025391
11 0.800000 0.250000 0.015625 0.046875
11 0.675781 0.360352 0.017188 0.048828
11 0.622656 0.373047 0.017188 0.007812
11 0.802344 0.290039 0.014063 0.033203
11 0.592969 0.425781 0.014063 0.015625
11 0.593750 0.438477 0.009375 0.009766
11 0.503906 0.442383 0.004687 0.005859
11 0.494531 0.442383 0.004687 0.005859
11 0.525781 0.402344 0.004687 0.007812
11 0.517969 0.416992 0.004687 0.009766
11 0.421094 0.435547 0.007812 0.015625
11 0.311719 0.334961 0.023438 0.021484
11 0.189844 0.375977 0.023438 0.013672
11 0.224219 0.444336 0.007812 0.009766
11 0.346875 0.425781 0.015625 0.019531
11 0.347656 0.447266 0.017188 0.023438
11 0.347656 0.468750 0.014063 0.019531
11 0.293750 0.472656 0.018750 0.023438
11 0.292969 0.442383 0.020313 0.025391
11 0.291406 0.413086 0.020313 0.029297
11 0.482031 0.444336 0.004687 0.005859
1 0.566406 0.502930 0.026562 0.064453
2 0.602344 0.465820 0.026562 0.037109
2 0.195312 0.490234 0.062500 0.035156
2 0.276562 0.477539 0.084375 0.044922
2 0.398438 0.473633 0.059375 0.056641
2 0.427344 0.469727 0.023438 0.044922
2 0.495312 0.463867 0.084375 0.037109
2 0.329688 0.483398 0.065625 0.041016
0 0.566406 0.484375 0.026562 0.089844
