11 0.554688 0.437500 0.006250 0.007812
11 0.533594 0.448242 0.004687 0.013672
2 0.832031 0.500977 0.251563 0.212891
2 0.661719 0.506836 0.092188 0.080078
2 0.614844 0.495117 0.060937 0.064453
2 0.534375 0.474609 0.037500 0.035156
2 0.511719 0.477539 0.010937 0.029297
2 0.471875 0.477539 0.021875 0.025391
2 0.424219 0.475586 0.014063 0.013672
2 0.409375 0.474609 0.018750 0.023438
2 0.400000 0.478516 0.015625 0.023438
2 0.386719 0.478516 0.026562 0.027344
2 0.356250 0.479492 0.040625 0.041016
2 0.341406 0.484375 0.035937 0.035156
2 0.253125 0.482422 0.087500 0.078125
