11 0.803906 0.455078 0.023438 0.027344
3 0.665625 0.505859 0.025000 0.042969
3 0.467969 0.524414 0.023438 0.052734
2 0.614844 0.491211 0.023438 0.021484
2 0.552344 0.498047 0.029687 0.027344
2 0.569531 0.487305 0.014063 0.017578
2 0.532813 0.492188 0.015625 0.019531
2 0.517969 0.487305 0.020313 0.021484
2 0.487500 0.489258 0.012500 0.009766
2 0.475000 0.489258 0.009375 0.009766
2 0.448437 0.493164 0.012500 0.009766
2 0.422656 0.497070 0.020313 0.013672
2 0.392969 0.500977 0.023438 0.017578
2 0.375781 0.502930 0.014063 0.013672
2 0.181250 0.530273 0.053125 0.029297
0 0.666406 0.496094 0.020313 0.050781
0 0.467187 0.512695 0.021875 0.056641
