0 0.128906 0.507812 0.039062 0.156250
2 0.607812 0.488281 0.134375 0.117188
2 0.526563 0.474609 0.065625 0.066406
2 0.484375 0.465820 0.034375 0.029297
2 0.471094 0.456055 0.026562 0.025391
2 0.463281 0.444336 0.017188 0.013672
2 0.371875 0.442383 0.009375 0.009766
2 0.353906 0.450195 0.010937 0.017578
2 0.339844 0.449219 0.023438 0.023438
2 0.321094 0.461914 0.032813 0.029297
2 0.235937 0.490234 0.059375 0.058594
2 0.265625 0.484375 0.021875 0.046875
2 0.275781 0.481445 0.023438 0.044922
2 0.450781 0.439453 0.020313 0.015625
2 0.010156 0.543945 0.020313 0.095703
