5 0.139844 0.550781 0.279687 0.195312
5 0.837500 0.526367 0.140625 0.076172
9 0.026562 0.294922 0.031250 0.097656
9 0.028125 0.525391 0.015625 0.050781
9 0.751563 0.282227 0.025000 0.099609
11 0.031250 0.392578 0.062500 0.089844
11 0.748437 0.409180 0.031250 0.083984
0 0.299219 0.550781 0.010937 0.042969
0 0.308594 0.547852 0.007812 0.029297
0 0.621094 0.536133 0.007812 0.029297
0 0.684375 0.538086 0.009375 0.033203
0 0.700781 0.532227 0.007812 0.044922
0 0.736719 0.522461 0.017188 0.060547
3 0.421094 0.585938 0.073438 0.078125
2 0.540625 0.629883 0.209375 0.197266
2 0.977344 0.574219 0.042188 0.089844
2 0.973437 0.552734 0.050000 0.070312
2 0.928906 0.549805 0.045312 0.052734
2 0.888281 0.549805 0.035937 0.048828
0 0.424219 0.573242 0.039062 0.107422
