9 0.270313 0.250000 0.037500 0.113281
9 0.287500 0.483398 0.015625 0.056641
9 0.099219 0.399414 0.014063 0.041016
11 0.949219 0.350586 0.023438 0.017578
11 0.948438 0.376953 0.025000 0.027344
11 0.949219 0.404297 0.026562 0.023438
11 0.840625 0.426758 0.018750 0.029297
11 0.796094 0.444336 0.007812 0.009766
11 0.796094 0.453125 0.007812 0.003906
11 0.409375 0.306641 0.043750 0.070312
11 0.410156 0.349609 0.042188 0.015625
11 0.410938 0.370117 0.040625 0.025391
11 0.428906 0.457031 0.017188 0.019531
11 0.352344 0.433594 0.020313 0.023438
11 0.346875 0.444336 0.015625 0.021484
11 0.171094 0.348633 0.110937 0.119141
11 0.426563 0.422852 0.009375 0.021484
11 0.450000 0.480469 0.015625 0.019531
11 0.415625 0.514648 0.037500 0.048828
11 0.533594 0.458008 0.007812 0.009766
2 0.548438 0.663086 0.337500 0.373047
2 0.912500 0.668945 0.171875 0.341797
2 0.325781 0.527344 0.148438 0.070312
2 0.646875 0.477539 0.031250 0.033203
2 0.663281 0.477539 0.014063 0.017578
2 0.685937 0.481445 0.021875 0.021484
