0 0.786719 0.549805 0.029687 0.072266
0 0.814844 0.511719 0.048438 0.152344
0 0.757812 0.510742 0.046875 0.150391
2 0.890625 0.481445 0.071875 0.068359
2 0.950781 0.505859 0.095312 0.167969
2 0.812500 0.484375 0.168750 0.078125
2 0.735156 0.481445 0.035937 0.068359
2 0.671094 0.480469 0.092188 0.070312
2 0.505469 0.484375 0.098437 0.062500
2 0.447656 0.483398 0.101562 0.072266
2 0.162500 0.468750 0.171875 0.082031
2 0.326562 0.479492 0.168750 0.087891
2 0.030469 0.461914 0.057813 0.052734
2 0.237500 0.471680 0.068750 0.068359
