11 0.323437 0.461914 0.012500 0.021484
11 0.111719 0.429688 0.029687 0.027344
11 0.110156 0.400391 0.023438 0.027344
11 0.082031 0.379883 0.023438 0.033203
11 0.270313 0.425781 0.006250 0.007812
11 0.728906 0.388672 0.017188 0.007812
11 0.662500 0.390625 0.018750 0.007812
0 0.920312 0.521484 0.050000 0.148438
0 0.883594 0.533203 0.029687 0.113281
0 0.780469 0.476562 0.026562 0.089844
0 0.806250 0.478516 0.021875 0.078125
3 0.907813 0.794922 0.181250 0.406250
2 0.643750 0.713867 0.384375 0.400391
2 0.564063 0.437500 0.025000 0.019531
2 0.366406 0.505859 0.104688 0.082031
2 0.274219 0.462891 0.064062 0.039062
2 0.210156 0.461914 0.060937 0.044922
0 0.925000 0.740234 0.146875 0.515625
0 0.575781 0.493164 0.048438 0.064453
