0 0.508594 0.520508 0.014063 0.037109
0 0.523438 0.519531 0.012500 0.039062
0 0.539062 0.520508 0.012500 0.037109
0 0.572656 0.522461 0.010937 0.033203
0 0.503906 0.520508 0.007812 0.033203
2 0.081250 0.583008 0.162500 0.166016
2 0.184375 0.559570 0.115625 0.115234
2 0.293750 0.541016 0.100000 0.074219
2 0.353906 0.534180 0.051562 0.064453
2 0.416406 0.523438 0.060937 0.050781
2 0.460156 0.522461 0.029687 0.037109
2 0.483594 0.523438 0.017188 0.027344
2 0.552344 0.522461 0.020313 0.021484
2 0.732812 0.603516 0.196875 0.183594
2 0.650781 0.550781 0.104688 0.105469
2 0.615625 0.526367 0.056250 0.072266
2 0.591406 0.521484 0.017188 0.031250
2 0.375000 0.520508 0.046875 0.048828
2 0.494531 0.521484 0.014063 0.027344
