9 0.706250 0.371094 0.018750 0.062500
9 0.696875 0.430664 0.021875 0.017578
9 0.034375 0.366211 0.015625 0.060547
9 0.035937 0.425781 0.018750 0.023438
11 0.704688 0.411133 0.040625 0.025391
11 0.034375 0.404297 0.031250 0.019531
0 0.336719 0.482422 0.007812 0.019531
0 0.353125 0.482422 0.006250 0.011719
0 0.371094 0.481445 0.007812 0.017578
0 0.383594 0.517578 0.045312 0.101562
0 0.396875 0.485352 0.006250 0.021484
0 0.414062 0.487305 0.006250 0.017578
0 0.417969 0.488281 0.004687 0.019531
0 0.421094 0.488281 0.004687 0.019531
0 0.432031 0.486328 0.004687 0.015625
0 0.629687 0.490234 0.006250 0.019531
0 0.633594 0.491211 0.004687 0.021484
0 0.642969 0.490234 0.004687 0.019531
0 0.646875 0.490234 0.006250 0.015625
0 0.652344 0.491211 0.004687 0.021484
0 0.666406 0.491211 0.007812 0.013672
0 0.672656 0.488281 0.007812 0.015625
0 0.707031 0.487305 0.007812 0.021484
0 0.893750 0.517578 0.018750 0.085938
0 0.925781 0.512695 0.026562 0.091797
0 0.091406 0.492188 0.010937 0.062500
0 0.289844 0.482422 0.007812 0.031250
1 0.156250 0.519531 0.025000 0.050781
2 0.510156 0.491211 0.010937 0.013672
2 0.530469 0.494141 0.014063 0.019531
2 0.517969 0.496094 0.020313 0.023438
2 0.557031 0.500000 0.029687 0.031250
10 0.583594 0.504883 0.004687 0.017578
