11 0.969531 0.300781 0.057813 0.062500
11 0.969531 0.228516 0.051562 0.082031
0 0.314063 0.475586 0.059375 0.154297
0 0.420312 0.430664 0.018750 0.041016
2 0.048438 0.443359 0.096875 0.078125
2 0.151562 0.458984 0.143750 0.066406
2 0.617188 0.450195 0.109375 0.052734
2 0.682031 0.455078 0.032813 0.039062
2 0.696875 0.448242 0.068750 0.048828
2 0.744531 0.446289 0.057813 0.041016
2 0.775000 0.443359 0.059375 0.042969
2 0.852344 0.444336 0.035937 0.029297
2 0.184375 0.438477 0.121875 0.052734
2 0.365625 0.438477 0.068750 0.029297
