0 0.150781 0.580078 0.045312 0.187500
0 0.496875 0.434570 0.003125 0.013672
0 0.511719 0.432617 0.004687 0.017578
1 0.295312 0.559570 0.050000 0.099609
1 0.437500 0.641602 0.078125 0.169922
2 0.055469 0.591797 0.110937 0.289062
2 0.155469 0.550781 0.126562 0.164062
2 0.247656 0.520508 0.082812 0.103516
2 0.877344 0.761719 0.242188 0.363281
2 0.786719 0.607422 0.254688 0.230469
2 0.707812 0.548828 0.134375 0.144531
2 0.647656 0.491211 0.051562 0.037109
2 0.585938 0.484375 0.068750 0.062500
2 0.571094 0.468750 0.057813 0.066406
2 0.541406 0.457031 0.029687 0.039062
2 0.532031 0.440430 0.014063 0.017578
2 0.519531 0.433594 0.014063 0.015625
2 0.503906 0.433594 0.010937 0.015625
2 0.489844 0.433594 0.010937 0.011719
2 0.478125 0.433594 0.012500 0.015625
2 0.471094 0.439453 0.010937 0.015625
2 0.457031 0.450195 0.023438 0.025391
2 0.432031 0.446289 0.020313 0.029297
2 0.411719 0.456055 0.026562 0.041016
2 0.386719 0.464844 0.039062 0.039062
2 0.346094 0.479492 0.060937 0.056641
2 0.788281 0.458008 0.095312 0.041016
2 0.768750 0.448242 0.096875 0.048828
2 0.656250 0.458984 0.103125 0.039062
2 0.134375 0.453125 0.068750 0.027344
0 0.295312 0.508789 0.046875 0.142578
0 0.434375 0.579102 0.081250 0.248047
0 0.612500 0.596680 0.090625 0.232422
78 0.610156 0.708008 0.029687 0.033203
