9 0.894531 0.434570 0.020313 0.064453
9 0.906250 0.577148 0.012500 0.033203
9 0.116406 0.424805 0.023438 0.072266
9 0.100781 0.557617 0.010937 0.025391
11 0.021875 0.453125 0.037500 0.019531
11 0.025000 0.415039 0.040625 0.048828
0 0.966406 0.605469 0.023438 0.078125
0 0.802344 0.574219 0.017188 0.035156
0 0.785937 0.573242 0.015625 0.033203
0 0.632812 0.572266 0.009375 0.035156
0 0.624219 0.570312 0.007812 0.035156
0 0.610938 0.566406 0.009375 0.031250
0 0.604688 0.565430 0.006250 0.029297
0 0.592969 0.567383 0.010937 0.025391
0 0.135937 0.568359 0.028125 0.039062
0 0.068750 0.552734 0.018750 0.031250
7 0.492969 0.542969 0.007812 0.015625
7 0.401562 0.541016 0.056250 0.058594
3 0.485938 0.619141 0.034375 0.062500
2 0.095312 0.658203 0.190625 0.183594
2 0.376563 0.633789 0.125000 0.138672
2 0.478125 0.595703 0.062500 0.074219
2 0.472656 0.553711 0.014063 0.017578
2 0.458594 0.543945 0.010937 0.009766
2 0.478906 0.544922 0.007812 0.007812
2 0.450781 0.540039 0.007812 0.009766
0 0.488281 0.596680 0.039062 0.072266
