9 0.835938 0.061523 0.021875 0.072266
9 0.825000 0.332031 0.012500 0.042969
9 0.635938 0.341797 0.009375 0.031250
9 0.314063 0.250977 0.012500 0.033203
9 0.498437 0.346680 0.009375 0.033203
9 0.619531 0.375000 0.010937 0.015625
9 0.499219 0.376953 0.007812 0.011719
11 0.463281 0.284180 0.048438 0.013672
11 0.396094 0.373047 0.020313 0.023438
11 0.396875 0.392578 0.009375 0.007812
11 0.639062 0.363281 0.015625 0.003906
11 0.840625 0.373047 0.012500 0.042969
2 0.060937 0.433594 0.050000 0.070312
2 0.200000 0.470703 0.250000 0.253906
2 0.314063 0.435547 0.034375 0.078125
