0 0.460156 0.440430 0.004687 0.013672
0 0.444531 0.444336 0.004687 0.017578
1 0.932813 0.559570 0.103125 0.103516
1 0.491406 0.449219 0.007812 0.011719
1 0.436719 0.455078 0.007812 0.015625
3 0.596094 0.500000 0.070312 0.070312
2 0.816406 0.485352 0.160938 0.080078
2 0.634375 0.465820 0.040625 0.048828
2 0.566406 0.487305 0.051562 0.064453
2 0.540625 0.469727 0.037500 0.041016
2 0.521875 0.458008 0.015625 0.029297
2 0.088281 0.588867 0.176563 0.162109
2 0.192188 0.532227 0.121875 0.138672
2 0.281250 0.502930 0.084375 0.076172
2 0.317188 0.487305 0.031250 0.048828
2 0.358594 0.480469 0.042188 0.050781
2 0.375781 0.470703 0.035937 0.042969
2 0.376563 0.460938 0.040625 0.039062
2 0.398438 0.459961 0.015625 0.033203
2 0.408594 0.456055 0.017188 0.025391
2 0.415625 0.452148 0.015625 0.021484
2 0.422656 0.448242 0.017188 0.017578
2 0.427344 0.444336 0.010937 0.013672
2 0.472656 0.438477 0.010937 0.009766
2 0.497656 0.442383 0.007812 0.013672
2 0.592187 0.451172 0.040625 0.035156
2 0.479687 0.438477 0.006250 0.009766
2 0.447656 0.438477 0.014063 0.009766
2 0.907031 0.469727 0.045312 0.048828
0 0.927344 0.520508 0.048438 0.154297
0 0.334375 0.497070 0.031250 0.103516
0 0.491406 0.444336 0.004687 0.017578
0 0.436719 0.448242 0.004687 0.021484
78 0.335156 0.555664 0.026562 0.017578
