0 0.703906 0.548828 0.057813 0.195312
1 0.165625 0.550781 0.043750 0.082031
1 0.207813 0.550781 0.053125 0.082031
1 0.296094 0.548828 0.048438 0.078125
1 0.415625 0.541992 0.106250 0.087891
2 0.696094 0.532227 0.179688 0.119141
2 0.608594 0.505859 0.107813 0.097656
2 0.839844 0.505859 0.157812 0.097656
2 0.936719 0.500000 0.098437 0.089844
2 0.976562 0.517578 0.043750 0.082031
0 0.006250 0.361328 0.012500 0.019531
0 0.026562 0.363281 0.009375 0.019531
0 0.019531 0.361328 0.010937 0.015625
0 0.089844 0.566406 0.020313 0.039062
0 0.118750 0.553711 0.028125 0.033203
11 0.551562 0.295898 0.009375 0.044922
11 0.540625 0.343750 0.018750 0.015625
