9 0.704688 0.369141 0.018750 0.062500
9 0.696875 0.431641 0.021875 0.023438
9 0.386719 0.449219 0.004687 0.015625
9 0.585938 0.453125 0.006250 0.015625
9 0.034375 0.362305 0.015625 0.052734
9 0.036719 0.421875 0.017188 0.019531
11 0.706250 0.410156 0.043750 0.019531
11 0.036719 0.402344 0.042188 0.019531
0 0.939063 0.514648 0.028125 0.095703
0 0.632031 0.491211 0.007812 0.025391
0 0.033594 0.510742 0.029687 0.115234
0 0.193750 0.524414 0.037500 0.123047
0 0.214844 0.524414 0.029687 0.111328
0 0.371094 0.481445 0.007812 0.017578
0 0.336719 0.481445 0.010937 0.017578
0 0.671875 0.488281 0.012500 0.023438
0 0.652344 0.492188 0.007812 0.019531
0 0.647656 0.491211 0.007812 0.021484
0 0.703125 0.483398 0.012500 0.041016
0 0.289844 0.484375 0.007812 0.023438
0 0.414844 0.488281 0.007812 0.019531
0 0.421875 0.487305 0.006250 0.021484
2 0.557813 0.498047 0.028125 0.035156
2 0.512500 0.499023 0.021875 0.025391
2 0.526563 0.495117 0.018750 0.025391
2 0.534375 0.491211 0.015625 0.025391
10 0.582812 0.504883 0.006250 0.017578
