0 0.291406 0.463867 0.007812 0.033203
0 0.300000 0.466797 0.012500 0.031250
0 0.190625 0.455078 0.012500 0.023438
0 0.178906 0.451172 0.007812 0.019531
0 0.539062 0.453125 0.009375 0.023438
1 0.181250 0.533203 0.021875 0.050781
2 0.442969 0.450195 0.014063 0.021484
2 0.434375 0.451172 0.012500 0.019531
2 0.421875 0.453125 0.021875 0.019531
2 0.405469 0.455078 0.014063 0.023438
2 0.392188 0.457031 0.018750 0.023438
2 0.371875 0.462891 0.031250 0.031250
2 0.353125 0.446289 0.018750 0.005859
2 0.303125 0.462891 0.025000 0.023438
2 0.260156 0.453125 0.032813 0.011719
2 0.267969 0.483398 0.032813 0.048828
2 0.253906 0.488281 0.026562 0.050781
2 0.221875 0.488281 0.071875 0.066406
2 0.209375 0.505859 0.056250 0.062500
2 0.110937 0.524414 0.121875 0.087891
2 0.464062 0.469727 0.034375 0.064453
2 0.507031 0.488281 0.092188 0.101562
2 0.791406 0.477539 0.098437 0.052734
2 0.830469 0.447266 0.051562 0.019531
2 0.724219 0.466797 0.095312 0.058594
2 0.875000 0.480469 0.131250 0.070312
2 0.646875 0.577148 0.215625 0.216797
2 0.796094 0.676758 0.404687 0.361328
2 0.090625 0.723633 0.181250 0.388672
0 0.182031 0.507812 0.032813 0.093750
10 0.055469 0.510742 0.010937 0.033203
