5 0.614062 0.448242 0.181250 0.080078
9 0.941406 0.319336 0.020313 0.064453
9 0.342187 0.356445 0.021875 0.060547
11 0.955469 0.254883 0.042188 0.056641
11 0.962500 0.378906 0.037500 0.046875
11 0.739062 0.360352 0.018750 0.021484
11 0.739844 0.377930 0.017188 0.013672
11 0.742188 0.420898 0.015625 0.017578
11 0.342969 0.409180 0.029687 0.037109
11 0.341406 0.439453 0.023438 0.023438
11 0.423438 0.430664 0.018750 0.021484
0 0.992188 0.464844 0.012500 0.035156
0 0.931250 0.447266 0.015625 0.027344
0 0.945312 0.448242 0.018750 0.044922
0 0.977344 0.462891 0.014063 0.035156
0 0.900781 0.461914 0.017188 0.033203
0 0.798438 0.457031 0.012500 0.027344
0 0.747656 0.467773 0.010937 0.044922
0 0.778906 0.460938 0.010937 0.031250
0 0.735938 0.465820 0.009375 0.041016
0 0.696875 0.474609 0.015625 0.042969
0 0.681250 0.488281 0.025000 0.046875
0 0.012500 0.571289 0.025000 0.146484
0 0.207031 0.500977 0.020313 0.033203
0 0.180469 0.506836 0.026562 0.048828
0 0.161719 0.524414 0.020313 0.072266
0 0.144531 0.531250 0.020313 0.089844
0 0.241406 0.492188 0.020313 0.039062
0 0.296875 0.486328 0.015625 0.031250
3 0.400781 0.494141 0.067187 0.050781
2 0.826562 0.542969 0.146875 0.148438
2 0.904687 0.590820 0.187500 0.224609
2 0.525000 0.491211 0.087500 0.052734
2 0.615625 0.473633 0.065625 0.029297
2 0.607031 0.501953 0.110937 0.035156
2 0.622656 0.684570 0.335938 0.345703
2 0.077344 0.846680 0.154688 0.302734
2 0.272656 0.614258 0.264062 0.224609
