11 0.697656 0.390625 0.017188 0.039062
11 0.178125 0.380859 0.015625 0.019531
0 0.241406 0.437500 0.017188 0.042969
0 0.395313 0.462891 0.018750 0.070312
0 0.411719 0.460938 0.020313 0.074219
0 0.735156 0.488281 0.035937 0.078125
0 0.729688 0.450195 0.015625 0.033203
0 0.651563 0.446289 0.015625 0.041016
0 0.692187 0.537109 0.046875 0.140625
1 0.839844 0.515625 0.067187 0.058594
1 0.860938 0.517578 0.062500 0.066406
1 0.328125 0.477539 0.031250 0.060547
1 0.371094 0.488281 0.048438 0.062500
1 0.350781 0.491211 0.035937 0.064453
1 0.148438 0.466797 0.021875 0.042969
2 0.018750 0.435547 0.037500 0.054688
2 0.112500 0.449219 0.062500 0.054688
2 0.189844 0.459961 0.067187 0.056641
2 0.271094 0.471680 0.095312 0.064453
0 0.148438 0.450195 0.021875 0.056641
