9 0.889062 0.269531 0.021875 0.082031
9 0.892969 0.357422 0.023438 0.027344
9 0.187500 0.240234 0.021875 0.070312
9 0.180469 0.328125 0.020313 0.027344
11 0.910937 0.333984 0.068750 0.019531
11 0.727344 0.400391 0.010937 0.019531
11 0.315625 0.459961 0.012500 0.025391
0 0.376563 0.465820 0.050000 0.126953
0 0.365625 0.457031 0.053125 0.156250
0 0.287500 0.455078 0.021875 0.066406
0 0.261719 0.464844 0.045312 0.117188
0 0.212500 0.460938 0.059375 0.132812
0 0.103125 0.437500 0.031250 0.117188
0 0.067969 0.431641 0.039062 0.132812
0 0.009375 0.437500 0.018750 0.121094
1 0.147656 0.452148 0.048438 0.044922
2 0.959375 0.523438 0.078125 0.097656
2 0.701562 0.472656 0.081250 0.101562
2 0.606250 0.461914 0.125000 0.111328
2 0.546875 0.456055 0.025000 0.060547
2 0.503125 0.465820 0.068750 0.037109
2 0.421875 0.455078 0.015625 0.019531
2 0.406250 0.457031 0.025000 0.035156
2 0.392969 0.459961 0.026562 0.044922
2 0.321094 0.466797 0.051562 0.070312
11 0.315625 0.424805 0.009375 0.017578
