0 0.532031 0.443359 0.004687 0.015625
0 0.732812 0.440430 0.015625 0.037109
2 0.958594 0.793945 0.079687 0.267578
2 0.796875 0.583984 0.206250 0.167969
2 0.718750 0.531250 0.140625 0.132812
2 0.643750 0.493164 0.081250 0.087891
2 0.602344 0.469727 0.057813 0.064453
2 0.573438 0.462891 0.025000 0.039062
2 0.560937 0.453125 0.018750 0.027344
2 0.548438 0.449219 0.012500 0.019531
2 0.542969 0.444336 0.014063 0.017578
2 0.517188 0.449219 0.025000 0.027344
2 0.469531 0.444336 0.020313 0.021484
2 0.435156 0.461914 0.023438 0.029297
2 0.413281 0.467773 0.042188 0.041016
2 0.326562 0.503906 0.081250 0.074219
2 0.027344 0.512695 0.054688 0.095703
2 0.053125 0.490234 0.106250 0.089844
2 0.175000 0.502930 0.115625 0.087891
2 0.233594 0.477539 0.132812 0.076172
2 0.290625 0.463867 0.059375 0.044922
2 0.335156 0.454102 0.042188 0.025391
2 0.366406 0.462891 0.029687 0.035156
2 0.451562 0.442383 0.012500 0.017578
2 0.482812 0.442383 0.015625 0.017578
2 0.490625 0.440430 0.006250 0.013672
2 0.494531 0.440430 0.007812 0.013672
2 0.498437 0.437500 0.003125 0.007812
2 0.505469 0.436523 0.007812 0.009766
2 0.425000 0.439453 0.028125 0.015625
2 0.120313 0.483398 0.056250 0.080078
2 0.142969 0.455078 0.054688 0.027344
2 0.153125 0.438477 0.078125 0.025391
2 0.030469 0.448242 0.060937 0.029297
2 0.671094 0.441406 0.039062 0.019531
