9 0.317969 0.441406 0.007812 0.019531
9 0.568750 0.447266 0.006250 0.019531
11 0.566406 0.471680 0.010937 0.021484
11 0.317969 0.465820 0.010937 0.017578
9 0.257031 0.407227 0.017188 0.037109
0 0.162500 0.502930 0.021875 0.064453
0 0.296875 0.485352 0.006250 0.013672
0 0.353125 0.488281 0.003125 0.011719
0 0.360938 0.489258 0.003125 0.009766
0 0.367188 0.488281 0.003125 0.011719
0 0.376563 0.489258 0.003125 0.009766
0 0.980469 0.527344 0.035937 0.113281
0 0.867969 0.501953 0.020313 0.035156
0 0.785156 0.496094 0.017188 0.039062
0 0.793750 0.516602 0.012500 0.076172
0 0.823438 0.497070 0.009375 0.044922
0 0.638281 0.505859 0.004687 0.011719
0 0.604688 0.495117 0.003125 0.013672
2 0.488281 0.501953 0.017188 0.023438
2 0.551562 0.497070 0.021875 0.013672
2 0.419531 0.501953 0.026562 0.027344
