0 0.045312 0.395508 0.025000 0.099609
0 0.078906 0.401367 0.023438 0.103516
0 0.286719 0.390625 0.010937 0.035156
0 0.292969 0.383789 0.007812 0.025391
0 0.325781 0.389648 0.010937 0.033203
0 0.169531 0.375977 0.007812 0.029297
0 0.175781 0.378906 0.007812 0.027344
0 0.223438 0.373047 0.006250 0.011719
0 0.460938 0.359375 0.006250 0.011719
0 0.483594 0.368164 0.004687 0.021484
0 0.507031 0.368164 0.004687 0.013672
0 0.514844 0.369141 0.004687 0.011719
0 0.622656 0.370117 0.007812 0.021484
0 0.614062 0.371094 0.006250 0.019531
0 0.742188 0.416992 0.009375 0.029297
0 0.754687 0.416992 0.009375 0.029297
0 0.765625 0.416992 0.009375 0.029297
0 0.837500 0.434570 0.015625 0.048828
0 0.853125 0.438477 0.015625 0.048828
2 0.567969 0.481445 0.154688 0.138672
2 0.544531 0.413086 0.073438 0.080078
2 0.502344 0.416992 0.020313 0.048828
2 0.413281 0.417969 0.064062 0.058594
2 0.322656 0.390625 0.048438 0.027344
2 0.244531 0.387695 0.051562 0.029297
2 0.196875 0.384766 0.040625 0.027344
2 0.157031 0.375977 0.023438 0.029297
2 0.840625 0.427734 0.056250 0.039062
2 0.919531 0.425781 0.026562 0.019531
2 0.935156 0.439453 0.035937 0.027344
2 0.953125 0.430664 0.028125 0.029297
2 0.978125 0.434570 0.028125 0.033203
2 0.993750 0.435547 0.009375 0.027344
