9 0.266406 0.152344 0.035937 0.167969
0 0.113281 0.435547 0.014063 0.058594
0 0.133594 0.430664 0.010937 0.056641
0 0.207813 0.433594 0.012500 0.050781
0 0.238281 0.430664 0.017188 0.041016
0 0.256250 0.430664 0.015625 0.044922
0 0.288281 0.437500 0.010937 0.050781
0 0.300000 0.436523 0.009375 0.056641
0 0.325781 0.436523 0.017188 0.056641
0 0.406250 0.438477 0.006250 0.041016
0 0.551562 0.428711 0.012500 0.044922
0 0.542969 0.424805 0.010937 0.041016
0 0.500781 0.421875 0.004687 0.023438
0 0.507031 0.419922 0.007812 0.023438
0 0.515625 0.420898 0.009375 0.025391
0 0.896875 0.415039 0.006250 0.029297
0 0.891406 0.415039 0.007812 0.025391
2 0.376563 0.437500 0.056250 0.054688
2 0.454688 0.434570 0.046875 0.044922
2 0.700000 0.428711 0.046875 0.056641
2 0.667969 0.430664 0.032813 0.044922
2 0.969531 0.424805 0.026562 0.037109
