0 0.013281 0.477539 0.026562 0.115234
0 0.080469 0.468750 0.032813 0.117188
0 0.201563 0.475586 0.015625 0.052734
0 0.803906 0.440430 0.017188 0.041016
0 0.759375 0.455078 0.021875 0.031250
0 0.694531 0.449219 0.017188 0.023438
0 0.537500 0.467773 0.012500 0.052734
0 0.947656 0.481445 0.054688 0.185547
0 0.978125 0.475586 0.040625 0.201172
0 0.525781 0.467773 0.010937 0.041016
0 0.426563 0.459961 0.006250 0.021484
1 0.181250 0.491211 0.028125 0.048828
1 0.452344 0.504883 0.032813 0.064453
1 0.489063 0.532227 0.025000 0.087891
1 0.577344 0.528320 0.042188 0.103516
1 0.690625 0.500000 0.046875 0.078125
1 0.664062 0.491211 0.040625 0.095703
1 0.624219 0.478516 0.026562 0.109375
1 0.974219 0.548828 0.048438 0.140625
2 0.254688 0.492188 0.096875 0.070312
2 0.298438 0.484375 0.040625 0.058594
2 0.317188 0.479492 0.018750 0.044922
2 0.384375 0.464844 0.015625 0.015625
0 0.450781 0.482422 0.035937 0.097656
0 0.489063 0.486328 0.040625 0.152344
0 0.579688 0.480469 0.056250 0.171875
