9 0.079687 0.386719 0.012500 0.050781
9 0.819531 0.403320 0.014063 0.048828
11 0.089844 0.438477 0.017188 0.037109
11 0.811719 0.455078 0.020313 0.039062
0 0.334375 0.501953 0.009375 0.031250
0 0.509375 0.624023 0.131250 0.291016
0 0.627344 0.640625 0.076563 0.316406
2 0.683594 0.522461 0.060937 0.056641
2 0.493750 0.503906 0.012500 0.019531
2 0.500781 0.492188 0.007812 0.007812
2 0.475781 0.508789 0.026562 0.029297
2 0.454688 0.507812 0.015625 0.027344
2 0.352344 0.508789 0.032813 0.029297
2 0.540625 0.507812 0.009375 0.019531
2 0.407813 0.489258 0.084375 0.119141
10 0.789844 0.546875 0.010937 0.039062
9 0.097656 0.389648 0.010937 0.044922
