11 0.435156 0.401367 0.007812 0.009766
11 0.532813 0.394531 0.009375 0.011719
0 0.520312 0.452148 0.012500 0.048828
0 0.528906 0.421875 0.004687 0.011719
0 0.451562 0.428711 0.009375 0.025391
0 0.441406 0.429688 0.007812 0.023438
1 0.430469 0.446289 0.010937 0.025391
1 0.533594 0.481445 0.023438 0.048828
2 0.079687 0.493164 0.134375 0.080078
2 0.163281 0.535156 0.154688 0.132812
2 0.744531 0.482422 0.104688 0.089844
2 0.903906 0.519531 0.189062 0.140625
2 0.666406 0.459961 0.042188 0.056641
2 0.655469 0.444336 0.051562 0.048828
2 0.658594 0.422852 0.051562 0.021484
2 0.628906 0.446289 0.048438 0.044922
2 0.554688 0.450195 0.040625 0.056641
2 0.521094 0.440430 0.017188 0.037109
2 0.498437 0.438477 0.031250 0.029297
2 0.509375 0.423828 0.012500 0.011719
2 0.500000 0.420898 0.006250 0.005859
2 0.296094 0.488281 0.079687 0.074219
2 0.326562 0.473633 0.053125 0.064453
2 0.353906 0.465820 0.026562 0.052734
2 0.364063 0.460938 0.021875 0.042969
2 0.380469 0.450195 0.035937 0.044922
2 0.400781 0.446289 0.020313 0.033203
2 0.402344 0.440430 0.032813 0.041016
2 0.421094 0.440430 0.014063 0.029297
2 0.460156 0.427734 0.007812 0.015625
2 0.464062 0.424805 0.009375 0.013672
0 0.430469 0.438477 0.010937 0.029297
0 0.533594 0.460938 0.023438 0.070312
