11 0.785156 0.392578 0.026562 0.046875
11 0.579688 0.397461 0.015625 0.025391
0 0.523438 0.409180 0.009375 0.021484
2 0.538281 0.409180 0.014063 0.017578
2 0.503125 0.443359 0.031250 0.027344
2 0.514844 0.423828 0.023438 0.023438
2 0.977344 0.466797 0.042188 0.089844
2 0.614062 0.481445 0.328125 0.150391
2 0.510156 0.371094 0.017188 0.019531
2 0.519531 0.360352 0.014063 0.017578
2 0.527344 0.356445 0.010937 0.013672
2 0.531250 0.352539 0.009375 0.013672
2 0.425781 0.423828 0.023438 0.023438
2 0.403906 0.435547 0.007812 0.019531
2 0.393750 0.437500 0.015625 0.027344
2 0.375000 0.443359 0.031250 0.035156
2 0.362500 0.451172 0.034375 0.035156
2 0.314844 0.462891 0.064062 0.046875
2 0.260156 0.454102 0.032813 0.033203
2 0.067187 0.493164 0.134375 0.103516
