1 0.476562 0.466797 0.009375 0.023438
1 0.503125 0.474609 0.012500 0.039062
1 0.528906 0.489258 0.023438 0.048828
1 0.595313 0.508789 0.021875 0.048828
1 0.635156 0.524414 0.023438 0.056641
1 0.682031 0.520508 0.042188 0.080078
1 0.452344 0.461914 0.007812 0.021484
2 0.303125 0.445312 0.059375 0.062500
2 0.385156 0.463867 0.035937 0.017578
0 0.680469 0.476562 0.048438 0.121094
0 0.633594 0.492188 0.039062 0.105469
0 0.592969 0.479492 0.029687 0.095703
0 0.528906 0.465820 0.029687 0.087891
0 0.500781 0.458008 0.020313 0.052734
0 0.476562 0.452148 0.015625 0.044922
0 0.453125 0.447266 0.012500 0.035156
