9 0.663281 0.340820 0.014063 0.044922
9 0.661719 0.387695 0.017188 0.021484
9 0.053906 0.323242 0.014063 0.052734
11 0.686719 0.363281 0.026562 0.039062
11 0.141406 0.378906 0.014063 0.027344
0 0.753906 0.467773 0.023438 0.068359
0 0.164062 0.458984 0.015625 0.035156
0 0.188281 0.463867 0.014063 0.037109
0 0.481250 0.466797 0.012500 0.035156
0 0.425781 0.470703 0.051562 0.125000
0 0.225000 0.540039 0.190625 0.494141
0 0.296094 0.579102 0.257812 0.630859
0 0.615625 0.491211 0.050000 0.111328
1 0.905469 0.481445 0.039062 0.064453
2 0.407813 0.462891 0.021875 0.023438
2 0.446094 0.464844 0.023438 0.050781
