0 0.387500 0.433594 0.025000 0.082031
0 0.607031 0.454102 0.026562 0.095703
0 0.578906 0.449219 0.023438 0.097656
2 0.060156 0.425781 0.089063 0.089844
2 0.118750 0.423828 0.053125 0.074219
2 0.105469 0.399414 0.101562 0.072266
2 0.196875 0.435547 0.065625 0.058594
2 0.265625 0.448242 0.115625 0.099609
2 0.362500 0.440430 0.081250 0.064453
2 0.410938 0.432617 0.028125 0.048828
2 0.433594 0.428711 0.032813 0.041016
2 0.455469 0.424805 0.023438 0.033203
2 0.460938 0.418945 0.031250 0.033203
2 0.482031 0.420898 0.017188 0.029297
2 0.490625 0.417969 0.012500 0.023438
2 0.500000 0.417969 0.012500 0.015625
2 0.509375 0.416016 0.015625 0.015625
2 0.520312 0.412109 0.012500 0.015625
2 0.650000 0.451172 0.078125 0.101562
2 0.583594 0.434570 0.042188 0.060547
2 0.561719 0.421875 0.017188 0.031250
