9 0.104688 0.373047 0.012500 0.039062
9 0.408594 0.449219 0.004687 0.019531
9 0.556250 0.457031 0.003125 0.011719
9 0.669531 0.382812 0.010937 0.039062
11 0.114062 0.426758 0.021875 0.048828
11 0.664062 0.437500 0.028125 0.046875
0 0.285156 0.482422 0.010937 0.015625
0 0.345313 0.488281 0.006250 0.027344
0 0.359375 0.486328 0.009375 0.019531
0 0.740625 0.490234 0.021875 0.031250
0 0.719531 0.495117 0.017188 0.041016
0 0.694531 0.493164 0.010937 0.044922
2 0.200000 0.526367 0.118750 0.095703
2 0.507031 0.492188 0.020313 0.023438
2 0.509375 0.479492 0.012500 0.009766
2 0.500781 0.472656 0.014063 0.011719
