1 0.514844 0.486328 0.014063 0.031250
1 0.535937 0.486328 0.012500 0.031250
2 0.075781 0.545898 0.151562 0.240234
2 0.281250 0.501953 0.134375 0.132812
2 0.355469 0.499023 0.045312 0.087891
2 0.378125 0.489258 0.046875 0.076172
2 0.407813 0.486328 0.028125 0.054688
2 0.429688 0.468750 0.028125 0.031250
2 0.920312 0.673828 0.156250 0.328125
2 0.735156 0.525391 0.145313 0.140625
2 0.664844 0.505859 0.060937 0.078125
2 0.635156 0.492188 0.051562 0.058594
2 0.562500 0.474609 0.037500 0.039062
2 0.514844 0.460938 0.020313 0.027344
2 0.501563 0.460938 0.012500 0.019531
2 0.490625 0.458008 0.015625 0.017578
2 0.481250 0.457031 0.012500 0.015625
2 0.476562 0.453125 0.012500 0.015625
2 0.467187 0.453125 0.012500 0.011719
0 0.514844 0.472656 0.014063 0.039062
0 0.535937 0.474609 0.012500 0.039062
