5 0.492188 0.532227 0.018750 0.025391
0 0.865625 0.546875 0.009375 0.023438
0 0.842969 0.546875 0.020313 0.027344
0 0.739062 0.547852 0.009375 0.017578
0 0.728125 0.543945 0.009375 0.017578
0 0.390625 0.540039 0.009375 0.025391
2 0.673438 0.547852 0.031250 0.017578
2 0.524219 0.548828 0.035937 0.019531
2 0.521875 0.572266 0.040625 0.046875
2 0.577344 0.581055 0.082812 0.099609
2 0.697656 0.661133 0.223438 0.216797
2 0.435937 0.649414 0.178125 0.181641
2 0.482031 0.586914 0.067187 0.068359
2 0.505469 0.544922 0.020313 0.019531
2 0.471094 0.543945 0.039062 0.017578
