11 0.256250 0.340820 0.040625 0.064453
0 0.734375 0.479492 0.031250 0.107422
0 0.150000 0.473633 0.021875 0.080078
0 0.346875 0.458008 0.009375 0.037109
0 0.395313 0.458984 0.009375 0.027344
0 0.308594 0.457031 0.014063 0.035156
2 0.217969 0.483398 0.095312 0.107422
2 0.415625 0.466797 0.034375 0.035156
2 0.429688 0.461914 0.021875 0.037109
2 0.442969 0.461914 0.014063 0.033203
2 0.457031 0.461914 0.017188 0.025391
2 0.492188 0.460938 0.028125 0.027344
2 0.557031 0.454102 0.010937 0.013672
10 0.667188 0.492188 0.018750 0.035156
17 0.677344 0.515625 0.010937 0.023438
1 0.040625 0.500000 0.062500 0.050781
1 0.074219 0.494141 0.048438 0.046875
1 0.107813 0.493164 0.043750 0.041016
