9 0.233594 0.265625 0.014063 0.042969
9 0.350000 0.275391 0.015625 0.042969
9 0.517188 0.370117 0.012500 0.041016
9 0.710156 0.359375 0.014063 0.035156
9 0.713281 0.403320 0.010937 0.017578
9 0.738281 0.402344 0.014063 0.015625
9 0.989062 0.092773 0.018750 0.087891
9 0.776563 0.085938 0.068750 0.171875
11 0.259375 0.263672 0.015625 0.019531
11 0.509375 0.315430 0.018750 0.013672
11 0.802344 0.364258 0.026562 0.044922
0 0.050781 0.500977 0.098437 0.228516
0 0.081250 0.498047 0.062500 0.203125
0 0.579688 0.457031 0.015625 0.058594
0 0.547656 0.461914 0.020313 0.056641
2 0.355469 0.624023 0.504687 0.458984
2 0.757812 0.470703 0.243750 0.113281
2 0.859375 0.457031 0.093750 0.070312
2 0.631250 0.458984 0.040625 0.035156
2 0.153906 0.441406 0.076563 0.042969
0 0.012500 0.472656 0.015625 0.046875
1 0.013281 0.488281 0.014063 0.035156
