9 0.976562 0.425781 0.018750 0.050781
11 0.727344 0.497070 0.014063 0.029297
11 0.784375 0.480469 0.018750 0.035156
11 0.784375 0.511719 0.018750 0.027344
11 0.940625 0.408203 0.043750 0.015625
11 0.980469 0.559570 0.020313 0.044922
11 0.984375 0.523438 0.021875 0.027344
11 0.726562 0.472656 0.018750 0.019531
0 0.269531 0.549805 0.017188 0.064453
0 0.303125 0.541016 0.018750 0.062500
0 0.321094 0.557617 0.020313 0.072266
0 0.342187 0.550781 0.018750 0.058594
0 0.369531 0.541992 0.020313 0.048828
0 0.382812 0.547852 0.012500 0.041016
0 0.396875 0.544922 0.012500 0.046875
0 0.433594 0.541992 0.010937 0.041016
0 0.459375 0.538086 0.009375 0.033203
0 0.469531 0.539062 0.010937 0.031250
0 0.479687 0.537109 0.009375 0.031250
0 0.686719 0.547852 0.010937 0.033203
0 0.714844 0.548828 0.010937 0.035156
0 0.808594 0.570312 0.023438 0.074219
0 0.175000 0.554688 0.021875 0.078125
7 0.529687 0.513672 0.065625 0.062500
7 0.633594 0.536133 0.070312 0.076172
2 0.524219 0.623047 0.160938 0.156250
