5 0.466406 0.459961 0.026562 0.037109
9 0.802344 0.289062 0.023438 0.089844
9 0.941406 0.331055 0.017188 0.060547
9 0.745313 0.246094 0.012500 0.042969
9 0.653906 0.407227 0.007812 0.029297
9 0.656250 0.443359 0.006250 0.011719
9 0.561719 0.410156 0.010937 0.031250
9 0.053906 0.251953 0.014063 0.039062
9 0.102344 0.294922 0.010937 0.035156
9 0.780469 0.289062 0.014063 0.085938
11 0.885156 0.274414 0.045312 0.044922
11 0.801562 0.386719 0.028125 0.035156
11 0.785156 0.473633 0.007812 0.033203
11 0.496094 0.444336 0.007812 0.013672
11 0.106250 0.350586 0.018750 0.017578
11 0.139063 0.345703 0.018750 0.039062
2 0.478125 0.480469 0.028125 0.031250
2 0.433594 0.495117 0.098437 0.052734
2 0.358594 0.480469 0.042188 0.042969
