9 0.406250 0.431641 0.003125 0.011719
9 0.375000 0.432617 0.003125 0.013672
11 0.576562 0.428711 0.012500 0.021484
11 0.524219 0.362305 0.067187 0.033203
11 0.203125 0.443359 0.009375 0.015625
11 0.475781 0.438477 0.039062 0.013672
2 0.050000 0.481445 0.071875 0.060547
2 0.163281 0.476562 0.067187 0.058594
2 0.207813 0.480469 0.028125 0.035156
2 0.267969 0.476562 0.035937 0.027344
2 0.307031 0.470703 0.023438 0.042969
2 0.348438 0.476562 0.078125 0.078125
2 0.529687 0.489258 0.046875 0.095703
2 0.467187 0.517578 0.143750 0.148438
