5 0.604688 0.398438 0.125000 0.074219
9 0.757031 0.402344 0.017188 0.039062
9 0.771094 0.425781 0.004687 0.015625
11 0.409375 0.443359 0.012500 0.015625
11 0.410156 0.461914 0.010937 0.017578
11 0.226562 0.454102 0.018750 0.025391
11 0.227344 0.478516 0.014063 0.019531
0 0.055469 0.559570 0.035937 0.068359
0 0.079687 0.576172 0.021875 0.085938
0 0.092188 0.551758 0.025000 0.060547
0 0.157031 0.546875 0.014063 0.031250
0 0.166406 0.544922 0.010937 0.039062
0 0.364063 0.510742 0.009375 0.033203
0 0.385937 0.513672 0.009375 0.027344
0 0.239844 0.517578 0.014063 0.035156
2 0.036719 0.644531 0.073438 0.164062
2 0.309375 0.554688 0.096875 0.089844
2 0.595313 0.614258 0.290625 0.376953
2 0.725000 0.497070 0.031250 0.041016
2 0.735938 0.541016 0.040625 0.101562
2 0.763281 0.535156 0.067187 0.109375
2 0.785156 0.546875 0.073438 0.128906
2 0.850781 0.571289 0.160938 0.177734
2 0.972656 0.669922 0.051562 0.199219
2 0.871094 0.471680 0.079687 0.041016
78 0.278125 0.578125 0.087500 0.093750
