5 0.817969 0.411133 0.260937 0.080078
5 0.635938 0.428711 0.090625 0.037109
5 0.520312 0.447266 0.068750 0.082031
5 0.433594 0.449219 0.095312 0.031250
0 0.730469 0.472656 0.039062 0.125000
0 0.689063 0.471680 0.034375 0.115234
0 0.666406 0.440430 0.010937 0.037109
0 0.634375 0.452148 0.012500 0.052734
0 0.625000 0.450195 0.009375 0.044922
0 0.607812 0.464844 0.015625 0.058594
0 0.593750 0.457031 0.012500 0.046875
0 0.582031 0.459961 0.010937 0.041016
0 0.572656 0.458008 0.010937 0.044922
0 0.557813 0.458008 0.012500 0.041016
0 0.549219 0.459961 0.007812 0.037109
0 0.542969 0.458984 0.004687 0.035156
0 0.045312 0.498047 0.018750 0.070312
0 0.060156 0.496094 0.017188 0.066406
0 0.111719 0.499023 0.023438 0.048828
0 0.129688 0.489258 0.015625 0.029297
2 0.952344 0.488281 0.092188 0.109375
2 0.909375 0.448242 0.178125 0.130859
2 0.850781 0.445312 0.142187 0.101562
2 0.647656 0.448242 0.017188 0.021484
2 0.474219 0.462891 0.023438 0.023438
2 0.453125 0.462891 0.025000 0.023438
2 0.417187 0.462891 0.025000 0.023438
2 0.360156 0.492188 0.085938 0.078125
2 0.300781 0.475586 0.032813 0.029297
