0 0.209375 0.494141 0.012500 0.042969
0 0.199219 0.497070 0.010937 0.037109
1 0.024219 0.516602 0.045312 0.091797
1 0.105469 0.511719 0.026562 0.070312
1 0.593750 0.499023 0.025000 0.068359
1 0.630469 0.507812 0.045312 0.093750
1 0.795312 0.504883 0.059375 0.115234
1 0.455469 0.544922 0.054688 0.128906
1 0.385937 0.585938 0.075000 0.191406
1 0.547656 0.535156 0.057813 0.144531
1 0.728906 0.607422 0.101562 0.281250
2 0.334375 0.477539 0.031250 0.033203
2 0.273438 0.485352 0.056250 0.052734
0 0.384375 0.508789 0.087500 0.244141
0 0.455469 0.497070 0.054688 0.181641
0 0.546094 0.484375 0.067187 0.199219
0 0.732812 0.529297 0.100000 0.363281
