9 0.601562 0.447266 0.006250 0.019531
9 0.354687 0.443359 0.006250 0.023438
0 0.672656 0.509766 0.007812 0.027344
0 0.675781 0.514648 0.007812 0.037109
0 0.687500 0.510742 0.006250 0.037109
0 0.693750 0.510742 0.009375 0.033203
0 0.700000 0.507812 0.009375 0.027344
0 0.720313 0.501953 0.015625 0.023438
0 0.762500 0.504883 0.012500 0.029297
0 0.774219 0.499023 0.010937 0.033203
0 0.782813 0.504883 0.006250 0.025391
0 0.795312 0.499023 0.012500 0.033203
0 0.863281 0.521484 0.020313 0.078125
0 0.881250 0.502930 0.015625 0.056641
0 0.937500 0.528320 0.034375 0.115234
0 0.964063 0.534180 0.031250 0.103516
0 0.875000 0.553711 0.028125 0.087891
0 0.272656 0.497070 0.014063 0.033203
0 0.367188 0.507812 0.012500 0.042969
1 0.592969 0.538086 0.023438 0.044922
2 0.500000 0.517578 0.056250 0.074219
2 0.485938 0.537109 0.075000 0.097656
2 0.440625 0.569336 0.146875 0.154297
2 0.107813 0.584961 0.215625 0.189453
0 0.592187 0.521484 0.025000 0.066406
10 0.273438 0.532227 0.012500 0.037109
