5 0.275781 0.455078 0.207813 0.203125
11 0.628906 0.445312 0.020313 0.019531
11 0.629687 0.423828 0.018750 0.023438
2 0.878125 0.538086 0.240625 0.232422
2 0.696875 0.500977 0.134375 0.138672
2 0.625000 0.499023 0.050000 0.087891
2 0.600781 0.500977 0.029687 0.060547
2 0.585156 0.494141 0.045312 0.062500
2 0.564063 0.492188 0.021875 0.046875
2 0.553125 0.492188 0.018750 0.039062
2 0.539844 0.489258 0.020313 0.033203
2 0.526563 0.488281 0.015625 0.027344
2 0.498437 0.487305 0.015625 0.017578
2 0.447656 0.489258 0.035937 0.017578
2 0.482031 0.489258 0.017188 0.009766
