0 0.180469 0.455078 0.020313 0.035156
0 0.392969 0.471680 0.007812 0.037109
0 0.465625 0.458984 0.006250 0.019531
0 0.502344 0.460938 0.004687 0.015625
0 0.573438 0.459961 0.006250 0.017578
0 0.627344 0.482422 0.020313 0.082031
0 0.753125 0.458984 0.015625 0.019531
1 0.077344 0.497070 0.039062 0.048828
1 0.134375 0.498047 0.028125 0.054688
2 0.227344 0.490234 0.157812 0.074219
2 0.557813 0.462891 0.012500 0.011719
2 0.586719 0.461914 0.014063 0.013672
2 0.604688 0.467773 0.028125 0.029297
2 0.631250 0.481445 0.034375 0.044922
2 0.657813 0.493164 0.046875 0.068359
2 0.685937 0.503906 0.050000 0.082031
2 0.739844 0.521484 0.110937 0.105469
