5 0.576562 0.557617 0.040625 0.037109
9 0.859375 0.387695 0.009375 0.029297
9 0.710938 0.505859 0.012500 0.031250
9 0.346094 0.514648 0.007812 0.037109
9 0.367188 0.555664 0.009375 0.021484
11 0.911719 0.438477 0.039062 0.021484
11 0.250781 0.557617 0.035937 0.017578
11 0.243750 0.496094 0.046875 0.011719
11 0.264062 0.477539 0.046875 0.017578
11 0.264844 0.458008 0.039062 0.013672
11 0.373437 0.498047 0.021875 0.019531
11 0.789062 0.543945 0.021875 0.009766
11 0.787500 0.522461 0.028125 0.029297
0 0.950781 0.605469 0.020313 0.082031
0 0.886719 0.591797 0.020313 0.070312
0 0.728125 0.585938 0.015625 0.062500
0 0.714844 0.589844 0.010937 0.058594
0 0.692187 0.594727 0.015625 0.064453
0 0.676562 0.587891 0.015625 0.054688
0 0.700000 0.577148 0.015625 0.052734
0 0.648438 0.574219 0.009375 0.035156
0 0.612500 0.566406 0.009375 0.031250
0 0.624219 0.568359 0.007812 0.031250
0 0.355469 0.598633 0.014063 0.052734
0 0.341406 0.595703 0.010937 0.054688
0 0.274219 0.601562 0.017188 0.062500
0 0.285938 0.601562 0.015625 0.066406
7 0.495312 0.553711 0.018750 0.017578
2 0.558594 0.604492 0.057813 0.064453
2 0.545312 0.570312 0.025000 0.019531
2 0.522656 0.565430 0.017188 0.021484
2 0.513281 0.573242 0.023438 0.025391
2 0.492188 0.570312 0.015625 0.019531
2 0.478125 0.573242 0.021875 0.021484
2 0.443750 0.571289 0.021875 0.017578
2 0.425781 0.581055 0.020313 0.025391
2 0.404687 0.594727 0.046875 0.037109
2 0.452344 0.608398 0.060937 0.060547
