11 0.130469 0.367188 0.029687 0.039062
11 0.128906 0.390625 0.014063 0.007812
0 0.566406 0.461914 0.010937 0.037109
0 0.586719 0.462891 0.007812 0.031250
0 0.596094 0.465820 0.010937 0.033203
0 0.539062 0.464844 0.006250 0.011719
0 0.532031 0.463867 0.004687 0.013672
1 0.676562 0.535156 0.043750 0.093750
2 0.497656 0.462891 0.017188 0.019531
2 0.508594 0.464844 0.007812 0.011719
2 0.476562 0.464844 0.015625 0.015625
2 0.485156 0.463867 0.007812 0.013672
2 0.457031 0.462891 0.017188 0.023438
2 0.382031 0.458008 0.023438 0.021484
2 0.414844 0.472656 0.070312 0.062500
2 0.343750 0.467773 0.031250 0.041016
2 0.361719 0.463867 0.032813 0.044922
2 0.309375 0.467773 0.059375 0.064453
2 0.265625 0.474609 0.075000 0.058594
0 0.676562 0.497070 0.043750 0.123047
