9 0.516406 0.448242 0.004687 0.005859
9 0.526563 0.454102 0.003125 0.005859
9 0.514844 0.429688 0.004687 0.011719
9 0.525000 0.439453 0.003125 0.011719
9 0.502344 0.454102 0.004687 0.005859
9 0.417187 0.403320 0.006250 0.017578
9 0.370312 0.400391 0.006250 0.015625
9 0.502344 0.439453 0.004687 0.015625
11 0.812500 0.283203 0.071875 0.113281
11 0.623437 0.429688 0.012500 0.015625
11 0.546094 0.413086 0.010937 0.013672
11 0.546094 0.423828 0.007812 0.003906
11 0.460156 0.422852 0.023438 0.005859
11 0.214062 0.442383 0.006250 0.013672
11 0.103125 0.447266 0.015625 0.027344
11 0.072656 0.432617 0.010937 0.021484
11 0.182031 0.441406 0.004687 0.011719
0 0.828906 0.463867 0.010937 0.037109
0 0.626563 0.464844 0.015625 0.050781
0 0.614062 0.465820 0.009375 0.041016
0 0.701562 0.451172 0.009375 0.039062
1 0.829688 0.496094 0.012500 0.023438
2 0.449219 0.478516 0.076563 0.082031
2 0.356250 0.473633 0.046875 0.041016
2 0.400000 0.475586 0.025000 0.021484
2 0.269531 0.469727 0.051562 0.044922
2 0.935937 0.469727 0.056250 0.025391
