7 0.695312 0.473633 0.137500 0.150391
3 0.394531 0.548828 0.042188 0.082031
2 0.048438 0.773438 0.096875 0.210938
2 0.448437 0.492188 0.012500 0.015625
2 0.463281 0.492188 0.014063 0.011719
2 0.478125 0.491211 0.009375 0.009766
2 0.482812 0.488281 0.009375 0.007812
2 0.471875 0.486328 0.006250 0.007812
2 0.532031 0.495117 0.023438 0.025391
2 0.549219 0.488281 0.014063 0.015625
2 0.575000 0.486328 0.015625 0.015625
2 0.564844 0.484375 0.007812 0.011719
2 0.559375 0.482422 0.009375 0.011719
2 0.604688 0.482422 0.012500 0.011719
2 0.596094 0.473633 0.007812 0.009766
2 0.581250 0.480469 0.006250 0.011719
2 0.568750 0.473633 0.006250 0.005859
2 0.571094 0.469727 0.004687 0.005859
2 0.496875 0.485352 0.009375 0.009766
2 0.510156 0.478516 0.007812 0.007812
2 0.515625 0.476562 0.006250 0.007812
2 0.522656 0.475586 0.007812 0.009766
2 0.529687 0.475586 0.006250 0.005859
2 0.542188 0.471680 0.006250 0.005859
2 0.578125 0.473633 0.006250 0.005859
2 0.555469 0.476562 0.007812 0.007812
2 0.565625 0.460938 0.003125 0.003906
2 0.558594 0.471680 0.004687 0.005859
2 0.578125 0.459961 0.006250 0.005859
2 0.536719 0.470703 0.004687 0.003906
2 0.534375 0.466797 0.003125 0.003906
2 0.532031 0.468750 0.004687 0.003906
2 0.542969 0.467773 0.004687 0.005859
2 0.215625 0.525391 0.062500 0.035156
0 0.395313 0.526367 0.031250 0.080078
