9 0.079687 0.384766 0.015625 0.046875
9 0.819531 0.402344 0.014063 0.054688
2 0.339844 0.510742 0.064062 0.056641
2 0.409375 0.488281 0.078125 0.117188
2 0.459375 0.510742 0.021875 0.041016
2 0.478125 0.505859 0.025000 0.031250
2 0.544531 0.499023 0.010937 0.013672
2 0.528125 0.494141 0.009375 0.011719
2 0.492969 0.494141 0.007812 0.007812
2 0.499219 0.493164 0.004687 0.005859
2 0.506250 0.493164 0.006250 0.005859
2 0.511719 0.492188 0.004687 0.003906
2 0.626563 0.509766 0.043750 0.042969
2 0.684375 0.517578 0.062500 0.054688
11 0.089844 0.435547 0.020313 0.039062
11 0.812500 0.454102 0.021875 0.041016
9 0.099219 0.387695 0.010937 0.048828
10 0.789062 0.545898 0.012500 0.037109
