9 0.958594 0.425781 0.020313 0.062500
9 0.098437 0.443359 0.018750 0.058594
11 0.974219 0.468750 0.035937 0.042969
11 0.096875 0.488281 0.034375 0.046875
0 0.989844 0.572266 0.017188 0.058594
0 0.913281 0.570312 0.020313 0.062500
0 0.925781 0.569336 0.017188 0.064453
0 0.880469 0.560547 0.014063 0.062500
0 0.889844 0.561523 0.010937 0.044922
0 0.941406 0.569336 0.020313 0.068359
0 0.957031 0.573242 0.017188 0.060547
0 0.703125 0.562500 0.009375 0.039062
0 0.687500 0.560547 0.009375 0.035156
0 0.692969 0.560547 0.007812 0.035156
0 0.613281 0.565430 0.010937 0.025391
0 0.134375 0.604492 0.025000 0.103516
0 0.165625 0.573242 0.018750 0.056641
3 0.587500 0.611328 0.034375 0.070312
3 0.465625 0.596680 0.021875 0.048828
2 0.807031 0.557617 0.048438 0.048828
2 0.514844 0.569336 0.017188 0.021484
2 0.490625 0.571289 0.015625 0.017578
2 0.501563 0.568359 0.012500 0.015625
2 0.758594 0.596680 0.110937 0.091797
2 0.332031 0.609375 0.107813 0.097656
0 0.587500 0.593750 0.031250 0.078125
0 0.466406 0.582031 0.023438 0.058594
