1 0.960156 0.700195 0.076563 0.263672
2 0.113281 0.558594 0.226562 0.292969
2 0.333594 0.505859 0.123438 0.101562
2 0.392188 0.490234 0.056250 0.078125
2 0.414844 0.475586 0.070312 0.083984
2 0.457813 0.476562 0.034375 0.054688
2 0.504687 0.463867 0.059375 0.037109
2 0.763281 0.533203 0.129688 0.117188
2 0.708594 0.509766 0.051562 0.070312
2 0.677344 0.493164 0.057813 0.060547
2 0.649219 0.489258 0.032813 0.052734
2 0.636719 0.484375 0.026562 0.042969
2 0.632812 0.474609 0.037500 0.042969
2 0.603906 0.469727 0.026562 0.025391
0 0.960156 0.623047 0.076563 0.417969
