0 0.696094 0.452148 0.014063 0.029297
0 0.028906 0.484375 0.020313 0.070312
0 0.043750 0.482422 0.015625 0.062500
0 0.057031 0.485352 0.014063 0.060547
0 0.107813 0.472656 0.018750 0.054688
1 0.357031 0.499023 0.017188 0.041016
1 0.131250 0.525391 0.031250 0.066406
1 0.086719 0.525391 0.035937 0.066406
2 0.451562 0.491211 0.062500 0.064453
2 0.425000 0.472656 0.015625 0.031250
2 0.404687 0.476562 0.015625 0.027344
2 0.381250 0.475586 0.031250 0.033203
2 0.294531 0.474609 0.051562 0.042969
0 0.355469 0.483398 0.017188 0.056641
0 0.132812 0.488281 0.031250 0.093750
0 0.086719 0.487305 0.035937 0.087891
