9 0.743750 0.246094 0.009375 0.042969
9 0.801562 0.289062 0.021875 0.082031
9 0.938281 0.331055 0.010937 0.060547
9 0.777344 0.290039 0.010937 0.091797
9 0.792969 0.385742 0.007812 0.033203
9 0.810156 0.386719 0.010937 0.035156
9 0.560937 0.410156 0.009375 0.031250
9 0.652344 0.407227 0.007812 0.029297
9 0.657031 0.444336 0.004687 0.013672
9 0.205469 0.404297 0.007812 0.031250
9 0.560937 0.441406 0.009375 0.011719
9 0.214062 0.404297 0.006250 0.031250
9 0.102344 0.294922 0.010937 0.039062
9 0.055469 0.253906 0.010937 0.039062
9 0.952344 0.406250 0.017188 0.031250
11 0.885938 0.274414 0.043750 0.041016
11 0.496094 0.443359 0.007812 0.011719
11 0.785156 0.473633 0.004687 0.033203
1 0.110937 0.586914 0.221875 0.251953
2 0.496094 0.490234 0.123438 0.066406
2 0.378906 0.472656 0.026562 0.015625
0 0.095312 0.519531 0.128125 0.320312
11 0.105469 0.350586 0.020313 0.017578
