11 0.038281 0.361328 0.048438 0.074219
11 0.034375 0.423828 0.037500 0.046875
11 0.030469 0.476562 0.032813 0.058594
11 0.205469 0.417969 0.023438 0.042969
11 0.204687 0.453125 0.021875 0.027344
11 0.203125 0.483398 0.021875 0.037109
11 0.296094 0.456055 0.032813 0.037109
11 0.296875 0.481445 0.031250 0.009766
0 0.843750 0.536133 0.012500 0.052734
0 0.832812 0.537109 0.012500 0.046875
0 0.757031 0.540039 0.007812 0.029297
0 0.701562 0.526367 0.006250 0.017578
0 0.659375 0.531250 0.006250 0.023438
0 0.652344 0.531250 0.004687 0.019531
0 0.675000 0.529297 0.006250 0.011719
0 0.527344 0.530273 0.007812 0.017578
0 0.460156 0.527344 0.010937 0.011719
0 0.468750 0.525391 0.006250 0.015625
0 0.416406 0.526367 0.014063 0.017578
0 0.089844 0.541992 0.014063 0.029297
0 0.310156 0.522461 0.010937 0.025391
2 0.560937 0.543945 0.034375 0.037109
2 0.522656 0.661133 0.176563 0.177734
2 0.459375 0.586914 0.081250 0.072266
2 0.514062 0.532227 0.015625 0.021484
2 0.502344 0.537109 0.014063 0.023438
2 0.326562 0.592773 0.100000 0.076172
2 0.365625 0.576172 0.062500 0.062500
2 0.396875 0.565430 0.053125 0.064453
2 0.483594 0.533203 0.026562 0.027344
