9 0.128906 0.264648 0.017188 0.060547
9 0.216406 0.328125 0.017188 0.070312
9 0.217188 0.386719 0.015625 0.023438
9 0.602344 0.114258 0.020313 0.060547
9 0.694531 0.076172 0.023438 0.066406
9 0.906250 0.216797 0.028125 0.085938
9 0.982812 0.237305 0.031250 0.060547
9 0.958594 0.060547 0.029687 0.121094
9 0.522656 0.347656 0.014063 0.046875
11 0.642969 0.097656 0.017188 0.039062
0 0.707812 0.464844 0.025000 0.117188
0 0.671094 0.469727 0.029687 0.126953
0 0.633594 0.435547 0.014063 0.058594
0 0.644531 0.474609 0.039062 0.140625
0 0.583594 0.466797 0.032813 0.132812
0 0.556250 0.476562 0.031250 0.128906
0 0.525781 0.460938 0.029687 0.101562
0 0.496094 0.452148 0.029687 0.095703
0 0.473438 0.455078 0.021875 0.089844
0 0.427344 0.457031 0.029687 0.085938
0 0.385937 0.452148 0.021875 0.083984
0 0.402344 0.452148 0.032813 0.091797
2 0.695312 0.451172 0.203125 0.093750
2 0.914844 0.455078 0.167187 0.105469
2 0.012500 0.442383 0.025000 0.044922
2 0.110156 0.510742 0.185938 0.185547
0 0.937500 0.471680 0.071875 0.193359
78 0.932813 0.507812 0.100000 0.136719
