1 0.040625 0.541016 0.059375 0.097656
1 0.078906 0.539062 0.045312 0.085938
1 0.117188 0.543945 0.053125 0.095703
1 0.150781 0.522461 0.045312 0.083984
1 0.222656 0.519531 0.039062 0.078125
1 0.278125 0.506836 0.025000 0.048828
1 0.299219 0.506836 0.023438 0.044922
1 0.332031 0.490234 0.020313 0.039062
1 0.359375 0.485352 0.018750 0.033203
2 0.313281 0.476562 0.026562 0.035156
2 0.185938 0.475586 0.059375 0.080078
2 0.039062 0.521484 0.078125 0.156250
2 0.498437 0.476562 0.021875 0.042969
2 0.508594 0.482422 0.023438 0.050781
2 0.549219 0.481445 0.079687 0.080078
0 0.359375 0.467773 0.018750 0.048828
0 0.350781 0.469727 0.017188 0.041016
0 0.332813 0.474609 0.021875 0.058594
0 0.300781 0.486328 0.023438 0.066406
0 0.280469 0.489258 0.026562 0.064453
0 0.223438 0.482422 0.037500 0.113281
0 0.153125 0.496094 0.053125 0.140625
0 0.083594 0.500977 0.039062 0.146484
0 0.042188 0.508789 0.065625 0.173828
0 0.108594 0.500000 0.057813 0.175781
9 0.616406 0.333008 0.010937 0.033203
2 0.407031 0.476562 0.029687 0.027344
2 0.489063 0.476562 0.015625 0.039062
