0 0.787500 0.523438 0.034375 0.117188
0 0.739062 0.522461 0.040625 0.115234
1 0.478125 0.445312 0.006250 0.011719
1 0.454688 0.438477 0.006250 0.009766
2 0.890625 0.807617 0.215625 0.380859
2 0.760156 0.458008 0.082812 0.033203
2 0.693750 0.460938 0.065625 0.039062
2 0.693750 0.435547 0.065625 0.035156
2 0.746875 0.432617 0.040625 0.025391
2 0.652344 0.540039 0.132812 0.111328
2 0.592969 0.494141 0.098437 0.101562
2 0.532813 0.463867 0.043750 0.044922
2 0.515625 0.453125 0.031250 0.035156
2 0.503906 0.442383 0.023438 0.025391
2 0.492969 0.438477 0.014063 0.021484
2 0.488281 0.432617 0.017188 0.017578
2 0.463281 0.430664 0.007812 0.009766
2 0.467969 0.425781 0.007812 0.007812
2 0.447656 0.429688 0.007812 0.007812
2 0.438281 0.431641 0.014063 0.011719
2 0.428906 0.439453 0.014063 0.015625
2 0.419531 0.443359 0.010937 0.019531
2 0.407031 0.446289 0.023438 0.025391
2 0.387500 0.456055 0.034375 0.037109
2 0.381250 0.463867 0.031250 0.037109
2 0.360938 0.468750 0.037500 0.035156
2 0.356250 0.473633 0.031250 0.037109
2 0.334375 0.485352 0.056250 0.052734
2 0.293750 0.507812 0.053125 0.070312
2 0.260937 0.522461 0.071875 0.087891
2 0.166406 0.541016 0.151562 0.140625
2 0.034375 0.627930 0.068750 0.197266
0 0.478125 0.440430 0.006250 0.017578
0 0.454688 0.433594 0.006250 0.015625
