9 0.383594 0.424805 0.004687 0.009766
9 0.495312 0.387695 0.003125 0.009766
9 0.470313 0.387695 0.003125 0.009766
9 0.537500 0.406250 0.003125 0.007812
9 0.537500 0.414062 0.003125 0.003906
9 0.442969 0.382812 0.004687 0.011719
11 0.378906 0.445312 0.007812 0.011719
11 0.386719 0.442383 0.007812 0.009766
11 0.436719 0.380859 0.007812 0.007812
11 0.374219 0.403320 0.010937 0.005859
0 0.682031 0.429688 0.017188 0.054688
2 0.016406 0.507812 0.032813 0.085938
2 0.371094 0.450195 0.017188 0.025391
2 0.432031 0.433594 0.014063 0.015625
2 0.487500 0.421875 0.009375 0.007812
2 0.464844 0.405273 0.004687 0.005859
2 0.460156 0.403320 0.004687 0.005859
2 0.453906 0.403320 0.007812 0.005859
2 0.447656 0.402344 0.004687 0.003906
10 0.522656 0.427734 0.001563 0.003906
