11 0.347656 0.407227 0.014063 0.017578
0 0.546094 0.456055 0.007812 0.025391
1 0.635938 0.524414 0.021875 0.068359
1 0.397656 0.470703 0.042188 0.031250
2 0.032031 0.490234 0.064062 0.132812
2 0.121094 0.496094 0.123438 0.101562
2 0.192188 0.485352 0.078125 0.076172
2 0.510156 0.458984 0.010937 0.007812
2 0.492188 0.454102 0.018750 0.021484
2 0.473438 0.456055 0.012500 0.013672
2 0.458594 0.456055 0.014063 0.013672
2 0.438281 0.453125 0.014063 0.019531
2 0.426563 0.453125 0.015625 0.023438
2 0.399219 0.454102 0.045312 0.033203
0 0.635156 0.492188 0.035937 0.101562
0 0.525781 0.452148 0.007812 0.029297
0 0.396875 0.456055 0.021875 0.041016
