11 0.639062 0.393555 0.025000 0.029297
11 0.640625 0.414062 0.018750 0.007812
11 0.682031 0.396484 0.014063 0.027344
0 0.825000 0.482422 0.012500 0.078125
0 0.966406 0.513672 0.051562 0.070312
1 0.958594 0.683594 0.079687 0.191406
1 0.785937 0.552734 0.031250 0.082031
1 0.734375 0.558594 0.056250 0.101562
1 0.715625 0.515625 0.031250 0.085938
1 0.782813 0.478516 0.040625 0.042969
1 0.614062 0.525391 0.043750 0.085938
2 0.814063 0.438477 0.084375 0.041016
2 0.676562 0.465820 0.090625 0.052734
2 0.632031 0.432617 0.007812 0.017578
2 0.655469 0.431641 0.017188 0.019531
2 0.233594 0.442383 0.029687 0.017578
2 0.132812 0.476562 0.115625 0.046875
0 0.614844 0.503906 0.045312 0.117188
