9 0.532813 0.527344 0.006250 0.015625
9 0.909375 0.468750 0.015625 0.042969
9 0.031250 0.332031 0.028125 0.093750
9 0.028125 0.557617 0.018750 0.048828
9 0.379688 0.503906 0.006250 0.019531
11 0.785156 0.501953 0.051562 0.027344
0 0.516406 0.562500 0.010937 0.027344
0 0.896875 0.618164 0.043750 0.146484
0 0.860938 0.614258 0.037500 0.150391
0 0.940625 0.624023 0.031250 0.150391
0 0.962500 0.630859 0.040625 0.152344
0 0.242188 0.565430 0.009375 0.029297
0 0.044531 0.566406 0.010937 0.031250
0 0.057031 0.571289 0.010937 0.033203
0 0.066406 0.565430 0.007812 0.021484
3 0.819531 0.629883 0.057813 0.095703
2 0.192188 0.589844 0.053125 0.054688
2 0.339062 0.568359 0.028125 0.027344
2 0.471875 0.549805 0.018750 0.017578
2 0.463281 0.547852 0.007812 0.009766
2 0.453125 0.545898 0.012500 0.017578
2 0.979688 0.574219 0.037500 0.023438
