9 0.085938 0.375977 0.012500 0.044922
9 0.682031 0.383789 0.010937 0.044922
9 0.410156 0.458008 0.004687 0.013672
9 0.560156 0.460938 0.004687 0.015625
11 0.675000 0.440430 0.025000 0.048828
11 0.098437 0.427734 0.028125 0.046875
0 0.246875 0.490234 0.012500 0.023438
0 0.262500 0.492188 0.012500 0.023438
0 0.347656 0.492188 0.007812 0.023438
0 0.360156 0.493164 0.007812 0.021484
0 0.701562 0.500000 0.018750 0.046875
0 0.787500 0.520508 0.025000 0.083984
0 0.829688 0.521484 0.021875 0.085938
2 0.510938 0.500000 0.018750 0.023438
