0 0.443750 0.450195 0.009375 0.029297
0 0.450781 0.446289 0.004687 0.017578
0 0.471094 0.439453 0.004687 0.015625
0 0.496094 0.441406 0.004687 0.015625
1 0.975781 0.579102 0.045312 0.119141
1 0.501563 0.449219 0.006250 0.011719
1 0.031250 0.510742 0.028125 0.052734
3 0.628125 0.508789 0.084375 0.072266
2 0.042188 0.625000 0.084375 0.175781
2 0.125781 0.558594 0.164062 0.175781
2 0.243750 0.520508 0.071875 0.099609
2 0.310156 0.507812 0.045312 0.078125
2 0.350781 0.485352 0.057813 0.056641
2 0.378906 0.473633 0.032813 0.041016
2 0.378125 0.460938 0.043750 0.039062
2 0.407813 0.458008 0.028125 0.029297
2 0.404687 0.462891 0.012500 0.027344
2 0.420312 0.455078 0.015625 0.027344
2 0.428125 0.451172 0.018750 0.023438
2 0.439844 0.446289 0.014063 0.017578
2 0.456250 0.442383 0.009375 0.013672
2 0.875781 0.493164 0.182812 0.083984
2 0.967969 0.475586 0.060937 0.068359
2 0.583594 0.489258 0.057813 0.064453
2 0.556250 0.471680 0.043750 0.041016
2 0.535156 0.459961 0.020313 0.025391
2 0.505469 0.442383 0.010937 0.013672
2 0.661719 0.458008 0.054688 0.029297
2 0.602344 0.446289 0.048438 0.025391
2 0.565625 0.443359 0.031250 0.019531
2 0.482812 0.438477 0.009375 0.009766
0 0.282031 0.521484 0.042188 0.140625
0 0.502344 0.443359 0.004687 0.015625
78 0.279687 0.596680 0.031250 0.021484
