1 0.690625 0.562500 0.187500 0.136719
1 0.167187 0.534180 0.050000 0.099609
1 0.300781 0.546875 0.076563 0.101562
1 0.975000 0.598633 0.046875 0.091797
2 0.499219 0.477539 0.023438 0.044922
2 0.510156 0.481445 0.023438 0.052734
2 0.550781 0.482422 0.076563 0.082031
2 0.368750 0.472656 0.028125 0.042969
2 0.340625 0.475586 0.046875 0.060547
2 0.264844 0.492188 0.032813 0.066406
2 0.182031 0.477539 0.089063 0.087891
2 0.041406 0.504883 0.082812 0.123047
0 0.166406 0.493164 0.048438 0.150391
0 0.302344 0.494141 0.067187 0.167969
0 0.684375 0.489258 0.096875 0.224609
9 0.616406 0.329102 0.010937 0.033203
