11 0.064062 0.450195 0.031250 0.013672
11 0.064062 0.423828 0.031250 0.039062
11 0.366406 0.505859 0.007812 0.015625
11 0.367969 0.490234 0.007812 0.015625
0 0.464062 0.552734 0.018750 0.027344
0 0.338281 0.543945 0.007812 0.009766
2 0.911719 0.851562 0.173437 0.292969
2 0.800781 0.758789 0.385937 0.302734
2 0.606250 0.646484 0.240625 0.218750
2 0.474219 0.619141 0.082812 0.117188
2 0.430469 0.614258 0.051562 0.095703
2 0.409375 0.598633 0.059375 0.091797
2 0.395313 0.580078 0.081250 0.089844
2 0.348438 0.575195 0.028125 0.052734
2 0.335156 0.568359 0.026562 0.035156
2 0.324219 0.565430 0.020313 0.037109
2 0.314063 0.561523 0.018750 0.025391
2 0.296875 0.552734 0.018750 0.019531
2 0.081250 0.821289 0.162500 0.353516
2 0.107031 0.662109 0.214062 0.335938
2 0.212500 0.601562 0.050000 0.113281
2 0.229687 0.581055 0.040625 0.091797
2 0.250000 0.562500 0.025000 0.039062
