9 0.846094 0.365234 0.010937 0.035156
9 0.855469 0.365234 0.014063 0.035156
9 0.742969 0.307617 0.020313 0.072266
9 0.771094 0.316406 0.020313 0.023438
9 0.487500 0.302734 0.012500 0.039062
9 0.522656 0.333008 0.017188 0.052734
9 0.548438 0.355469 0.009375 0.027344
9 0.535937 0.363281 0.015625 0.015625
9 0.523438 0.366211 0.012500 0.013672
9 0.011719 0.340820 0.014063 0.048828
9 0.027344 0.355469 0.014063 0.027344
9 0.040625 0.359375 0.012500 0.015625
9 0.035937 0.230469 0.040625 0.109375
9 0.171094 0.187500 0.051562 0.160156
9 0.207813 0.233398 0.025000 0.068359
0 0.507812 0.432617 0.018750 0.060547
0 0.495312 0.430664 0.012500 0.056641
1 0.539844 0.438477 0.039062 0.029297
1 0.446094 0.446289 0.039062 0.041016
1 0.389062 0.446289 0.025000 0.048828
1 0.367969 0.436523 0.017188 0.033203
2 0.971875 0.471680 0.053125 0.091797
2 0.660937 0.476562 0.203125 0.136719
2 0.226562 0.580078 0.453125 0.363281
0 0.446094 0.430664 0.020313 0.064453
0 0.366406 0.423828 0.014063 0.039062
0 0.389844 0.428711 0.020313 0.056641
