9 0.446875 0.378906 0.006250 0.015625
11 0.924219 0.309570 0.023438 0.044922
11 0.921875 0.244141 0.059375 0.082031
0 0.652344 0.452148 0.017188 0.064453
0 0.679688 0.447266 0.021875 0.074219
0 0.736719 0.444336 0.017188 0.076172
0 0.717187 0.445312 0.028125 0.089844
2 0.469531 0.441406 0.026562 0.027344
2 0.421875 0.450195 0.034375 0.037109
2 0.373437 0.454102 0.062500 0.068359
2 0.169531 0.460938 0.067187 0.054688
2 0.066406 0.468750 0.110937 0.078125
2 0.273438 0.478516 0.143750 0.136719
1 0.703125 0.464844 0.018750 0.058594
