5 0.585938 0.532227 0.115625 0.193359
9 0.728906 0.472656 0.010937 0.046875
9 0.807031 0.531250 0.014063 0.015625
9 0.640625 0.308594 0.015625 0.050781
9 0.889062 0.532227 0.012500 0.013672
11 0.064844 0.476562 0.032813 0.035156
0 0.017969 0.590820 0.017188 0.076172
0 0.100781 0.574219 0.017188 0.066406
0 0.133594 0.576172 0.014063 0.050781
0 0.220312 0.562500 0.015625 0.046875
0 0.268750 0.559570 0.009375 0.037109
0 0.279687 0.556641 0.009375 0.031250
0 0.289062 0.556641 0.009375 0.031250
0 0.297656 0.556641 0.007812 0.027344
0 0.310937 0.558594 0.006250 0.019531
0 0.323437 0.560547 0.006250 0.019531
0 0.329688 0.559570 0.006250 0.017578
0 0.335938 0.561523 0.003125 0.013672
0 0.904687 0.586914 0.021875 0.083984
0 0.884375 0.587891 0.018750 0.078125
0 0.827344 0.587891 0.026562 0.085938
0 0.799219 0.573242 0.017188 0.060547
0 0.752344 0.577148 0.020313 0.064453
0 0.707031 0.570312 0.017188 0.054688
0 0.692969 0.565430 0.014063 0.048828
0 0.674219 0.564453 0.014063 0.046875
0 0.650781 0.565430 0.010937 0.041016
2 0.353906 0.565430 0.010937 0.009766
2 0.435156 0.630859 0.135937 0.152344
2 0.493750 0.561523 0.025000 0.029297
2 0.467969 0.558594 0.026562 0.023438
2 0.435937 0.549805 0.025000 0.009766
2 0.523438 0.562500 0.012500 0.015625
2 0.510938 0.563477 0.009375 0.013672
