0 0.508594 0.456055 0.004687 0.017578
0 0.515625 0.457031 0.006250 0.019531
0 0.521875 0.455078 0.006250 0.019531
0 0.544531 0.462891 0.007812 0.035156
0 0.554688 0.463867 0.006250 0.029297
0 0.562500 0.461914 0.009375 0.041016
2 0.953906 0.488281 0.089063 0.085938
2 0.904687 0.454102 0.062500 0.025391
2 0.843750 0.460938 0.056250 0.031250
2 0.715625 0.469727 0.050000 0.060547
2 0.629687 0.461914 0.025000 0.037109
2 0.600000 0.478516 0.050000 0.050781
2 0.579688 0.462891 0.025000 0.035156
2 0.550000 0.457031 0.009375 0.015625
2 0.532031 0.458008 0.014063 0.013672
2 0.501563 0.454102 0.009375 0.017578
2 0.492188 0.456055 0.015625 0.025391
2 0.478125 0.460938 0.025000 0.031250
2 0.460156 0.464844 0.026562 0.035156
2 0.431250 0.468750 0.037500 0.046875
2 0.429688 0.473633 0.025000 0.041016
2 0.414844 0.475586 0.029687 0.044922
2 0.392188 0.480469 0.040625 0.050781
2 0.346094 0.479492 0.064062 0.080078
2 0.305469 0.490234 0.067187 0.082031
2 0.255469 0.502930 0.085938 0.091797
2 0.157031 0.527344 0.160938 0.132812
