9 0.039062 0.470703 0.015625 0.046875
9 0.052344 0.473633 0.007812 0.041016
9 0.101562 0.467773 0.015625 0.052734
9 0.242188 0.502930 0.006250 0.025391
9 0.664062 0.378906 0.028125 0.085938
9 0.703906 0.379883 0.029687 0.083984
9 0.674219 0.500977 0.010937 0.033203
9 0.699219 0.513672 0.007812 0.027344
9 0.474219 0.538086 0.017188 0.044922
9 0.507812 0.534180 0.009375 0.021484
11 0.050000 0.510742 0.021875 0.017578
11 0.185156 0.518555 0.014063 0.025391
11 0.246875 0.533203 0.012500 0.015625
0 0.957031 0.586914 0.020313 0.056641
0 0.854688 0.592773 0.015625 0.048828
0 0.839844 0.591797 0.014063 0.046875
0 0.832031 0.593750 0.010937 0.042969
0 0.825781 0.592773 0.007812 0.041016
0 0.817969 0.596680 0.007812 0.041016
0 0.800000 0.582031 0.009375 0.019531
3 0.705469 0.717773 0.114062 0.205078
2 0.231250 0.655273 0.228125 0.169922
2 0.414062 0.600586 0.090625 0.087891
2 0.505469 0.614258 0.107813 0.103516
2 0.564063 0.601562 0.050000 0.074219
2 0.603906 0.590820 0.029687 0.044922
2 0.633594 0.597656 0.020313 0.019531
0 0.710938 0.652344 0.096875 0.203125
