9 0.063281 0.386719 0.010937 0.046875
9 0.257031 0.392578 0.017188 0.058594
9 0.692969 0.441406 0.014063 0.046875
9 0.682031 0.508789 0.010937 0.017578
9 0.462500 0.469727 0.006250 0.017578
9 0.065625 0.464844 0.012500 0.019531
9 0.076563 0.387695 0.015625 0.052734
9 0.764062 0.494141 0.018750 0.023438
11 0.589063 0.487305 0.015625 0.009766
11 0.589063 0.500000 0.015625 0.015625
11 0.589063 0.466797 0.021875 0.031250
11 0.959375 0.491211 0.065625 0.025391
11 0.928125 0.465820 0.071875 0.017578
11 0.282813 0.471680 0.018750 0.005859
11 0.451562 0.455078 0.031250 0.007812
11 0.078125 0.436523 0.021875 0.037109
11 0.241406 0.457031 0.020313 0.023438
0 0.021875 0.553711 0.040625 0.107422
0 0.167969 0.540039 0.026562 0.099609
0 0.210938 0.508789 0.021875 0.041016
0 0.223438 0.549805 0.025000 0.099609
0 0.232813 0.517578 0.018750 0.078125
0 0.328906 0.534180 0.007812 0.037109
0 0.265625 0.520508 0.009375 0.017578
0 0.274219 0.520508 0.007812 0.017578
0 0.499219 0.553711 0.017188 0.060547
0 0.534375 0.557617 0.018750 0.060547
0 0.597656 0.563477 0.014063 0.072266
0 0.607031 0.570312 0.020313 0.074219
0 0.649219 0.574219 0.023438 0.074219
0 0.723437 0.569336 0.021875 0.083984
0 0.744531 0.572266 0.023438 0.082031
0 0.779687 0.576172 0.028125 0.101562
0 0.817187 0.567383 0.021875 0.072266
0 0.910156 0.578125 0.023438 0.070312
0 0.921875 0.577148 0.015625 0.072266
0 0.953906 0.585938 0.020313 0.085938
0 0.988281 0.585938 0.020313 0.093750
2 0.296094 0.546875 0.067187 0.050781
2 0.357031 0.553711 0.051562 0.060547
2 0.421094 0.581055 0.129688 0.126953
2 0.191406 0.540039 0.026562 0.044922
