11 0.119531 0.381836 0.014063 0.025391
11 0.581250 0.338867 0.021875 0.033203
11 0.582812 0.368164 0.018750 0.029297
0 0.672656 0.458008 0.020313 0.087891
0 0.648438 0.441406 0.012500 0.058594
0 0.635156 0.432617 0.014063 0.044922
0 0.616406 0.423828 0.014063 0.046875
0 0.585156 0.425781 0.014063 0.046875
0 0.517969 0.435547 0.010937 0.039062
0 0.538281 0.426758 0.010937 0.033203
0 0.546875 0.426758 0.009375 0.033203
0 0.560937 0.426758 0.009375 0.037109
0 0.570312 0.424805 0.009375 0.037109
0 0.303906 0.449219 0.007812 0.027344
0 0.292187 0.442383 0.009375 0.033203
0 0.279687 0.443359 0.009375 0.035156
0 0.268750 0.441406 0.012500 0.039062
0 0.257812 0.443359 0.012500 0.039062
0 0.986719 0.465820 0.023438 0.119141
0 0.601562 0.421875 0.015625 0.046875
2 0.967969 0.465820 0.060937 0.052734
2 0.917188 0.458008 0.075000 0.056641
2 0.849219 0.463867 0.064062 0.048828
2 0.780469 0.451172 0.073438 0.070312
2 0.196875 0.476562 0.103125 0.093750
2 0.454688 0.442383 0.028125 0.021484
