0 0.728125 0.457031 0.021875 0.082031
1 0.334375 0.484375 0.012500 0.046875
2 0.096094 0.476562 0.192188 0.449219
2 0.212500 0.486328 0.068750 0.097656
2 0.257031 0.488281 0.048438 0.066406
2 0.281250 0.472656 0.068750 0.066406
2 0.313281 0.472656 0.029687 0.050781
2 0.345313 0.474609 0.021875 0.031250
2 0.360156 0.467773 0.032813 0.033203
2 0.382812 0.463867 0.025000 0.025391
2 0.417969 0.461914 0.023438 0.025391
2 0.477344 0.458008 0.017188 0.017578
2 0.489844 0.462891 0.017188 0.035156
2 0.509375 0.458984 0.037500 0.046875
2 0.515625 0.471680 0.028125 0.041016
2 0.566406 0.468750 0.098437 0.109375
2 0.607031 0.485352 0.117188 0.111328
0 0.333594 0.458008 0.014063 0.041016
10 0.923438 0.504883 0.040625 0.099609
