5 0.842969 0.411133 0.310937 0.126953
5 0.517188 0.448242 0.059375 0.080078
5 0.432812 0.452148 0.096875 0.041016
0 0.635156 0.451172 0.010937 0.042969
0 0.626563 0.451172 0.009375 0.046875
0 0.614844 0.452148 0.010937 0.041016
0 0.602344 0.452148 0.014063 0.041016
0 0.591406 0.458984 0.010937 0.042969
0 0.581250 0.458008 0.012500 0.044922
0 0.571875 0.454102 0.009375 0.052734
0 0.554688 0.459961 0.012500 0.044922
0 0.547656 0.458008 0.007812 0.029297
0 0.169531 0.487305 0.014063 0.048828
0 0.128906 0.490234 0.014063 0.027344
0 0.112500 0.494141 0.018750 0.054688
2 0.951562 0.486328 0.093750 0.109375
2 0.909375 0.447266 0.178125 0.132812
2 0.851562 0.445312 0.137500 0.105469
2 0.773438 0.444336 0.118750 0.083984
2 0.644531 0.448242 0.020313 0.021484
