9 0.110937 0.460938 0.012500 0.035156
9 0.366406 0.484375 0.007812 0.027344
9 0.870313 0.449219 0.021875 0.058594
9 0.786719 0.227539 0.064062 0.173828
9 0.786719 0.584961 0.023438 0.080078
9 0.932813 0.333984 0.028125 0.089844
9 0.595313 0.489258 0.009375 0.013672
11 0.016406 0.466797 0.017188 0.035156
11 0.313281 0.498047 0.014063 0.015625
11 0.313281 0.515625 0.010937 0.019531
11 0.499219 0.499023 0.042188 0.009766
11 0.517188 0.513672 0.037500 0.011719
11 0.592187 0.516602 0.015625 0.021484
11 0.621875 0.512695 0.028125 0.009766
11 0.790625 0.372070 0.087500 0.111328
0 0.205469 0.666016 0.064062 0.292969
0 0.370312 0.657227 0.090625 0.220703
0 0.269531 0.553711 0.014063 0.044922
1 0.879687 0.665039 0.134375 0.103516
3 0.660156 0.614258 0.098437 0.072266
2 0.526563 0.578125 0.168750 0.078125
2 0.127344 0.580078 0.129688 0.078125
0 0.664062 0.588867 0.040625 0.087891
0 0.639062 0.583008 0.037500 0.091797
0 0.870313 0.626953 0.062500 0.140625
