11 0.600781 0.146484 0.135937 0.074219
11 0.603125 0.222656 0.137500 0.085938
11 0.775000 0.221680 0.137500 0.060547
11 0.772656 0.172852 0.135937 0.041016
11 0.770312 0.124023 0.137500 0.060547
11 0.801562 0.419922 0.025000 0.035156
11 0.267969 0.453125 0.023438 0.027344
11 0.268750 0.472656 0.021875 0.007812
7 0.517188 0.496094 0.034375 0.058594
2 0.078906 0.631836 0.157812 0.255859
2 0.228906 0.650391 0.279687 0.250000
2 0.400781 0.555664 0.129688 0.126953
2 0.302344 0.531250 0.076563 0.035156
2 0.482031 0.527344 0.060937 0.066406
2 0.510938 0.521484 0.025000 0.054688
2 0.520312 0.518555 0.018750 0.041016
2 0.650000 0.531250 0.228125 0.316406
