9 0.644531 0.288086 0.014063 0.048828
9 0.844531 0.268555 0.020313 0.060547
9 0.849219 0.343750 0.017188 0.027344
9 0.890625 0.344727 0.021875 0.025391
11 0.508594 0.396484 0.004687 0.007812
11 0.508594 0.384766 0.007812 0.011719
11 0.508594 0.367188 0.010937 0.015625
11 0.650000 0.338867 0.037500 0.013672
0 0.514844 0.429688 0.014063 0.039062
1 0.025781 0.462891 0.051562 0.062500
1 0.569531 0.467773 0.029687 0.056641
7 0.617969 0.416016 0.060937 0.070312
2 0.283594 0.556641 0.567187 0.324219
2 0.485156 0.429688 0.035937 0.042969
2 0.425000 0.389648 0.012500 0.013672
2 0.444531 0.398438 0.014063 0.019531
0 0.016406 0.441406 0.032813 0.089844
0 0.548438 0.420898 0.034375 0.072266
10 0.126562 0.458984 0.012500 0.046875
