5 0.432812 0.453125 0.096875 0.042969
5 0.513281 0.447266 0.057813 0.082031
5 0.635938 0.431641 0.090625 0.046875
5 0.845313 0.388672 0.306250 0.085938
0 0.114844 0.491211 0.014063 0.048828
0 0.128906 0.489258 0.014063 0.025391
0 0.170313 0.481445 0.012500 0.037109
0 0.362500 0.465820 0.006250 0.021484
0 0.373437 0.464844 0.006250 0.019531
0 0.549219 0.459961 0.010937 0.041016
0 0.570312 0.455078 0.015625 0.054688
0 0.578125 0.456055 0.012500 0.044922
0 0.589063 0.457031 0.012500 0.046875
0 0.597656 0.454102 0.010937 0.044922
0 0.605469 0.451172 0.014063 0.046875
0 0.628125 0.452148 0.012500 0.044922
0 0.620313 0.452148 0.009375 0.041016
0 0.633594 0.451172 0.010937 0.042969
0 0.692969 0.491211 0.035937 0.130859
0 0.730469 0.473633 0.048438 0.166016
2 0.850000 0.445312 0.140625 0.105469
2 0.910156 0.446289 0.176563 0.138672
2 0.950781 0.485352 0.095312 0.111328
2 0.452344 0.463867 0.026562 0.021484
2 0.474219 0.463867 0.026562 0.025391
10 0.340625 0.477539 0.006250 0.017578
