5 0.348438 0.450195 0.087500 0.123047
11 0.874219 0.426758 0.035937 0.056641
11 0.873437 0.364258 0.062500 0.064453
11 0.835938 0.439453 0.009375 0.039062
11 0.800000 0.440430 0.009375 0.041016
11 0.490625 0.418945 0.018750 0.025391
0 0.896875 0.482422 0.043750 0.054688
0 0.932031 0.479492 0.020313 0.037109
2 0.713281 0.513672 0.164062 0.097656
2 0.688281 0.488281 0.164062 0.097656
2 0.625781 0.497070 0.039062 0.072266
2 0.601562 0.495117 0.053125 0.056641
2 0.567969 0.488281 0.067187 0.058594
2 0.525781 0.486328 0.054688 0.050781
2 0.318750 0.478516 0.090625 0.105469
2 0.237500 0.446289 0.018750 0.021484
2 0.225781 0.434570 0.020313 0.025391
2 0.203906 0.425781 0.035937 0.027344
2 0.176563 0.428711 0.018750 0.017578
