9 0.164844 0.219727 0.026562 0.103516
9 0.497656 0.156250 0.035937 0.117188
9 0.500781 0.295898 0.035937 0.044922
9 0.166406 0.332031 0.029687 0.035156
11 0.128906 0.228516 0.020313 0.070312
11 0.145313 0.291992 0.065625 0.029297
11 0.596875 0.219727 0.081250 0.029297
0 0.175781 0.479492 0.039062 0.146484
0 0.365625 0.500000 0.050000 0.210938
0 0.425000 0.485352 0.068750 0.224609
0 0.522656 0.496094 0.082812 0.316406
0 0.795312 0.505859 0.125000 0.441406
2 0.909375 0.409180 0.112500 0.037109
2 0.598437 0.449219 0.081250 0.054688
2 0.662500 0.455078 0.100000 0.050781
2 0.323437 0.441406 0.143750 0.066406
