11 0.460156 0.421875 0.007812 0.015625
0 0.500000 0.460938 0.012500 0.039062
0 0.520312 0.462891 0.009375 0.039062
0 0.547656 0.460938 0.014063 0.039062
0 0.558594 0.458984 0.007812 0.031250
0 0.721875 0.464844 0.018750 0.074219
1 0.633594 0.479492 0.026562 0.052734
2 0.034375 0.449219 0.068750 0.027344
2 0.131250 0.464844 0.106250 0.054688
2 0.235937 0.473633 0.106250 0.072266
2 0.298438 0.469727 0.053125 0.052734
2 0.395313 0.457031 0.050000 0.031250
2 0.591406 0.463867 0.032813 0.025391
0 0.634375 0.464844 0.025000 0.066406
