9 0.480469 0.417969 0.007812 0.019531
9 0.682813 0.416992 0.006250 0.017578
9 0.433594 0.410156 0.010937 0.023438
9 0.435156 0.434570 0.010937 0.013672
9 0.377344 0.418945 0.007812 0.017578
11 0.942969 0.398438 0.039062 0.039062
11 0.194531 0.425781 0.010937 0.031250
0 0.925000 0.490234 0.015625 0.050781
0 0.085938 0.493164 0.028125 0.076172
0 0.339062 0.479492 0.018750 0.025391
0 0.761719 0.465820 0.007812 0.025391
0 0.772656 0.461914 0.007812 0.025391
2 0.604688 0.438477 0.009375 0.009766
2 0.591406 0.453125 0.020313 0.023438
2 0.587500 0.435547 0.009375 0.011719
2 0.567969 0.469727 0.029687 0.029297
2 0.549219 0.455078 0.017188 0.019531
2 0.139063 0.568359 0.221875 0.136719
2 0.621094 0.430664 0.004687 0.005859
2 0.628125 0.434570 0.012500 0.013672
2 0.609375 0.432617 0.006250 0.005859
10 0.483594 0.472656 0.004687 0.019531
