0 0.517188 0.359375 0.006250 0.023438
0 0.510156 0.355469 0.004687 0.019531
0 0.775781 0.381836 0.026562 0.037109
3 0.577344 0.385742 0.042188 0.033203
2 0.076563 0.511719 0.153125 0.203125
2 0.181250 0.458008 0.153125 0.138672
2 0.251563 0.429688 0.093750 0.105469
2 0.304688 0.415039 0.062500 0.083984
2 0.165625 0.375000 0.103125 0.039062
2 0.351562 0.393555 0.059375 0.056641
2 0.372656 0.382812 0.051562 0.062500
2 0.402344 0.376953 0.023438 0.042969
2 0.424219 0.374023 0.026562 0.033203
2 0.434375 0.367188 0.031250 0.039062
2 0.451562 0.364258 0.015625 0.025391
2 0.458594 0.358398 0.010937 0.017578
2 0.496094 0.353516 0.010937 0.011719
2 0.563281 0.375977 0.032813 0.037109
2 0.548438 0.370117 0.021875 0.029297
2 0.537500 0.370117 0.012500 0.029297
2 0.616406 0.371094 0.029687 0.039062
2 0.594531 0.363281 0.017188 0.035156
2 0.703906 0.375977 0.079687 0.041016
2 0.729688 0.477539 0.109375 0.162109
2 0.864062 0.537109 0.268750 0.367188
0 0.470313 0.367188 0.012500 0.042969
78 0.470313 0.391602 0.009375 0.005859
