9 0.059375 0.552734 0.012500 0.011719
11 0.838281 0.509766 0.020313 0.054688
11 0.494531 0.453125 0.026562 0.042969
11 0.496875 0.494141 0.025000 0.035156
11 0.051562 0.515625 0.015625 0.019531
11 0.051562 0.532227 0.015625 0.013672
11 0.381250 0.493164 0.018750 0.025391
11 0.382812 0.509766 0.018750 0.007812
0 0.131250 0.585938 0.025000 0.054688
0 0.224219 0.571289 0.014063 0.044922
0 0.332031 0.558594 0.010937 0.035156
0 0.418750 0.554688 0.009375 0.042969
0 0.424219 0.552734 0.010937 0.042969
0 0.402344 0.535156 0.007812 0.023438
0 0.432812 0.533203 0.006250 0.023438
0 0.286719 0.552734 0.007812 0.019531
3 0.266406 0.611328 0.026562 0.050781
2 0.863281 0.598633 0.223438 0.123047
2 0.439844 0.720703 0.260937 0.261719
2 0.257031 0.579102 0.067187 0.041016
2 0.303906 0.566406 0.039062 0.035156
0 0.265625 0.590820 0.018750 0.064453
