5 0.785937 0.447266 0.109375 0.093750
11 0.537500 0.429688 0.021875 0.023438
0 0.979688 0.458008 0.021875 0.072266
0 0.925000 0.451172 0.012500 0.050781
0 0.905469 0.450195 0.014063 0.056641
0 0.886719 0.448242 0.010937 0.037109
0 0.877344 0.449219 0.007812 0.035156
0 0.605469 0.461914 0.007812 0.017578
0 0.450000 0.488281 0.015625 0.039062
0 0.523438 0.477539 0.015625 0.029297
0 0.364063 0.503906 0.025000 0.050781
0 0.275781 0.500977 0.023438 0.048828
0 0.255469 0.528320 0.017188 0.103516
0 0.129688 0.529297 0.040625 0.078125
0 0.010156 0.529297 0.020313 0.074219
3 0.816406 0.536133 0.076563 0.138672
3 0.621094 0.602539 0.073438 0.146484
3 0.564063 0.498047 0.046875 0.062500
3 0.542188 0.502930 0.062500 0.068359
3 0.521875 0.504883 0.071875 0.080078
3 0.493750 0.516602 0.078125 0.091797
3 0.342187 0.562500 0.084375 0.113281
3 0.293750 0.574219 0.109375 0.128906
3 0.222656 0.605469 0.132812 0.132812
3 0.417187 0.609375 0.109375 0.179688
3 0.109375 0.808594 0.218750 0.367188
2 0.713281 0.454102 0.020313 0.021484
2 0.729688 0.453125 0.012500 0.027344
2 0.103125 0.617188 0.206250 0.203125
0 0.813281 0.500000 0.064062 0.144531
0 0.623437 0.559570 0.075000 0.193359
0 0.419531 0.553711 0.095312 0.212891
0 0.127344 0.711914 0.154688 0.349609
