9 0.859375 0.395508 0.021875 0.080078
9 0.828906 0.444336 0.029687 0.025391
9 0.256250 0.484375 0.015625 0.015625
9 0.257812 0.421875 0.012500 0.042969
9 0.410156 0.452148 0.010937 0.033203
11 0.385937 0.498047 0.015625 0.007812
0 0.975000 0.621094 0.046875 0.199219
0 0.716406 0.549805 0.017188 0.060547
0 0.734375 0.553711 0.018750 0.056641
0 0.114062 0.560547 0.031250 0.082031
3 0.335938 0.584961 0.062500 0.056641
3 0.377344 0.581055 0.032813 0.056641
2 0.833594 0.562500 0.145313 0.062500
2 0.532813 0.541016 0.015625 0.019531
2 0.514844 0.545898 0.026562 0.029297
2 0.667969 0.561523 0.042188 0.044922
2 0.646094 0.546875 0.029687 0.031250
2 0.629687 0.544922 0.018750 0.027344
2 0.626563 0.541016 0.028125 0.027344
