11 0.734375 0.430664 0.034375 0.025391
0 0.518750 0.478516 0.015625 0.046875
7 0.666406 0.470703 0.039062 0.066406
3 0.375000 0.534180 0.028125 0.044922
2 0.908594 0.697266 0.179688 0.378906
2 0.560156 0.559570 0.145313 0.146484
2 0.613281 0.497070 0.039062 0.044922
2 0.639062 0.489258 0.021875 0.037109
2 0.035156 0.580078 0.070312 0.097656
2 0.068750 0.570312 0.093750 0.089844
2 0.256250 0.533203 0.106250 0.058594
2 0.328125 0.528320 0.056250 0.048828
2 0.353125 0.518555 0.025000 0.037109
2 0.420312 0.508789 0.053125 0.056641
2 0.490625 0.498047 0.021875 0.027344
2 0.693750 0.472656 0.025000 0.023438
0 0.374219 0.517578 0.026562 0.070312
