1 0.343750 0.483398 0.015625 0.037109
1 0.334375 0.488281 0.018750 0.042969
1 0.317969 0.499023 0.020313 0.060547
1 0.296094 0.494141 0.023438 0.046875
1 0.267969 0.513672 0.026562 0.062500
1 0.238281 0.568359 0.117188 0.136719
1 0.135937 0.528320 0.043750 0.099609
1 0.729688 0.583984 0.212500 0.164062
2 0.041406 0.500977 0.082812 0.119141
2 0.174219 0.480469 0.076563 0.082031
2 0.501563 0.477539 0.028125 0.041016
2 0.509375 0.481445 0.028125 0.048828
2 0.550781 0.480469 0.076563 0.074219
2 0.392969 0.472656 0.029687 0.027344
0 0.350781 0.467773 0.029687 0.056641
0 0.334375 0.468750 0.021875 0.062500
0 0.317969 0.477539 0.023438 0.076172
0 0.293750 0.475586 0.025000 0.064453
0 0.267969 0.478516 0.032813 0.093750
0 0.234375 0.511719 0.068750 0.179688
0 0.134375 0.482422 0.050000 0.156250
0 0.748437 0.529297 0.103125 0.210938
9 0.616406 0.329102 0.010937 0.037109
