9 0.895312 0.378906 0.009375 0.023438
9 0.894531 0.323242 0.017188 0.048828
9 0.652344 0.395508 0.017188 0.017578
9 0.655469 0.343750 0.007812 0.039062
9 0.138281 0.348633 0.007812 0.041016
9 0.136719 0.402344 0.014063 0.015625
0 0.600000 0.588867 0.146875 0.451172
0 0.563281 0.593750 0.173437 0.347656
2 0.503125 0.468750 0.028125 0.027344
2 0.485156 0.466797 0.014063 0.019531
2 0.473438 0.461914 0.012500 0.013672
2 0.470313 0.456055 0.009375 0.009766
2 0.446094 0.455078 0.007812 0.007812
2 0.433594 0.456055 0.007812 0.009766
2 0.420312 0.462891 0.012500 0.011719
2 0.403125 0.465820 0.015625 0.021484
2 0.384375 0.468750 0.015625 0.019531
2 0.367969 0.470703 0.026562 0.027344
2 0.344531 0.472656 0.032813 0.035156
2 0.321875 0.476562 0.028125 0.039062
2 0.284375 0.474609 0.059375 0.058594
10 0.633594 0.485352 0.010937 0.044922
