9 0.482812 0.463867 0.003125 0.013672
11 0.690625 0.509766 0.025000 0.039062
11 0.028125 0.477539 0.012500 0.037109
0 0.195312 0.566406 0.028125 0.070312
0 0.217188 0.564453 0.018750 0.074219
0 0.274219 0.563477 0.023438 0.076172
0 0.306250 0.532227 0.009375 0.021484
0 0.317188 0.531250 0.006250 0.015625
0 0.538281 0.587891 0.026562 0.042969
0 0.596094 0.533203 0.007812 0.023438
0 0.563281 0.529297 0.004687 0.019531
0 0.614062 0.533203 0.009375 0.031250
0 0.628125 0.540039 0.012500 0.037109
0 0.622656 0.536133 0.007812 0.033203
0 0.671094 0.547852 0.014063 0.048828
0 0.506250 0.542969 0.012500 0.027344
7 0.399219 0.519531 0.026562 0.031250
3 0.188281 0.584961 0.023438 0.044922
2 0.075000 0.611328 0.150000 0.125000
2 0.898438 0.728516 0.200000 0.511719
2 0.775000 0.660156 0.234375 0.253906
2 0.452344 0.653320 0.195312 0.212891
2 0.374219 0.564453 0.057813 0.058594
2 0.433594 0.539062 0.023438 0.023438
2 0.477344 0.539062 0.035937 0.027344
2 0.413281 0.535156 0.026562 0.023438
2 0.450781 0.519531 0.014063 0.015625
2 0.479687 0.519531 0.018750 0.019531
2 0.437500 0.516602 0.012500 0.013672
2 0.589063 0.585938 0.081250 0.082031
