9 0.612500 0.386719 0.009375 0.031250
9 0.514844 0.347656 0.007812 0.019531
9 0.453125 0.315430 0.012500 0.033203
9 0.400781 0.392578 0.004687 0.027344
0 0.215625 0.473633 0.015625 0.041016
0 0.410938 0.455078 0.012500 0.031250
0 0.304688 0.446289 0.009375 0.021484
0 0.453906 0.454102 0.014063 0.037109
0 0.505469 0.452148 0.010937 0.041016
0 0.527344 0.453125 0.010937 0.039062
0 0.536719 0.455078 0.010937 0.039062
0 0.464844 0.439453 0.004687 0.011719
0 0.281250 0.464844 0.015625 0.042969
1 0.547656 0.468750 0.020313 0.023438
1 0.572656 0.470703 0.010937 0.023438
2 0.555469 0.454102 0.023438 0.029297
2 0.536719 0.440430 0.014063 0.013672
2 0.489844 0.441406 0.007812 0.007812
2 0.735938 0.520508 0.156250 0.158203
0 0.550000 0.456055 0.015625 0.041016
0 0.571875 0.458984 0.009375 0.035156
78 0.936719 0.450195 0.123438 0.138672
