5 0.372656 0.439453 0.029687 0.035156
9 0.292969 0.399414 0.004687 0.013672
9 0.335938 0.396484 0.003125 0.011719
9 0.261719 0.138672 0.039062 0.074219
9 0.767188 0.296875 0.015625 0.066406
9 0.768750 0.369141 0.021875 0.027344
11 0.015625 0.413086 0.012500 0.025391
11 0.015625 0.448242 0.025000 0.041016
11 0.232031 0.424805 0.014063 0.005859
11 0.265625 0.415039 0.015625 0.005859
11 0.329688 0.395508 0.009375 0.009766
11 0.282031 0.430664 0.004687 0.009766
11 0.314063 0.137695 0.040625 0.068359
11 0.589844 0.230469 0.107813 0.023438
11 0.746875 0.238281 0.037500 0.039062
0 0.876563 0.620117 0.243750 0.755859
2 0.328125 0.459961 0.046875 0.048828
2 0.357031 0.457031 0.020313 0.027344
2 0.403125 0.457031 0.031250 0.031250
2 0.421875 0.447266 0.018750 0.023438
2 0.459375 0.468750 0.056250 0.058594
78 0.464062 0.426758 0.034375 0.029297
