9 0.260156 0.404297 0.007812 0.027344
9 0.534375 0.417969 0.006250 0.023438
9 0.614844 0.422852 0.010937 0.013672
11 0.123438 0.428711 0.025000 0.017578
11 0.920312 0.329102 0.037500 0.033203
11 0.801562 0.325195 0.015625 0.033203
0 0.093750 0.476562 0.015625 0.023438
0 0.157812 0.480469 0.018750 0.054688
0 0.171094 0.469727 0.014063 0.029297
0 0.225000 0.468750 0.012500 0.023438
0 0.237500 0.475586 0.009375 0.033203
0 0.576562 0.467773 0.009375 0.029297
0 0.663281 0.502930 0.060937 0.220703
2 0.066406 0.582031 0.132812 0.308594
2 0.296094 0.493164 0.054688 0.072266
2 0.410156 0.536133 0.226562 0.236328
2 0.714844 0.490234 0.176563 0.199219
