0 0.148438 0.485352 0.021875 0.068359
0 0.186719 0.467773 0.014063 0.029297
0 0.222656 0.462891 0.014063 0.035156
0 0.266406 0.463867 0.017188 0.048828
0 0.298438 0.451172 0.009375 0.035156
0 0.307812 0.451172 0.009375 0.035156
0 0.364844 0.445312 0.004687 0.015625
0 0.370312 0.444336 0.006250 0.021484
0 0.517969 0.445312 0.007812 0.027344
0 0.622656 0.447266 0.010937 0.015625
0 0.641406 0.459961 0.010937 0.037109
0 0.764844 0.454102 0.014063 0.041016
0 0.775781 0.509766 0.039062 0.113281
1 0.321875 0.488281 0.015625 0.035156
1 0.601562 0.521484 0.021875 0.054688
2 0.357031 0.448242 0.017188 0.025391
2 0.440625 0.448242 0.028125 0.021484
2 0.464062 0.451172 0.037500 0.027344
2 0.489844 0.452148 0.035937 0.029297
2 0.552344 0.459961 0.039062 0.033203
2 0.588281 0.464844 0.042188 0.046875
2 0.607812 0.474609 0.056250 0.050781
2 0.715625 0.459961 0.081250 0.037109
2 0.199219 0.552734 0.173437 0.148438
0 0.321094 0.474609 0.017188 0.050781
0 0.589844 0.476562 0.017188 0.062500
0 0.600000 0.499023 0.028125 0.091797
