5 0.521094 0.534180 0.014063 0.021484
9 0.392188 0.498047 0.006250 0.019531
0 0.636719 0.553711 0.010937 0.037109
0 0.573438 0.542969 0.006250 0.019531
0 0.578125 0.544922 0.006250 0.023438
0 0.407813 0.539062 0.006250 0.015625
0 0.399219 0.541016 0.007812 0.023438
0 0.646875 0.551758 0.006250 0.041016
0 0.775781 0.568359 0.010937 0.050781
0 0.795312 0.561523 0.018750 0.068359
0 0.778125 0.540039 0.009375 0.025391
3 0.476562 0.568359 0.015625 0.035156
2 0.506250 0.544922 0.015625 0.019531
2 0.492188 0.551758 0.021875 0.025391
2 0.487500 0.536133 0.012500 0.009766
2 0.478125 0.538086 0.009375 0.013672
2 0.469531 0.540039 0.010937 0.013672
2 0.462500 0.544922 0.015625 0.015625
2 0.439063 0.558594 0.031250 0.031250
2 0.416406 0.570312 0.051562 0.050781
0 0.475781 0.557617 0.014063 0.033203
