5 0.546875 0.448242 0.068750 0.103516
11 0.696094 0.370117 0.035937 0.021484
11 0.199219 0.387695 0.010937 0.021484
1 0.686719 0.545898 0.054688 0.119141
2 0.915625 0.553711 0.165625 0.212891
2 0.804688 0.513672 0.168750 0.144531
2 0.645312 0.490234 0.043750 0.082031
2 0.750000 0.464844 0.081250 0.066406
2 0.624219 0.475586 0.076563 0.083984
2 0.433594 0.514648 0.226562 0.259766
2 0.196094 0.486328 0.135937 0.132812
2 0.282813 0.492188 0.056250 0.054688
2 0.308594 0.484375 0.026562 0.039062
0 0.690625 0.497070 0.056250 0.181641
11 0.684375 0.396484 0.012500 0.019531
