11 0.869531 0.372070 0.067187 0.044922
11 0.867969 0.308594 0.064062 0.082031
11 0.230469 0.395508 0.026562 0.029297
11 0.232813 0.418945 0.021875 0.017578
11 0.506250 0.416992 0.006250 0.009766
0 0.007812 0.478516 0.015625 0.078125
0 0.132812 0.575195 0.078125 0.173828
0 0.289844 0.453125 0.014063 0.042969
0 0.572656 0.435547 0.010937 0.027344
0 0.517188 0.458984 0.015625 0.039062
0 0.639844 0.456055 0.020313 0.033203
0 0.653906 0.455078 0.014063 0.031250
0 0.721875 0.458984 0.015625 0.031250
0 0.702344 0.466797 0.023438 0.042969
0 0.695312 0.462891 0.018750 0.046875
0 0.678906 0.458984 0.014063 0.042969
0 0.842969 0.460938 0.023438 0.074219
0 0.371875 0.444336 0.009375 0.025391
1 0.323437 0.476562 0.015625 0.031250
1 0.222656 0.482422 0.014063 0.039062
1 0.256250 0.481445 0.018750 0.041016
1 0.578125 0.461914 0.021875 0.033203
1 0.590625 0.461914 0.021875 0.033203
1 0.389844 0.445312 0.004687 0.011719
3 0.545312 0.460938 0.043750 0.031250
2 0.968750 0.860352 0.059375 0.251953
2 0.546875 0.591797 0.209375 0.238281
2 0.532031 0.453125 0.051562 0.046875
2 0.508594 0.453125 0.014063 0.035156
2 0.504687 0.448242 0.015625 0.029297
2 0.498437 0.447266 0.009375 0.027344
2 0.488281 0.436523 0.023438 0.025391
2 0.474219 0.432617 0.010937 0.013672
2 0.465625 0.432617 0.009375 0.013672
2 0.425781 0.431641 0.020313 0.015625
2 0.437500 0.431641 0.009375 0.011719
0 0.389844 0.437500 0.004687 0.015625
0 0.323437 0.459961 0.018750 0.052734
10 0.363281 0.448242 0.004687 0.009766
