0 0.552344 0.558594 0.095312 0.203125
0 0.912500 0.554688 0.043750 0.183594
1 0.243750 0.553711 0.056250 0.083984
1 0.367188 0.546875 0.112500 0.097656
1 0.145313 0.560547 0.062500 0.082031
1 0.103125 0.559570 0.046875 0.080078
2 0.567969 0.503906 0.120313 0.101562
2 0.663281 0.532227 0.189062 0.123047
2 0.809375 0.503906 0.159375 0.101562
2 0.966406 0.512695 0.064062 0.095703
2 0.915625 0.496094 0.109375 0.085938
11 0.493750 0.336914 0.028125 0.013672
11 0.508594 0.284180 0.010937 0.052734
0 0.025000 0.563477 0.015625 0.048828
0 0.040625 0.562500 0.018750 0.058594
