9 0.778906 0.463867 0.010937 0.025391
9 0.992188 0.333008 0.012500 0.068359
9 0.421875 0.303711 0.028125 0.091797
9 0.454688 0.305664 0.031250 0.083984
9 0.442969 0.516602 0.014063 0.044922
9 0.354687 0.421875 0.018750 0.054688
9 0.462500 0.517578 0.015625 0.050781
9 0.986719 0.509766 0.017188 0.042969
11 0.780469 0.488281 0.014063 0.015625
0 0.118750 0.545898 0.009375 0.033203
0 0.200000 0.544922 0.015625 0.054688
0 0.310937 0.539062 0.009375 0.031250
0 0.321875 0.539062 0.009375 0.031250
3 0.407813 0.565430 0.062500 0.060547
2 0.255469 0.547852 0.029687 0.033203
2 0.457813 0.573242 0.128125 0.087891
2 0.567187 0.583008 0.265625 0.138672
2 0.819531 0.543945 0.042188 0.056641
2 0.867188 0.558594 0.100000 0.082031
2 0.796094 0.524414 0.023438 0.025391
2 0.039844 0.561523 0.079687 0.087891
2 0.923438 0.541016 0.040625 0.046875
0 0.410156 0.542969 0.023438 0.046875
