5 0.651563 0.457031 0.018750 0.031250
9 0.640625 0.416992 0.003125 0.009766
11 0.031250 0.405273 0.046875 0.064453
11 0.820312 0.372070 0.028125 0.037109
11 0.175000 0.390625 0.046875 0.058594
0 0.745313 0.467773 0.006250 0.029297
0 0.757031 0.464844 0.007812 0.023438
0 0.780469 0.459961 0.010937 0.021484
0 0.149219 0.539062 0.023438 0.109375
0 0.379688 0.486328 0.012500 0.019531
0 0.514844 0.470703 0.007812 0.015625
0 0.483594 0.474609 0.007812 0.011719
0 0.087500 0.541992 0.031250 0.095703
2 0.246875 0.587891 0.175000 0.171875
2 0.352344 0.559570 0.092188 0.111328
2 0.411719 0.529297 0.079687 0.082031
2 0.471875 0.512695 0.068750 0.068359
2 0.509375 0.502930 0.034375 0.048828
2 0.536719 0.493164 0.039062 0.041016
2 0.554688 0.487305 0.025000 0.033203
2 0.568750 0.480469 0.025000 0.031250
2 0.587500 0.478516 0.021875 0.027344
2 0.923438 0.642578 0.150000 0.292969
2 0.864062 0.553711 0.178125 0.201172
2 0.768750 0.531250 0.071875 0.121094
2 0.700000 0.486328 0.050000 0.046875
2 0.677344 0.476562 0.029687 0.031250
2 0.664062 0.467773 0.018750 0.021484
2 0.613281 0.470703 0.017188 0.019531
2 0.599219 0.476562 0.010937 0.023438
2 0.620313 0.465820 0.012500 0.013672
2 0.630469 0.463867 0.007812 0.009766
2 0.640625 0.464844 0.006250 0.011719
2 0.635938 0.461914 0.006250 0.009766
