11 0.581250 0.442383 0.018750 0.033203
11 0.579688 0.464844 0.018750 0.011719
11 0.600000 0.442383 0.009375 0.017578
11 0.640625 0.452148 0.012500 0.029297
0 0.895312 0.509766 0.006250 0.015625
0 0.475781 0.510742 0.020313 0.056641
0 0.454688 0.508789 0.021875 0.060547
2 0.966406 0.516602 0.023438 0.021484
2 0.941406 0.515625 0.039062 0.027344
2 0.917188 0.510742 0.021875 0.021484
2 0.884375 0.524414 0.034375 0.037109
2 0.834375 0.524414 0.084375 0.037109
2 0.707812 0.545898 0.175000 0.123047
2 0.650000 0.513672 0.150000 0.089844
2 0.813281 0.499023 0.029687 0.017578
2 0.842187 0.503906 0.043750 0.015625
2 0.592969 0.493164 0.039062 0.029297
2 0.796875 0.501953 0.018750 0.023438
