9 0.346094 0.417969 0.007812 0.023438
9 0.414844 0.369141 0.007812 0.023438
9 0.423438 0.389648 0.006250 0.017578
9 0.488281 0.416992 0.007812 0.021484
0 0.067969 0.490234 0.029687 0.121094
0 0.282031 0.469727 0.017188 0.048828
0 0.541406 0.473633 0.007812 0.048828
0 0.607812 0.475586 0.021875 0.068359
0 0.638281 0.458008 0.017188 0.029297
0 0.969531 0.532227 0.057813 0.283203
1 0.209375 0.546875 0.040625 0.125000
1 0.248438 0.496094 0.028125 0.050781
1 0.310937 0.484375 0.018750 0.035156
1 0.467187 0.501953 0.015625 0.046875
1 0.512500 0.500000 0.015625 0.050781
1 0.560937 0.486328 0.021875 0.046875
1 0.587500 0.485352 0.015625 0.048828
1 0.743750 0.556641 0.062500 0.125000
1 0.970313 0.642578 0.056250 0.214844
2 0.371094 0.471680 0.035937 0.021484
2 0.431250 0.469727 0.037500 0.017578
2 0.402344 0.469727 0.017188 0.017578
2 0.677344 0.500000 0.107813 0.097656
0 0.210156 0.501953 0.048438 0.160156
0 0.464844 0.477539 0.020313 0.080078
0 0.510156 0.480469 0.026562 0.085938
0 0.742969 0.500000 0.064062 0.187500
0 0.032813 0.461914 0.018750 0.037109
