11 0.526563 0.486328 0.009375 0.011719
11 0.526563 0.498047 0.006250 0.011719
11 0.306250 0.442383 0.018750 0.029297
0 0.414062 0.500977 0.006250 0.029297
0 0.421875 0.502930 0.006250 0.025391
0 0.439063 0.500977 0.006250 0.017578
0 0.444531 0.501953 0.004687 0.015625
0 0.455469 0.500977 0.004687 0.013672
0 0.449219 0.500977 0.004687 0.013672
2 0.478125 0.509766 0.021875 0.023438
2 0.255469 0.540039 0.182812 0.158203
2 0.085938 0.527344 0.171875 0.097656
2 0.151562 0.504883 0.071875 0.037109
10 0.796875 0.565430 0.025000 0.123047
