11 0.626563 0.416992 0.018750 0.029297
1 0.507812 0.464844 0.012500 0.019531
1 0.519531 0.465820 0.010937 0.017578
2 0.481250 0.454102 0.009375 0.013672
2 0.471875 0.454102 0.009375 0.009766
2 0.491406 0.455078 0.010937 0.015625
2 0.441406 0.459961 0.026562 0.037109
2 0.528906 0.458984 0.010937 0.019531
2 0.560156 0.468750 0.026562 0.039062
2 0.600000 0.484375 0.059375 0.062500
2 0.590625 0.471680 0.053125 0.056641
2 0.422656 0.461914 0.023438 0.041016
2 0.392188 0.464844 0.050000 0.050781
2 0.349219 0.478516 0.045312 0.062500
2 0.321875 0.489258 0.053125 0.072266
2 0.259375 0.497070 0.109375 0.095703
2 0.094531 0.522461 0.189062 0.201172
2 0.712500 0.531250 0.146875 0.144531
0 0.507031 0.457031 0.010937 0.027344
0 0.518750 0.458984 0.009375 0.027344
10 0.919531 0.585938 0.039062 0.093750
2 0.190625 0.474609 0.068750 0.093750
