9 0.169531 0.259766 0.032813 0.117188
9 0.464062 0.458984 0.006250 0.007812
9 0.474219 0.430664 0.007812 0.017578
11 0.171875 0.387695 0.081250 0.099609
11 0.171875 0.449219 0.062500 0.027344
11 0.096094 0.432617 0.045312 0.009766
11 0.096875 0.445312 0.043750 0.007812
11 0.098437 0.457031 0.040625 0.007812
11 0.099219 0.468750 0.039062 0.007812
11 0.236719 0.495117 0.035937 0.048828
11 0.632812 0.386719 0.040625 0.015625
11 0.632812 0.407227 0.040625 0.017578
11 0.632812 0.426758 0.040625 0.017578
11 0.629687 0.446289 0.034375 0.013672
11 0.577344 0.452148 0.020313 0.009766
11 0.579688 0.413086 0.031250 0.009766
11 0.578125 0.426758 0.034375 0.009766
11 0.582031 0.438477 0.010937 0.009766
11 0.493750 0.493164 0.018750 0.029297
11 0.492188 0.425781 0.021875 0.031250
11 0.604688 0.467773 0.018750 0.009766
0 0.390625 0.510742 0.009375 0.033203
0 0.864062 0.522461 0.040625 0.072266
0 0.826562 0.531250 0.018750 0.066406
2 0.339844 0.541992 0.123438 0.091797
2 0.267969 0.511719 0.042188 0.035156
2 0.466406 0.597656 0.160938 0.164062
2 0.600000 0.517578 0.093750 0.054688
2 0.562500 0.512695 0.090625 0.056641
2 0.706250 0.502930 0.128125 0.150391
2 0.789062 0.512695 0.046875 0.044922
2 0.864062 0.775391 0.268750 0.445312
2 0.897656 0.519531 0.032813 0.042969
2 0.199219 0.505859 0.026562 0.031250
2 0.146094 0.505859 0.029687 0.039062
2 0.450781 0.505859 0.029687 0.023438
2 0.422656 0.503906 0.029687 0.027344
2 0.105469 0.507812 0.029687 0.019531
2 0.068750 0.503906 0.028125 0.023438
2 0.035156 0.497070 0.045312 0.029297
