0 0.257812 0.451172 0.015625 0.039062
0 0.394531 0.445312 0.007812 0.027344
0 0.460156 0.436523 0.004687 0.017578
0 0.809375 0.480469 0.018750 0.070312
0 0.784375 0.464844 0.012500 0.035156
0 0.773438 0.463867 0.009375 0.037109
0 0.761719 0.458008 0.010937 0.025391
0 0.750781 0.455078 0.010937 0.027344
0 0.684375 0.447266 0.009375 0.019531
0 0.675781 0.449219 0.007812 0.027344
0 0.662500 0.448242 0.009375 0.021484
0 0.637500 0.448242 0.009375 0.025391
0 0.626563 0.451172 0.009375 0.035156
0 0.617969 0.444336 0.007812 0.025391
1 0.781250 0.501953 0.031250 0.058594
1 0.829688 0.537109 0.043750 0.074219
1 0.857031 0.533203 0.042188 0.085938
1 0.879687 0.531250 0.031250 0.082031
1 0.914844 0.536133 0.057813 0.080078
1 0.964063 0.556641 0.053125 0.085938
2 0.534375 0.434570 0.012500 0.013672
2 0.542969 0.438477 0.010937 0.017578
2 0.552344 0.441406 0.010937 0.015625
2 0.566406 0.443359 0.026562 0.031250
2 0.493750 0.436523 0.021875 0.025391
2 0.635156 0.483398 0.032813 0.048828
2 0.653906 0.495117 0.048438 0.072266
2 0.710156 0.506836 0.107813 0.123047
11 0.624219 0.402344 0.017188 0.003906
11 0.624219 0.398438 0.004687 0.003906
