0 0.954688 0.530273 0.053125 0.134766
0 0.911719 0.532227 0.035937 0.142578
0 0.676562 0.492188 0.034375 0.085938
0 0.627344 0.458984 0.010937 0.035156
0 0.610938 0.449219 0.009375 0.019531
0 0.331250 0.447266 0.009375 0.027344
0 0.322656 0.448242 0.007812 0.029297
0 0.300000 0.459961 0.015625 0.044922
0 0.264062 0.469727 0.012500 0.052734
0 0.242188 0.471680 0.021875 0.041016
0 0.230469 0.481445 0.023438 0.068359
0 0.362500 0.458984 0.012500 0.027344
0 0.375000 0.446289 0.006250 0.021484
1 0.585156 0.514648 0.023438 0.048828
1 0.567969 0.496094 0.017188 0.050781
2 0.975781 0.497070 0.035937 0.060547
2 0.696875 0.460938 0.078125 0.035156
2 0.596094 0.472656 0.048438 0.046875
2 0.547656 0.458984 0.032813 0.027344
2 0.537500 0.452148 0.021875 0.017578
2 0.495312 0.453125 0.037500 0.027344
2 0.470313 0.451172 0.028125 0.023438
2 0.446875 0.451172 0.028125 0.023438
2 0.400000 0.448242 0.034375 0.025391
2 0.335938 0.499023 0.081250 0.080078
2 0.312500 0.437500 0.015625 0.011719
2 0.349219 0.437500 0.010937 0.011719
0 0.585156 0.492188 0.023438 0.070312
0 0.567969 0.478516 0.023438 0.066406
11 0.782031 0.400391 0.017188 0.023438
