9 0.116406 0.378906 0.010937 0.027344
9 0.136719 0.370117 0.007812 0.025391
9 0.140625 0.398438 0.009375 0.015625
9 0.243750 0.387695 0.009375 0.029297
9 0.258594 0.414062 0.007812 0.011719
9 0.607812 0.399414 0.012500 0.017578
9 0.535937 0.391602 0.009375 0.025391
9 0.533594 0.414062 0.007812 0.007812
11 0.050000 0.359375 0.012500 0.023438
11 0.725781 0.345703 0.020313 0.031250
11 0.661719 0.410156 0.017188 0.003906
11 0.608594 0.367188 0.014063 0.027344
11 0.496875 0.405273 0.009375 0.013672
0 0.549219 0.458008 0.020313 0.048828
0 0.525781 0.457031 0.014063 0.046875
0 0.506250 0.468750 0.028125 0.070312
0 0.434375 0.454102 0.015625 0.044922
0 0.459375 0.464844 0.015625 0.070312
0 0.471094 0.466797 0.023438 0.074219
0 0.576562 0.466797 0.028125 0.074219
0 0.314063 0.455078 0.015625 0.050781
0 0.326562 0.463867 0.028125 0.080078
0 0.114062 0.457031 0.021875 0.078125
0 0.237500 0.425781 0.006250 0.015625
2 0.388281 0.450195 0.010937 0.009766
2 0.467969 0.455078 0.051562 0.027344
2 0.642188 0.456055 0.062500 0.060547
2 0.303125 0.470703 0.021875 0.066406
2 0.290625 0.476562 0.037500 0.078125
2 0.234375 0.482422 0.112500 0.101562
2 0.786719 0.523438 0.248438 0.183594
