0 0.728125 0.487305 0.021875 0.048828
0 0.682813 0.467773 0.015625 0.033203
0 0.665625 0.468750 0.015625 0.031250
0 0.368750 0.515625 0.034375 0.136719
0 0.335156 0.521484 0.026562 0.117188
0 0.311719 0.514648 0.032813 0.130859
1 0.521094 0.437500 0.004687 0.007812
2 0.924219 0.750977 0.148438 0.333984
2 0.967187 0.532227 0.062500 0.107422
2 0.927344 0.495117 0.142187 0.091797
2 0.847656 0.615234 0.229687 0.191406
2 0.686719 0.533203 0.117188 0.097656
2 0.621094 0.488281 0.064062 0.058594
2 0.597656 0.469727 0.057813 0.060547
2 0.564844 0.455078 0.026562 0.031250
2 0.552344 0.446289 0.020313 0.025391
2 0.541406 0.438477 0.017188 0.017578
2 0.533594 0.433594 0.014063 0.015625
2 0.527344 0.428711 0.010937 0.013672
2 0.512500 0.421875 0.006250 0.003906
2 0.506250 0.422852 0.006250 0.005859
2 0.503125 0.426758 0.006250 0.005859
2 0.492969 0.423828 0.007812 0.007812
2 0.488281 0.427734 0.010937 0.007812
2 0.482031 0.430664 0.010937 0.009766
2 0.474219 0.434570 0.014063 0.013672
2 0.463281 0.438477 0.020313 0.021484
2 0.451562 0.444336 0.028125 0.025391
2 0.447656 0.450195 0.023438 0.025391
2 0.432812 0.453125 0.025000 0.027344
2 0.428125 0.460938 0.021875 0.035156
2 0.419531 0.464844 0.029687 0.035156
2 0.400781 0.476562 0.032813 0.050781
2 0.366406 0.478516 0.051562 0.070312
2 0.290625 0.464844 0.109375 0.050781
2 0.271875 0.536133 0.071875 0.103516
2 0.181250 0.537109 0.165625 0.132812
2 0.132812 0.605469 0.265625 0.183594
2 0.688281 0.439453 0.042188 0.027344
2 0.668750 0.443359 0.025000 0.019531
0 0.521094 0.432617 0.004687 0.013672
