9 0.326562 0.407227 0.006250 0.017578
9 0.362500 0.357422 0.006250 0.019531
9 0.367969 0.363281 0.004687 0.015625
9 0.374219 0.410156 0.004687 0.015625
9 0.425000 0.411133 0.006250 0.017578
9 0.646875 0.374023 0.006250 0.017578
9 0.696875 0.405273 0.009375 0.029297
9 0.477344 0.356445 0.007812 0.029297
9 0.433594 0.399414 0.007812 0.021484
9 0.434375 0.420898 0.006250 0.009766
9 0.696875 0.438477 0.006250 0.009766
11 0.521094 0.424805 0.004687 0.009766
11 0.770312 0.375000 0.018750 0.019531
11 0.771094 0.390625 0.023438 0.011719
11 0.896094 0.399414 0.017188 0.029297
