9 0.753125 0.338867 0.012500 0.052734
9 0.564844 0.306641 0.010937 0.031250
9 0.196875 0.396484 0.009375 0.011719
9 0.851562 0.382812 0.009375 0.035156
9 0.855469 0.419922 0.010937 0.015625
9 0.450000 0.199219 0.018750 0.066406
0 0.856250 0.466797 0.021875 0.062500
0 0.821094 0.468750 0.020313 0.050781
0 0.705469 0.463867 0.014063 0.044922
0 0.159375 0.448242 0.021875 0.080078
0 0.186719 0.450195 0.023438 0.076172
0 0.288281 0.450195 0.014063 0.044922
0 0.400781 0.455078 0.017188 0.050781
0 0.334375 0.444336 0.012500 0.021484
0 0.426563 0.452148 0.018750 0.037109
0 0.457813 0.449219 0.006250 0.023438
0 0.468750 0.452148 0.006250 0.021484
0 0.569531 0.448242 0.004687 0.017578
0 0.676562 0.455078 0.006250 0.035156
0 0.093750 0.433594 0.021875 0.050781
1 0.223438 0.475586 0.028125 0.068359
1 0.201563 0.480469 0.046875 0.078125
2 0.972656 0.671875 0.051562 0.171875
2 0.889062 0.579102 0.218750 0.166016
2 0.542969 0.454102 0.029687 0.037109
2 0.579688 0.453125 0.015625 0.019531
2 0.596094 0.460938 0.020313 0.031250
2 0.617188 0.466797 0.040625 0.035156
