9 0.806250 0.309570 0.025000 0.068359
9 0.159375 0.330078 0.018750 0.066406
9 0.215625 0.444336 0.009375 0.025391
9 0.167969 0.481445 0.010937 0.033203
9 0.922656 0.363281 0.010937 0.027344
9 0.832031 0.446289 0.010937 0.037109
9 0.930469 0.396484 0.014063 0.019531
11 0.164844 0.448242 0.035937 0.021484
11 0.709375 0.423828 0.012500 0.015625
11 0.832031 0.416992 0.014063 0.017578
11 0.088281 0.491211 0.017188 0.021484
11 0.071875 0.492188 0.009375 0.019531
7 0.436719 0.485352 0.051562 0.056641
3 0.264062 0.542969 0.037500 0.039062
2 0.149219 0.668945 0.298438 0.310547
2 0.513281 0.687500 0.329688 0.359375
2 0.556250 0.517578 0.159375 0.062500
2 0.352344 0.504883 0.045312 0.044922
2 0.382031 0.498047 0.026562 0.042969
2 0.396094 0.498047 0.035937 0.039062
2 0.470313 0.487305 0.018750 0.025391
2 0.514062 0.475586 0.021875 0.021484
2 0.567969 0.466797 0.014063 0.011719
2 0.589844 0.464844 0.010937 0.011719
2 0.615625 0.461914 0.009375 0.009766
2 0.253125 0.578125 0.081250 0.125000
2 0.088281 0.513672 0.092188 0.023438
2 0.603125 0.458008 0.006250 0.005859
0 0.250781 0.521484 0.045312 0.074219
