1 0.450781 0.456055 0.010937 0.021484
2 0.505469 0.440430 0.017188 0.017578
2 0.491406 0.432617 0.007812 0.009766
2 0.484375 0.434570 0.009375 0.013672
2 0.475781 0.437500 0.014063 0.015625
2 0.460156 0.445312 0.014063 0.019531
2 0.435156 0.449219 0.023438 0.019531
2 0.417187 0.447266 0.021875 0.027344
2 0.381250 0.451172 0.037500 0.031250
2 0.388281 0.445312 0.039062 0.031250
2 0.337500 0.443359 0.037500 0.035156
2 0.314063 0.460938 0.075000 0.050781
2 0.270313 0.440430 0.031250 0.017578
2 0.243750 0.473633 0.128125 0.056641
2 0.217188 0.441406 0.043750 0.023438
2 0.178906 0.466797 0.060937 0.058594
2 0.128125 0.464844 0.075000 0.062500
2 0.103906 0.476562 0.089063 0.078125
2 0.060156 0.483398 0.120313 0.095703
2 0.527344 0.437500 0.010937 0.015625
2 0.533594 0.439453 0.010937 0.015625
2 0.539844 0.442383 0.014063 0.021484
2 0.544531 0.448242 0.014063 0.025391
2 0.553906 0.454102 0.020313 0.033203
2 0.560156 0.458008 0.023438 0.037109
2 0.576562 0.461914 0.037500 0.044922
2 0.586719 0.469727 0.029687 0.052734
2 0.616406 0.485352 0.076563 0.080078
2 0.614062 0.497070 0.062500 0.083984
2 0.662500 0.513672 0.096875 0.101562
2 0.717969 0.555664 0.139063 0.134766
0 0.451562 0.447266 0.009375 0.031250
