9 0.612500 0.389648 0.009375 0.029297
9 0.178125 0.400391 0.009375 0.027344
9 0.913281 0.334961 0.042188 0.060547
9 0.849219 0.412109 0.020313 0.023438
11 0.913281 0.240234 0.045312 0.097656
11 0.607812 0.427734 0.015625 0.031250
11 0.182031 0.436523 0.017188 0.029297
0 0.271094 0.489258 0.010937 0.037109
0 0.121094 0.498047 0.029687 0.167969
0 0.107813 0.507812 0.043750 0.164062
2 0.964063 0.477539 0.068750 0.087891
2 0.316406 0.488281 0.035937 0.042969
2 0.473438 0.514648 0.284375 0.326172
10 0.907813 0.507812 0.015625 0.062500
