0 0.271094 0.488281 0.020313 0.070312
2 0.476562 0.431641 0.006250 0.011719
2 0.471094 0.433594 0.007812 0.011719
2 0.463281 0.433594 0.010937 0.011719
2 0.448437 0.439453 0.012500 0.011719
2 0.435156 0.445312 0.020313 0.015625
2 0.417187 0.441406 0.025000 0.023438
2 0.400781 0.443359 0.035937 0.027344
2 0.350781 0.444336 0.048438 0.033203
2 0.321875 0.458008 0.062500 0.037109
2 0.249219 0.457031 0.067187 0.054688
2 0.214844 0.470703 0.082812 0.050781
2 0.090625 0.462891 0.175000 0.109375
2 0.034375 0.492188 0.068750 0.078125
2 0.092969 0.667969 0.185938 0.289062
2 0.491406 0.436523 0.017188 0.017578
2 0.510938 0.434570 0.012500 0.013672
2 0.517188 0.438477 0.012500 0.017578
2 0.523438 0.442383 0.015625 0.021484
2 0.529687 0.445312 0.018750 0.023438
2 0.544531 0.448242 0.032813 0.029297
2 0.543750 0.458984 0.028125 0.035156
2 0.566406 0.465820 0.045312 0.052734
2 0.578125 0.477539 0.050000 0.052734
2 0.642969 0.505859 0.110937 0.109375
2 0.682031 0.555664 0.160938 0.150391
2 0.819531 0.625000 0.279687 0.222656
0 0.454688 0.442383 0.006250 0.017578
1 0.454688 0.445312 0.006250 0.011719
