9 0.946875 0.466797 0.012500 0.031250
9 0.940625 0.339844 0.021875 0.050781
9 0.932031 0.431641 0.014063 0.015625
9 0.542188 0.306641 0.009375 0.011719
11 0.623437 0.335938 0.065625 0.058594
11 0.544531 0.342773 0.064062 0.064453
11 0.364844 0.474609 0.014063 0.023438
11 0.402344 0.482422 0.007812 0.015625
11 0.858594 0.400391 0.023438 0.011719
11 0.466406 0.463867 0.020313 0.033203
2 0.608594 0.524414 0.260937 0.392578
2 0.282813 0.579102 0.171875 0.150391
2 0.383594 0.546875 0.076563 0.093750
2 0.416406 0.524414 0.026562 0.060547
2 0.452344 0.523438 0.051562 0.058594
2 0.467187 0.487305 0.025000 0.013672
