11 0.875000 0.155273 0.093750 0.115234
11 0.879687 0.240234 0.084375 0.054688
11 0.620313 0.367188 0.037500 0.011719
11 0.589844 0.403320 0.010937 0.017578
11 0.214844 0.405273 0.017188 0.037109
11 0.027344 0.343750 0.054688 0.109375
0 0.343750 0.467773 0.009375 0.029297
2 0.965625 0.457031 0.065625 0.082031
2 0.762500 0.460938 0.100000 0.093750
2 0.661719 0.474609 0.214062 0.109375
2 0.439063 0.465820 0.034375 0.033203
2 0.310937 0.469727 0.037500 0.029297
2 0.360156 0.465820 0.017188 0.017578
11 0.358594 0.439453 0.014063 0.011719
11 0.476562 0.439453 0.006250 0.011719
2 0.397656 0.460938 0.020313 0.023438
2 0.407813 0.459961 0.009375 0.017578
