5 0.541406 0.334961 0.082812 0.095703
9 0.443750 0.362305 0.006250 0.021484
0 0.854688 0.433594 0.009375 0.050781
0 0.810156 0.437500 0.017188 0.074219
0 0.801562 0.438477 0.012500 0.064453
0 0.838281 0.431641 0.007812 0.042969
0 0.778125 0.437500 0.018750 0.054688
0 0.755469 0.427734 0.007812 0.042969
0 0.733594 0.420898 0.010937 0.037109
0 0.745313 0.422852 0.009375 0.044922
0 0.627344 0.415039 0.007812 0.025391
0 0.618750 0.418945 0.006250 0.021484
0 0.428906 0.415039 0.007812 0.033203
0 0.353906 0.408203 0.007812 0.042969
0 0.298438 0.409180 0.015625 0.064453
0 0.241406 0.416016 0.023438 0.070312
0 0.260937 0.414062 0.018750 0.070312
0 0.284375 0.412109 0.012500 0.054688
0 0.107031 0.432617 0.035937 0.134766
0 0.311719 0.411133 0.010937 0.044922
0 0.092188 0.412109 0.021875 0.089844
0 0.064844 0.412109 0.029687 0.101562
0 0.046094 0.465820 0.039062 0.107422
0 0.611719 0.414062 0.007812 0.019531
1 0.930469 0.518555 0.135937 0.271484
7 0.694531 0.411133 0.067187 0.095703
2 0.550000 0.447266 0.118750 0.144531
