11 0.779687 0.466797 0.021875 0.039062
11 0.671094 0.471680 0.032813 0.087891
0 0.966406 0.511719 0.064062 0.238281
0 0.649219 0.486328 0.023438 0.101562
0 0.613281 0.501953 0.064062 0.218750
0 0.097656 0.491211 0.048438 0.166016
0 0.024219 0.490234 0.048438 0.164062
78 0.066406 0.448242 0.132812 0.134766
2 0.912500 0.512695 0.171875 0.193359
2 0.239063 0.462891 0.031250 0.031250
2 0.042188 0.484375 0.084375 0.136719
2 0.158594 0.464844 0.051562 0.058594
78 0.622656 0.446289 0.373437 0.173828
78 0.413281 0.476562 0.160938 0.078125
78 0.354687 0.470703 0.131250 0.066406
78 0.300781 0.465820 0.095312 0.060547
