9 0.025000 0.219727 0.009375 0.037109
9 0.121875 0.369141 0.012500 0.035156
9 0.060937 0.366211 0.006250 0.025391
9 0.400781 0.253906 0.017188 0.042969
9 0.509375 0.242188 0.015625 0.039062
9 0.642188 0.178711 0.012500 0.044922
9 0.800000 0.179688 0.015625 0.046875
9 0.897656 0.344727 0.007812 0.029297
11 0.366406 0.372070 0.010937 0.029297
9 0.132031 0.368164 0.010937 0.037109
9 0.035156 0.395508 0.014063 0.017578
11 0.299219 0.286133 0.035937 0.013672
11 0.460938 0.241211 0.031250 0.025391
11 0.700781 0.172852 0.042188 0.033203
11 0.960938 0.229492 0.040625 0.013672
11 0.842969 0.352539 0.017188 0.021484
11 0.842969 0.369141 0.010937 0.011719
11 0.112500 0.393555 0.021875 0.005859
0 0.117969 0.466797 0.045312 0.121094
2 0.046094 0.451172 0.092188 0.066406
2 0.468750 0.425781 0.034375 0.035156
2 0.485938 0.424805 0.015625 0.025391
2 0.492969 0.419922 0.020313 0.027344
2 0.519531 0.422852 0.035937 0.041016
2 0.940625 0.517578 0.115625 0.277344
2 0.606250 0.537109 0.281250 0.265625
9 0.915625 0.375000 0.006250 0.007812
11 0.921875 0.346680 0.021875 0.037109
