9 0.696094 0.432617 0.020313 0.021484
9 0.705469 0.369141 0.020313 0.062500
9 0.586719 0.455078 0.004687 0.015625
9 0.386719 0.448242 0.004687 0.017578
9 0.034375 0.364258 0.015625 0.056641
9 0.038281 0.423828 0.020313 0.027344
11 0.706250 0.410156 0.043750 0.019531
11 0.037500 0.401367 0.043750 0.017578
0 0.939063 0.517578 0.028125 0.089844
0 0.932031 0.512695 0.017188 0.095703
0 0.004687 0.510742 0.009375 0.115234
0 0.090625 0.488281 0.009375 0.066406
0 0.257031 0.527344 0.032813 0.113281
0 0.235156 0.522461 0.026562 0.119141
0 0.371094 0.481445 0.007812 0.017578
0 0.337500 0.481445 0.009375 0.017578
0 0.416406 0.488281 0.007812 0.019531
0 0.396094 0.486328 0.007812 0.019531
0 0.432812 0.485352 0.006250 0.013672
0 0.422656 0.487305 0.004687 0.017578
0 0.635156 0.491211 0.014063 0.025391
0 0.646094 0.492188 0.007812 0.019531
0 0.651563 0.493164 0.006250 0.021484
0 0.672656 0.489258 0.007812 0.021484
0 0.665625 0.489258 0.006250 0.021484
0 0.706250 0.487305 0.015625 0.029297
0 0.289062 0.483398 0.009375 0.021484
2 0.557813 0.497070 0.028125 0.029297
2 0.511719 0.498047 0.023438 0.023438
2 0.526563 0.492188 0.018750 0.023438
2 0.533594 0.487305 0.017188 0.025391
10 0.582812 0.504883 0.006250 0.017578
