11 0.047656 0.348633 0.014063 0.029297
0 0.943750 0.461914 0.037500 0.119141
1 0.957031 0.552734 0.082812 0.203125
1 0.875000 0.521484 0.084375 0.156250
1 0.156250 0.475586 0.021875 0.048828
1 0.131250 0.486328 0.021875 0.058594
1 0.552344 0.475586 0.014063 0.037109
1 0.639062 0.478516 0.034375 0.031250
1 0.314063 0.544922 0.062500 0.132812
1 0.407031 0.529297 0.054688 0.140625
1 0.481250 0.520508 0.056250 0.107422
1 0.600000 0.529297 0.062500 0.128906
1 0.739844 0.612305 0.110937 0.322266
1 0.808594 0.547852 0.039062 0.103516
2 0.439063 0.458984 0.015625 0.019531
2 0.353906 0.463867 0.026562 0.033203
2 0.279687 0.472656 0.031250 0.054688
2 0.241406 0.476562 0.079687 0.074219
2 0.097656 0.449219 0.082812 0.050781
0 0.312500 0.488281 0.062500 0.207031
0 0.406250 0.480469 0.053125 0.191406
0 0.483594 0.486328 0.054688 0.167969
0 0.599219 0.474609 0.060937 0.203125
0 0.740625 0.514648 0.115625 0.427734
0 0.151562 0.457031 0.021875 0.070312
