5 0.447656 0.432617 0.157812 0.158203
9 0.213281 0.411133 0.010937 0.029297
9 0.092969 0.397461 0.014063 0.033203
9 0.134375 0.409180 0.009375 0.029297
9 0.082031 0.422852 0.004687 0.009766
9 0.125000 0.428711 0.003125 0.005859
11 0.216406 0.387695 0.026562 0.013672
11 0.207813 0.428711 0.015625 0.005859
11 0.894531 0.400391 0.026562 0.082031
1 0.575000 0.590820 0.084375 0.189453
3 0.018750 0.526367 0.037500 0.064453
2 0.091406 0.503906 0.054688 0.074219
2 0.171875 0.490234 0.112500 0.113281
2 0.242188 0.476562 0.043750 0.066406
2 0.306250 0.488281 0.121875 0.140625
2 0.392969 0.469727 0.042188 0.072266
2 0.364844 0.465820 0.017188 0.037109
2 0.469531 0.484375 0.120313 0.125000
0 0.585938 0.521484 0.109375 0.285156
11 0.893750 0.453125 0.015625 0.027344
