11 0.539844 0.438477 0.004687 0.009766
11 0.525000 0.445312 0.006250 0.011719
2 0.935156 0.553711 0.126562 0.220703
2 0.786719 0.520508 0.210938 0.154297
2 0.641406 0.480469 0.101562 0.101562
2 0.581250 0.487305 0.034375 0.048828
2 0.561719 0.481445 0.023438 0.037109
2 0.519531 0.468750 0.032813 0.027344
2 0.471875 0.469727 0.021875 0.025391
2 0.437500 0.466797 0.015625 0.015625
2 0.411719 0.466797 0.017188 0.019531
2 0.394531 0.471680 0.017188 0.021484
2 0.374219 0.467773 0.023438 0.029297
2 0.365625 0.473633 0.028125 0.025391
2 0.313281 0.470703 0.054688 0.054688
