5 0.632031 0.460938 0.026562 0.035156
11 0.956250 0.345703 0.037500 0.046875
11 0.953125 0.293945 0.043750 0.056641
0 0.089063 0.571289 0.043750 0.126953
0 0.017969 0.562500 0.026562 0.089844
0 0.290625 0.511719 0.021875 0.066406
0 0.273438 0.521484 0.021875 0.085938
0 0.247656 0.536133 0.032813 0.103516
0 0.386719 0.500000 0.014063 0.035156
0 0.462500 0.476562 0.009375 0.011719
0 0.471875 0.474609 0.006250 0.011719
0 0.817187 0.468750 0.015625 0.070312
0 0.871094 0.488281 0.023438 0.105469
0 0.854688 0.497070 0.021875 0.119141
0 0.982812 0.488281 0.031250 0.128906
2 0.614062 0.468750 0.012500 0.015625
2 0.607031 0.473633 0.020313 0.021484
2 0.582812 0.476562 0.015625 0.023438
2 0.573438 0.479492 0.021875 0.025391
2 0.556250 0.484375 0.018750 0.031250
2 0.534375 0.488281 0.034375 0.039062
2 0.489063 0.508789 0.021875 0.052734
2 0.466406 0.511719 0.051562 0.062500
2 0.433594 0.528320 0.082812 0.076172
2 0.340625 0.555664 0.121875 0.107422
2 0.677344 0.474609 0.042188 0.050781
2 0.711719 0.495117 0.064062 0.056641
