0 0.951562 0.685547 0.087500 0.300781
0 0.931250 0.632812 0.068750 0.289062
0 0.864062 0.659180 0.084375 0.333984
1 0.544531 0.444336 0.004687 0.013672
2 0.888281 0.603516 0.176563 0.175781
2 0.799219 0.547852 0.117188 0.119141
2 0.651563 0.468750 0.046875 0.050781
2 0.630469 0.464844 0.020313 0.035156
2 0.625000 0.453125 0.034375 0.031250
2 0.607812 0.452148 0.018750 0.029297
2 0.594531 0.443359 0.017188 0.019531
2 0.582812 0.434570 0.012500 0.017578
2 0.570312 0.449219 0.025000 0.027344
2 0.568750 0.430664 0.009375 0.009766
2 0.560937 0.429688 0.006250 0.007812
2 0.544531 0.428711 0.007812 0.009766
2 0.534375 0.433594 0.012500 0.015625
2 0.525000 0.439453 0.018750 0.023438
2 0.508594 0.447266 0.023438 0.027344
2 0.497656 0.456055 0.026562 0.033203
2 0.473438 0.458008 0.037500 0.041016
2 0.432031 0.479492 0.064062 0.060547
2 0.322656 0.522461 0.132812 0.154297
2 0.228125 0.572266 0.162500 0.164062
2 0.103125 0.652344 0.206250 0.261719
2 0.045312 0.446289 0.071875 0.052734
2 0.130469 0.482422 0.182812 0.082031
2 0.129688 0.437500 0.075000 0.042969
2 0.230469 0.448242 0.101562 0.052734
2 0.359375 0.454102 0.090625 0.052734
2 0.550781 0.428711 0.004687 0.005859
2 0.425000 0.439453 0.025000 0.023438
0 0.556250 0.437500 0.003125 0.015625
0 0.544531 0.438477 0.004687 0.017578
1 0.557031 0.440430 0.004687 0.009766
