11 0.655469 0.391602 0.023438 0.029297
0 0.550000 0.480469 0.012500 0.046875
0 0.531250 0.480469 0.012500 0.046875
0 0.539844 0.478516 0.010937 0.046875
0 0.362500 0.465820 0.012500 0.037109
0 0.403125 0.467773 0.012500 0.041016
0 0.413281 0.470703 0.010937 0.035156
0 0.380469 0.466797 0.010937 0.035156
0 0.391406 0.465820 0.010937 0.041016
0 0.427344 0.466797 0.010937 0.035156
2 0.090625 0.517578 0.181250 0.183594
2 0.200781 0.496094 0.092188 0.136719
2 0.226562 0.459961 0.062500 0.072266
2 0.344531 0.468750 0.029687 0.031250
2 0.332031 0.464844 0.020313 0.027344
2 0.771094 0.584961 0.232813 0.197266
2 0.789062 0.469727 0.103125 0.060547
2 0.689844 0.539062 0.139063 0.136719
2 0.651563 0.505859 0.103125 0.121094
2 0.585938 0.459961 0.034375 0.017578
2 0.472656 0.469727 0.032813 0.021484
2 0.442969 0.472656 0.029687 0.031250
2 0.421094 0.462891 0.026562 0.027344
2 0.509375 0.471680 0.031250 0.029297
2 0.878906 0.494141 0.070312 0.054688
