0 0.440625 0.455078 0.006250 0.023438
0 0.514062 0.456055 0.009375 0.029297
0 0.503125 0.455078 0.006250 0.027344
0 0.730469 0.495117 0.020313 0.099609
0 0.678906 0.498047 0.023438 0.109375
1 0.381250 0.483398 0.018750 0.033203
1 0.412500 0.479492 0.021875 0.037109
78 0.434375 0.461914 0.009375 0.017578
2 0.055469 0.530273 0.110937 0.208984
2 0.189062 0.491211 0.143750 0.123047
2 0.262500 0.487305 0.050000 0.087891
2 0.316406 0.479492 0.064062 0.056641
2 0.342969 0.471680 0.045312 0.056641
2 0.376563 0.469727 0.034375 0.041016
2 0.382812 0.462891 0.034375 0.046875
2 0.425000 0.457031 0.015625 0.027344
2 0.447656 0.451172 0.007812 0.015625
2 0.451562 0.450195 0.009375 0.013672
2 0.482812 0.458008 0.025000 0.025391
2 0.978906 0.565430 0.039062 0.150391
2 0.910156 0.539062 0.160938 0.148438
2 0.808594 0.507812 0.135937 0.136719
2 0.724219 0.493164 0.042188 0.068359
2 0.677344 0.472656 0.057813 0.070312
2 0.632812 0.474609 0.050000 0.046875
2 0.610156 0.458008 0.023438 0.041016
2 0.592969 0.458008 0.017188 0.033203
2 0.578125 0.458008 0.018750 0.029297
2 0.562500 0.457031 0.015625 0.027344
0 0.411719 0.465820 0.020313 0.056641
0 0.381250 0.465820 0.018750 0.056641
0 0.433594 0.455078 0.007812 0.023438
