11 0.085938 0.335938 0.034375 0.046875
11 0.087500 0.369141 0.034375 0.015625
11 0.719531 0.360352 0.017188 0.029297
11 0.872656 0.298828 0.029687 0.023438
11 0.871094 0.321289 0.057813 0.025391
0 0.495312 0.454102 0.006250 0.017578
0 0.590625 0.463867 0.009375 0.029297
0 0.602344 0.457031 0.007812 0.027344
0 0.607031 0.464844 0.007812 0.027344
0 0.612500 0.453125 0.006250 0.019531
0 0.617969 0.463867 0.007812 0.029297
0 0.625000 0.461914 0.009375 0.033203
0 0.639844 0.459961 0.010937 0.033203
0 0.727344 0.497070 0.054688 0.119141
0 0.478906 0.450195 0.004687 0.009766
2 0.531250 0.458984 0.015625 0.015625
2 0.511719 0.458984 0.014063 0.011719
2 0.482031 0.455078 0.017188 0.011719
2 0.466406 0.456055 0.010937 0.009766
2 0.446875 0.453125 0.025000 0.023438
2 0.390625 0.458984 0.040625 0.039062
2 0.347656 0.470703 0.035937 0.050781
2 0.301563 0.462891 0.081250 0.070312
2 0.104688 0.450195 0.103125 0.056641
2 0.022656 0.456055 0.045312 0.072266
2 0.881250 0.568359 0.234375 0.195312
