9 0.334375 0.117188 0.021875 0.074219
9 0.604688 0.264648 0.021875 0.072266
9 0.746094 0.234375 0.023438 0.074219
9 0.767188 0.327148 0.028125 0.029297
11 0.629687 0.318359 0.053125 0.015625
0 0.460156 0.492188 0.042188 0.089844
0 0.478906 0.488281 0.042188 0.097656
0 0.458594 0.477539 0.020313 0.107422
0 0.892188 0.554688 0.118750 0.292969
0 0.795312 0.625977 0.137500 0.384766
0 0.737500 0.541992 0.090625 0.337891
2 0.221094 0.483398 0.101562 0.087891
2 0.278906 0.461914 0.045312 0.048828
2 0.309375 0.467773 0.018750 0.029297
2 0.330469 0.465820 0.023438 0.025391
2 0.344531 0.461914 0.020313 0.021484
2 0.360156 0.458984 0.014063 0.019531
2 0.370312 0.457031 0.009375 0.015625
2 0.392188 0.453125 0.021875 0.015625
2 0.421875 0.445312 0.006250 0.007812
2 0.740625 0.446289 0.490625 0.216797
2 0.442969 0.461914 0.017188 0.021484
2 0.438281 0.448242 0.014063 0.013672
2 0.434375 0.438477 0.006250 0.005859
2 0.441406 0.454102 0.017188 0.021484
78 0.982812 0.641602 0.031250 0.181641
