11 0.246094 0.416992 0.010937 0.013672
11 0.246094 0.434570 0.007812 0.013672
11 0.271875 0.436523 0.006250 0.009766
11 0.271875 0.421875 0.009375 0.011719
11 0.099219 0.376953 0.017188 0.027344
11 0.895312 0.224609 0.043750 0.078125
0 0.056250 0.494141 0.012500 0.054688
1 0.200781 0.520508 0.045312 0.107422
1 0.007812 0.520508 0.015625 0.064453
1 0.148438 0.501953 0.040625 0.074219
1 0.131250 0.503906 0.018750 0.058594
1 0.387500 0.480469 0.006250 0.019531
1 0.486719 0.478516 0.007812 0.023438
1 0.473438 0.475586 0.006250 0.017578
1 0.578125 0.492188 0.021875 0.058594
1 0.592187 0.488281 0.025000 0.058594
1 0.608594 0.488281 0.020313 0.054688
1 0.642188 0.500977 0.046875 0.095703
1 0.691406 0.501953 0.035937 0.074219
1 0.716406 0.519531 0.048438 0.109375
1 0.742969 0.501953 0.048438 0.121094
1 0.777344 0.513672 0.057813 0.117188
1 0.863281 0.568359 0.107813 0.195312
1 0.885938 0.559570 0.106250 0.193359
1 0.949219 0.552734 0.095312 0.187500
2 0.245312 0.486328 0.043750 0.058594
2 0.294531 0.480469 0.048438 0.042969
2 0.323437 0.479492 0.018750 0.033203
2 0.338281 0.480469 0.017188 0.027344
2 0.352344 0.475586 0.023438 0.025391
2 0.365625 0.471680 0.021875 0.025391
0 0.204687 0.488281 0.043750 0.117188
0 0.387500 0.469727 0.009375 0.029297
0 0.485938 0.462891 0.012500 0.031250
0 0.472656 0.463867 0.007812 0.025391
