9 0.464062 0.166016 0.015625 0.054688
9 0.123438 0.302734 0.018750 0.054688
9 0.662500 0.315430 0.018750 0.060547
9 0.662500 0.382812 0.021875 0.031250
9 0.120313 0.372070 0.018750 0.025391
11 0.786719 0.335938 0.017188 0.019531
11 0.786719 0.355469 0.048438 0.019531
0 0.063281 0.451172 0.023438 0.074219
0 0.007812 0.446289 0.015625 0.052734
0 0.085938 0.433594 0.021875 0.023438
0 0.900000 0.475586 0.050000 0.107422
0 0.876563 0.475586 0.046875 0.119141
0 0.746094 0.465820 0.029687 0.091797
0 0.676562 0.458008 0.015625 0.052734
0 0.511719 0.456055 0.014063 0.060547
0 0.496094 0.441406 0.007812 0.019531
0 0.973437 0.447266 0.025000 0.046875
0 0.826562 0.447266 0.021875 0.031250
2 0.463281 0.441406 0.023438 0.023438
2 0.565625 0.471680 0.065625 0.060547
2 0.533594 0.462891 0.023438 0.042969
2 0.529687 0.457031 0.021875 0.039062
2 0.476562 0.445312 0.006250 0.007812
2 0.406250 0.475586 0.087500 0.072266
