0 0.584375 0.506836 0.037500 0.130859
0 0.460938 0.489258 0.012500 0.044922
0 0.435937 0.485352 0.009375 0.033203
2 0.871875 0.500977 0.243750 0.123047
2 0.692187 0.503906 0.118750 0.050781
2 0.672656 0.495117 0.110937 0.052734
2 0.380469 0.484375 0.026562 0.031250
2 0.328906 0.492188 0.045312 0.039062
2 0.043750 0.499023 0.087500 0.060547
2 0.181250 0.488281 0.046875 0.035156
2 0.111719 0.493164 0.042188 0.037109
2 0.225000 0.487305 0.034375 0.025391
2 0.253125 0.485352 0.021875 0.025391
2 0.957812 0.538086 0.081250 0.107422
