11 0.882812 0.401367 0.040625 0.041016
11 0.878906 0.348633 0.017188 0.033203
11 0.878906 0.374023 0.017188 0.013672
11 0.650781 0.403320 0.017188 0.025391
11 0.650000 0.421875 0.018750 0.011719
11 0.691406 0.406250 0.007812 0.023438
11 0.393750 0.412109 0.009375 0.011719
11 0.752344 0.400391 0.017188 0.042969
0 0.621875 0.454102 0.009375 0.017578
0 0.633594 0.453125 0.007812 0.015625
0 0.662500 0.455078 0.006250 0.015625
0 0.644531 0.453125 0.004687 0.011719
0 0.718750 0.459961 0.009375 0.033203
0 0.569531 0.471680 0.020313 0.044922
0 0.492969 0.451172 0.007812 0.027344
0 0.428125 0.445312 0.006250 0.019531
0 0.463281 0.443359 0.004687 0.011719
0 0.354687 0.453125 0.009375 0.039062
0 0.339062 0.451172 0.012500 0.042969
0 0.313281 0.469727 0.014063 0.060547
0 0.083594 0.479492 0.035937 0.076172
0 0.117188 0.476562 0.025000 0.070312
0 0.049219 0.451172 0.017188 0.035156
1 0.443750 0.456055 0.009375 0.017578
2 0.966406 0.490234 0.064062 0.070312
2 0.925781 0.481445 0.054688 0.052734
2 0.718750 0.529297 0.121875 0.105469
2 0.654687 0.502930 0.078125 0.080078
2 0.620313 0.493164 0.040625 0.064453
2 0.522656 0.504883 0.092188 0.103516
2 0.563281 0.450195 0.020313 0.017578
2 0.546875 0.449219 0.012500 0.011719
2 0.535937 0.444336 0.015625 0.017578
2 0.525781 0.443359 0.007812 0.011719
2 0.517969 0.442383 0.007812 0.009766
2 0.482031 0.441406 0.007812 0.007812
2 0.495312 0.440430 0.009375 0.009766
2 0.035937 0.487305 0.071875 0.068359
0 0.443750 0.448242 0.009375 0.021484
