1 0.521094 0.542969 0.032813 0.070312
1 0.596875 0.552734 0.028125 0.062500
3 0.653125 0.540039 0.059375 0.091797
2 0.560937 0.505859 0.018750 0.023438
2 0.550000 0.501953 0.015625 0.019531
2 0.500000 0.502930 0.012500 0.017578
2 0.485938 0.501953 0.018750 0.019531
2 0.457031 0.500977 0.029687 0.037109
2 0.430469 0.503906 0.035937 0.046875
2 0.415625 0.509766 0.031250 0.042969
2 0.378906 0.510742 0.054688 0.072266
2 0.317969 0.476562 0.057813 0.019531
2 0.324219 0.523438 0.098437 0.078125
2 0.203125 0.545898 0.143750 0.130859
2 0.076563 0.570312 0.153125 0.203125
2 0.573438 0.512695 0.028125 0.037109
2 0.628906 0.511719 0.048438 0.058594
2 0.643750 0.535156 0.071875 0.078125
2 0.707031 0.567383 0.117188 0.115234
2 0.874219 0.575195 0.248438 0.333984
2 0.937500 0.676758 0.121875 0.302734
0 0.519531 0.514648 0.035937 0.103516
0 0.596875 0.522461 0.031250 0.095703
