9 0.607031 0.390625 0.007812 0.019531
9 0.610156 0.411133 0.007812 0.009766
11 0.029687 0.265625 0.021875 0.042969
11 0.610938 0.403320 0.009375 0.005859
11 0.676562 0.384766 0.025000 0.027344
0 0.923438 0.453125 0.037500 0.105469
2 0.085156 0.486328 0.170313 0.175781
2 0.191406 0.469727 0.135937 0.130859
2 0.352344 0.443359 0.079687 0.078125
2 0.394531 0.436523 0.035937 0.056641
2 0.387500 0.439453 0.025000 0.058594
2 0.460156 0.435547 0.026562 0.027344
2 0.476562 0.429688 0.015625 0.019531
2 0.493750 0.423828 0.009375 0.011719
2 0.485938 0.425781 0.009375 0.011719
2 0.578906 0.437500 0.017188 0.019531
2 0.560937 0.432617 0.018750 0.017578
2 0.550781 0.426758 0.014063 0.013672
2 0.654687 0.439453 0.031250 0.027344
