9 0.705469 0.368164 0.020313 0.064453
9 0.033594 0.362305 0.017188 0.056641
9 0.037500 0.421875 0.015625 0.019531
9 0.386719 0.448242 0.007812 0.021484
9 0.696875 0.430664 0.018750 0.017578
11 0.033594 0.403320 0.035937 0.017578
11 0.705469 0.411133 0.035937 0.021484
0 0.571094 0.516602 0.023438 0.091797
0 0.865625 0.519531 0.015625 0.089844
0 0.099219 0.492188 0.017188 0.066406
0 0.023438 0.477539 0.028125 0.041016
0 0.047656 0.496094 0.020313 0.070312
0 0.371094 0.481445 0.007812 0.017578
0 0.337500 0.482422 0.012500 0.019531
0 0.648438 0.491211 0.012500 0.021484
2 0.517188 0.498047 0.018750 0.023438
2 0.528906 0.498047 0.014063 0.023438
2 0.551562 0.501953 0.015625 0.019531
0 0.421875 0.489258 0.006250 0.021484
0 0.415625 0.488281 0.006250 0.019531
0 0.354687 0.481445 0.009375 0.013672
