5 0.856250 0.404297 0.284375 0.117188
5 0.432812 0.452148 0.096875 0.041016
5 0.514844 0.448242 0.057813 0.083984
0 0.114844 0.492188 0.010937 0.050781
0 0.128906 0.490234 0.010937 0.027344
0 0.168750 0.485352 0.012500 0.044922
0 0.550781 0.459961 0.010937 0.041016
0 0.579688 0.459961 0.012500 0.044922
0 0.599219 0.456055 0.014063 0.044922
0 0.615625 0.467773 0.018750 0.060547
0 0.635938 0.462891 0.021875 0.085938
0 0.660156 0.468750 0.023438 0.074219
2 0.850781 0.446289 0.142187 0.107422
2 0.910156 0.445312 0.176563 0.136719
2 0.951562 0.485352 0.093750 0.107422
2 0.372656 0.467773 0.032813 0.025391
2 0.453906 0.462891 0.026562 0.023438
2 0.472656 0.461914 0.026562 0.025391
