9 0.566406 0.410156 0.004687 0.011719
9 0.532813 0.415039 0.003125 0.009766
9 0.553125 0.415039 0.003125 0.009766
9 0.514844 0.400391 0.004687 0.015625
9 0.633594 0.434570 0.007812 0.009766
9 0.635156 0.416992 0.007812 0.021484
9 0.381250 0.437500 0.006250 0.007812
9 0.381250 0.417969 0.006250 0.019531
9 0.292187 0.437500 0.006250 0.007812
9 0.292969 0.416992 0.007812 0.025391
11 0.547656 0.413086 0.007812 0.009766
11 0.685937 0.420898 0.018750 0.021484
11 0.380469 0.430664 0.014063 0.005859
0 0.942187 0.523438 0.037500 0.125000
0 0.792188 0.498047 0.021875 0.097656
0 0.688281 0.461914 0.007812 0.033203
0 0.696875 0.462891 0.009375 0.023438
1 0.925000 0.759766 0.103125 0.218750
2 0.195312 0.542969 0.171875 0.156250
2 0.528906 0.478516 0.054688 0.054688
2 0.575000 0.456055 0.015625 0.013672
2 0.559375 0.452148 0.012500 0.013672
2 0.548438 0.454102 0.009375 0.009766
0 0.942187 0.678711 0.084375 0.271484
