0 0.523438 0.439453 0.006250 0.019531
1 0.392188 0.697266 0.090625 0.187500
2 0.085156 0.610352 0.170313 0.197266
2 0.267188 0.490234 0.096875 0.062500
2 0.310156 0.500977 0.082812 0.072266
2 0.371094 0.481445 0.054688 0.052734
2 0.395313 0.475586 0.025000 0.044922
2 0.406250 0.467773 0.028125 0.037109
2 0.413281 0.464844 0.035937 0.039062
2 0.425781 0.460938 0.023438 0.039062
2 0.432812 0.455078 0.025000 0.039062
2 0.447656 0.457031 0.010937 0.023438
2 0.467969 0.458008 0.029687 0.029297
2 0.484375 0.446289 0.015625 0.021484
2 0.492188 0.442383 0.018750 0.021484
2 0.510156 0.441406 0.014063 0.015625
2 0.535937 0.438477 0.012500 0.013672
2 0.522656 0.439453 0.014063 0.015625
2 0.547656 0.447266 0.017188 0.019531
2 0.551562 0.458984 0.018750 0.035156
2 0.573438 0.472656 0.050000 0.062500
2 0.646875 0.523438 0.103125 0.097656
2 0.616406 0.491211 0.082812 0.099609
2 0.919531 0.771484 0.157812 0.363281
2 0.847656 0.646484 0.276562 0.234375
2 0.892188 0.479492 0.125000 0.064453
2 0.863281 0.468750 0.117188 0.074219
2 0.717187 0.476562 0.125000 0.062500
0 0.632812 0.587891 0.078125 0.257812
0 0.392969 0.616211 0.101562 0.259766
78 0.634375 0.721680 0.037500 0.037109
3 0.157812 0.495117 0.028125 0.060547
2 0.042188 0.493164 0.081250 0.087891
