5 0.501563 0.457031 0.081250 0.109375
9 0.777344 0.211914 0.026562 0.037109
11 0.264844 0.442383 0.007812 0.013672
11 0.774219 0.299805 0.054688 0.095703
11 0.578906 0.379883 0.017188 0.025391
11 0.596875 0.401367 0.040625 0.009766
0 0.125000 0.498047 0.015625 0.058594
0 0.133594 0.494141 0.010937 0.058594
0 0.958594 0.491211 0.042188 0.134766
0 0.895312 0.495117 0.031250 0.134766
0 0.819531 0.486328 0.035937 0.093750
0 0.806250 0.483398 0.015625 0.091797
0 0.701562 0.477539 0.015625 0.056641
0 0.683594 0.471680 0.010937 0.048828
0 0.674219 0.469727 0.010937 0.052734
0 0.657031 0.473633 0.010937 0.048828
0 0.645312 0.481445 0.012500 0.056641
0 0.617188 0.478516 0.015625 0.058594
0 0.546094 0.481445 0.010937 0.041016
2 0.306250 0.488281 0.056250 0.054688
2 0.340625 0.483398 0.025000 0.033203
2 0.361719 0.479492 0.023438 0.025391
2 0.405469 0.485352 0.070312 0.076172
