9 0.807031 0.360352 0.014063 0.048828
9 0.870313 0.345703 0.018750 0.046875
9 0.921875 0.320312 0.012500 0.031250
9 0.542969 0.371094 0.010937 0.031250
9 0.166406 0.376953 0.014063 0.035156
11 0.857031 0.253906 0.039062 0.093750
11 0.746094 0.351562 0.023438 0.039062
0 0.790625 0.448242 0.012500 0.064453
0 0.675000 0.451172 0.012500 0.050781
0 0.668750 0.450195 0.012500 0.052734
0 0.658594 0.450195 0.010937 0.048828
0 0.650000 0.451172 0.012500 0.050781
0 0.640625 0.450195 0.012500 0.048828
0 0.628125 0.452148 0.012500 0.052734
0 0.621094 0.450195 0.010937 0.052734
0 0.613281 0.454102 0.014063 0.060547
0 0.596875 0.454102 0.015625 0.060547
0 0.525781 0.440430 0.007812 0.025391
0 0.244531 0.448242 0.014063 0.021484
2 0.325781 0.470703 0.064062 0.062500
2 0.415625 0.496094 0.121875 0.128906
2 0.111719 0.504883 0.223438 0.208984
