9 0.799219 0.179688 0.020313 0.066406
9 0.100000 0.418945 0.018750 0.025391
9 0.103125 0.347656 0.018750 0.058594
11 0.113281 0.390625 0.048438 0.023438
11 0.884375 0.421875 0.018750 0.027344
11 0.692969 0.472656 0.007812 0.011719
11 0.659375 0.466797 0.025000 0.007812
11 0.845313 0.450195 0.018750 0.029297
0 0.200781 0.471680 0.017188 0.037109
0 0.253125 0.480469 0.015625 0.050781
0 0.215625 0.480469 0.015625 0.062500
0 0.225781 0.482422 0.014063 0.058594
0 0.235937 0.481445 0.012500 0.044922
0 0.739062 0.517578 0.053125 0.117188
0 0.967187 0.489258 0.025000 0.052734
0 0.915625 0.499023 0.025000 0.060547
0 0.514844 0.516602 0.007812 0.021484
2 0.904687 0.587891 0.187500 0.148438
2 0.443750 0.505859 0.068750 0.054688
7 0.690625 0.425781 0.150000 0.042969
