11 0.792969 0.284180 0.060937 0.029297
11 0.797656 0.331055 0.051562 0.064453
11 0.793750 0.494141 0.059375 0.023438
11 0.907813 0.385742 0.043750 0.021484
0 0.047656 0.483398 0.026562 0.060547
0 0.160938 0.464844 0.021875 0.074219
0 0.183594 0.464844 0.017188 0.058594
0 0.214844 0.513672 0.032813 0.109375
0 0.225781 0.504883 0.023438 0.126953
0 0.902344 0.478516 0.042188 0.136719
0 0.982031 0.472656 0.029687 0.152344
2 0.257031 0.478516 0.151562 0.082031
2 0.922656 0.461914 0.032813 0.072266
2 0.825781 0.468750 0.185938 0.109375
2 0.556250 0.631836 0.528125 0.482422
5 0.340625 0.443359 0.056250 0.085938
