9 0.109375 0.353516 0.012500 0.042969
9 0.320312 0.279297 0.012500 0.035156
9 0.233594 0.286133 0.010937 0.037109
9 0.378125 0.357422 0.012500 0.042969
9 0.498437 0.270508 0.015625 0.044922
9 0.667188 0.374023 0.009375 0.037109
9 0.667188 0.416016 0.012500 0.015625
9 0.784375 0.362305 0.009375 0.029297
9 0.939063 0.329102 0.018750 0.041016
9 0.641406 0.422852 0.014063 0.021484
9 0.790625 0.401367 0.015625 0.025391
9 0.810937 0.400391 0.012500 0.027344
11 0.109375 0.373047 0.031250 0.042969
11 0.219531 0.281250 0.010937 0.023438
11 0.385937 0.399414 0.015625 0.021484
11 0.963281 0.374023 0.029687 0.048828
0 0.081250 0.462891 0.015625 0.062500
0 0.089063 0.458008 0.012500 0.060547
0 0.732031 0.440430 0.029687 0.052734
0 0.842969 0.436523 0.026562 0.056641
1 0.023438 0.483398 0.046875 0.037109
2 0.391406 0.484375 0.132812 0.125000
2 0.672656 0.510742 0.195312 0.154297
2 0.867188 0.610352 0.262500 0.365234
2 0.778125 0.457031 0.068750 0.050781
0 0.017188 0.464844 0.031250 0.062500
6 0.650000 0.404297 0.696875 0.125000
