11 0.318750 0.442383 0.012500 0.013672
11 0.293750 0.440430 0.012500 0.017578
11 0.568750 0.369141 0.015625 0.027344
11 0.570312 0.392578 0.012500 0.019531
0 0.478125 0.465820 0.006250 0.021484
0 0.502344 0.463867 0.007812 0.029297
0 0.513281 0.464844 0.007812 0.027344
0 0.539844 0.470703 0.014063 0.046875
0 0.076563 0.438477 0.021875 0.029297
1 0.725781 0.568359 0.067187 0.160156
7 0.376563 0.459961 0.043750 0.041016
2 0.122656 0.498047 0.085938 0.070312
2 0.202344 0.486328 0.060937 0.058594
2 0.261719 0.480469 0.045312 0.046875
2 0.289844 0.479492 0.010937 0.025391
2 0.317188 0.473633 0.028125 0.029297
2 0.444531 0.474609 0.060937 0.082031
0 0.725781 0.500000 0.076563 0.218750
78 0.092969 0.471680 0.079687 0.091797
