9 0.294531 0.433594 0.007812 0.027344
9 0.296094 0.459961 0.007812 0.009766
9 0.577344 0.436523 0.007812 0.025391
9 0.575781 0.460938 0.007812 0.007812
11 0.149219 0.432617 0.020313 0.029297
11 0.296094 0.451172 0.020313 0.007812
11 0.579688 0.453125 0.021875 0.007812
0 0.265625 0.496094 0.015625 0.046875
0 0.274219 0.494141 0.010937 0.046875
0 0.585156 0.502930 0.014063 0.048828
0 0.600781 0.502930 0.010937 0.052734
0 0.617188 0.498047 0.012500 0.046875
0 0.772656 0.507812 0.017188 0.062500
0 0.742969 0.489258 0.014063 0.025391
0 0.867188 0.499023 0.025000 0.029297
0 0.025781 0.497070 0.023438 0.076172
0 0.006250 0.502930 0.012500 0.072266
0 0.346094 0.485352 0.007812 0.013672
0 0.420312 0.486328 0.006250 0.011719
0 0.403906 0.484375 0.004687 0.011719
2 0.504687 0.504883 0.021875 0.037109
2 0.524219 0.491211 0.023438 0.029297
2 0.478906 0.522461 0.064062 0.068359
