9 0.491406 0.233398 0.010937 0.044922
9 0.697656 0.349609 0.010937 0.042969
9 0.698438 0.400391 0.012500 0.015625
11 0.768750 0.283203 0.053125 0.070312
11 0.764062 0.239258 0.081250 0.029297
11 0.973437 0.277344 0.050000 0.042969
0 0.646875 0.476562 0.075000 0.152344
1 0.707812 0.524414 0.050000 0.103516
2 0.302344 0.468750 0.026562 0.050781
2 0.264844 0.469727 0.067187 0.064453
2 0.144531 0.483398 0.229687 0.091797
2 0.803906 0.446289 0.057813 0.044922
2 0.441406 0.503906 0.270313 0.304688
0 0.708594 0.492188 0.045312 0.152344
