9 0.103906 0.347656 0.023438 0.074219
9 0.099219 0.417969 0.020313 0.023438
9 0.798438 0.177734 0.025000 0.078125
11 0.109375 0.390625 0.043750 0.019531
11 0.883594 0.419922 0.014063 0.023438
0 0.220312 0.478516 0.021875 0.058594
0 0.203125 0.482422 0.015625 0.062500
0 0.236719 0.483398 0.014063 0.052734
0 0.253125 0.481445 0.012500 0.052734
0 0.299219 0.458984 0.014063 0.035156
0 0.959375 0.518555 0.031250 0.115234
2 0.365625 0.514648 0.100000 0.076172
11 0.658594 0.467773 0.023438 0.005859
11 0.692187 0.472656 0.006250 0.007812
11 0.475000 0.480469 0.009375 0.011719
11 0.846875 0.452148 0.018750 0.021484
