11 0.811719 0.370117 0.010937 0.017578
11 0.495312 0.381836 0.009375 0.017578
0 0.214062 0.446289 0.043750 0.123047
1 0.539844 0.444336 0.026562 0.044922
1 0.491406 0.451172 0.023438 0.039062
1 0.465625 0.454102 0.018750 0.033203
1 0.424219 0.450195 0.029687 0.044922
1 0.378125 0.456055 0.031250 0.044922
1 0.298438 0.460938 0.040625 0.046875
1 0.263281 0.460938 0.048438 0.062500
1 0.186719 0.474609 0.054688 0.062500
1 0.146875 0.475586 0.031250 0.060547
1 0.117969 0.481445 0.026562 0.052734
1 0.085156 0.481445 0.048438 0.072266
1 0.027344 0.483398 0.054688 0.080078
2 0.942969 0.436523 0.110937 0.103516
2 0.782813 0.426758 0.068750 0.076172
2 0.498437 0.428711 0.043750 0.029297
2 0.063281 0.417969 0.126562 0.085938
0 0.539844 0.426758 0.017188 0.060547
0 0.491406 0.435547 0.017188 0.054688
0 0.465625 0.437500 0.018750 0.054688
0 0.422656 0.430664 0.026562 0.076172
0 0.377344 0.438477 0.026562 0.068359
0 0.293750 0.444336 0.028125 0.060547
0 0.262500 0.439453 0.040625 0.101562
0 0.185938 0.441406 0.031250 0.097656
0 0.151562 0.454102 0.037500 0.083984
0 0.120313 0.455078 0.025000 0.089844
0 0.086719 0.457031 0.039062 0.117188
0 0.025000 0.450195 0.043750 0.138672
0 0.171094 0.433594 0.017188 0.050781
2 0.604688 0.426758 0.043750 0.025391
2 0.523438 0.417969 0.090625 0.042969
