9 0.735156 0.431641 0.010937 0.035156
9 0.978906 0.471680 0.017188 0.021484
9 0.954688 0.435547 0.012500 0.046875
9 0.208594 0.417969 0.010937 0.035156
11 0.728906 0.464844 0.014063 0.015625
11 0.978906 0.454102 0.023438 0.009766
11 0.216406 0.452148 0.014063 0.033203
0 0.273438 0.510742 0.028125 0.064453
0 0.296094 0.510742 0.026562 0.064453
0 0.289062 0.511719 0.025000 0.062500
2 0.895312 0.758789 0.206250 0.478516
2 0.755469 0.570312 0.223438 0.199219
2 0.629687 0.526367 0.075000 0.056641
2 0.605469 0.512695 0.035937 0.033203
2 0.407031 0.520508 0.176563 0.080078
2 0.498437 0.506836 0.015625 0.017578
2 0.539844 0.508789 0.014063 0.017578
2 0.510938 0.499023 0.006250 0.005859
2 0.549219 0.500977 0.007812 0.005859
2 0.441406 0.465820 0.045312 0.033203
9 0.221875 0.417969 0.009375 0.031250
