9 0.500000 0.394531 0.006250 0.015625
9 0.464844 0.389648 0.004687 0.013672
9 0.475000 0.410156 0.003125 0.011719
9 0.407031 0.401367 0.004687 0.013672
9 0.430469 0.426758 0.004687 0.013672
11 0.608594 0.390625 0.029687 0.031250
11 0.608594 0.350586 0.035937 0.044922
0 0.645312 0.462891 0.015625 0.042969
0 0.111719 0.453125 0.017188 0.039062
0 0.097656 0.468750 0.017188 0.058594
0 0.215625 0.462891 0.012500 0.039062
2 0.483594 0.505859 0.117188 0.117188
2 0.400781 0.466797 0.035937 0.050781
2 0.367969 0.475586 0.057813 0.052734
2 0.295312 0.478516 0.093750 0.093750
