11 0.267969 0.410156 0.014063 0.007812
11 0.268750 0.426758 0.012500 0.017578
0 0.036719 0.499023 0.023438 0.095703
0 0.058594 0.500000 0.026562 0.089844
0 0.842969 0.519531 0.032813 0.101562
1 0.333594 0.474609 0.014063 0.031250
1 0.310937 0.471680 0.018750 0.029297
1 0.472656 0.510742 0.026562 0.048828
2 0.760156 0.497070 0.095312 0.060547
2 0.457031 0.456055 0.007812 0.017578
2 0.435937 0.457031 0.037500 0.015625
2 0.460156 0.495117 0.085938 0.064453
2 0.590625 0.503906 0.146875 0.109375
2 0.930469 0.649414 0.135937 0.208984
0 0.473438 0.482422 0.025000 0.085938
10 0.354687 0.487305 0.012500 0.029297
