0 0.309375 0.497070 0.028125 0.099609
0 0.542969 0.458008 0.014063 0.037109
0 0.589844 0.459961 0.017188 0.044922
1 0.521094 0.480469 0.014063 0.039062
2 0.030469 0.597656 0.060937 0.203125
2 0.109375 0.575195 0.150000 0.154297
2 0.196094 0.532227 0.123438 0.134766
2 0.258594 0.516602 0.057813 0.103516
2 0.286719 0.506836 0.029687 0.076172
2 0.362500 0.476562 0.053125 0.058594
2 0.395313 0.467773 0.025000 0.037109
2 0.410156 0.463867 0.020313 0.029297
2 0.417969 0.458984 0.023438 0.031250
2 0.432031 0.457031 0.010937 0.023438
2 0.437500 0.451172 0.012500 0.015625
2 0.445312 0.446289 0.015625 0.017578
2 0.456250 0.443359 0.012500 0.015625
2 0.480469 0.442383 0.014063 0.017578
2 0.503906 0.443359 0.014063 0.011719
2 0.520312 0.447266 0.018750 0.023438
2 0.604688 0.458008 0.015625 0.041016
2 0.672656 0.437500 0.051562 0.019531
2 0.668750 0.460938 0.062500 0.042969
2 0.768750 0.449219 0.140625 0.097656
2 0.774219 0.482422 0.098437 0.078125
2 0.918750 0.491211 0.159375 0.119141
2 0.880469 0.479492 0.142187 0.115234
0 0.521094 0.468750 0.014063 0.050781
78 0.307812 0.551758 0.015625 0.009766
