9 0.835156 0.140625 0.035937 0.156250
9 0.982031 0.083008 0.032813 0.166016
9 0.015625 0.067383 0.031250 0.060547
9 0.628906 0.303711 0.014063 0.056641
9 0.649219 0.288086 0.017188 0.064453
0 0.342187 0.400391 0.015625 0.085938
0 0.355469 0.403320 0.023438 0.083984
0 0.432812 0.403320 0.012500 0.025391
0 0.773438 0.425781 0.021875 0.054688
0 0.794531 0.429688 0.014063 0.050781
0 0.489844 0.396484 0.004687 0.019531
0 0.503125 0.398438 0.006250 0.019531
2 0.536719 0.408203 0.032813 0.031250
2 0.696094 0.430664 0.073438 0.068359
2 0.609375 0.412109 0.025000 0.035156
2 0.633594 0.417969 0.042188 0.046875
2 0.810156 0.430664 0.026562 0.044922
2 0.569531 0.399414 0.029687 0.021484
