0 0.570312 0.467773 0.018750 0.041016
0 0.555469 0.468750 0.010937 0.046875
0 0.552344 0.465820 0.007812 0.044922
0 0.530469 0.453125 0.004687 0.015625
0 0.525781 0.452148 0.004687 0.013672
0 0.499219 0.452148 0.004687 0.013672
0 0.214844 0.507812 0.048438 0.187500
2 0.924219 0.731445 0.148438 0.298828
2 0.846875 0.600586 0.300000 0.232422
2 0.715625 0.546875 0.125000 0.136719
2 0.669531 0.517578 0.117188 0.117188
2 0.642969 0.485352 0.101562 0.099609
2 0.747656 0.461914 0.079687 0.033203
2 0.595313 0.486328 0.034375 0.058594
2 0.585156 0.480469 0.035937 0.050781
2 0.574219 0.465820 0.029687 0.037109
2 0.546875 0.459961 0.006250 0.021484
2 0.540625 0.456055 0.006250 0.013672
2 0.517188 0.452148 0.009375 0.009766
2 0.509375 0.451172 0.006250 0.007812
2 0.505469 0.452148 0.007812 0.009766
2 0.491406 0.453125 0.010937 0.015625
2 0.482031 0.454102 0.010937 0.017578
2 0.471094 0.457031 0.020313 0.023438
2 0.442188 0.461914 0.034375 0.033203
2 0.432031 0.467773 0.023438 0.033203
2 0.406250 0.468750 0.037500 0.042969
2 0.395313 0.475586 0.031250 0.048828
2 0.371875 0.474609 0.034375 0.062500
2 0.340625 0.480469 0.065625 0.085938
2 0.282031 0.488281 0.089063 0.089844
2 0.104688 0.529297 0.200000 0.191406
2 0.024219 0.579102 0.048438 0.166016
