11 0.279687 0.396484 0.021875 0.031250
11 0.282813 0.423828 0.012500 0.015625
11 0.385937 0.400391 0.006250 0.011719
11 0.686719 0.376953 0.010937 0.023438
0 0.549219 0.409180 0.014063 0.029297
2 0.177344 0.518555 0.217188 0.185547
2 0.342969 0.505859 0.092188 0.078125
2 0.396875 0.470703 0.050000 0.054688
2 0.426563 0.442383 0.046875 0.044922
2 0.476562 0.394531 0.018750 0.019531
2 0.482031 0.382812 0.017188 0.019531
2 0.493750 0.374023 0.012500 0.013672
2 0.512500 0.366211 0.009375 0.009766
2 0.882812 0.625977 0.231250 0.470703
2 0.718750 0.496094 0.153125 0.160156
2 0.632031 0.494141 0.060937 0.078125
2 0.597656 0.460938 0.054688 0.058594
2 0.521875 0.481445 0.065625 0.068359
2 0.554688 0.386719 0.018750 0.019531
2 0.543750 0.375977 0.009375 0.009766
