0 0.694531 0.453125 0.020313 0.023438
0 0.614062 0.454102 0.006250 0.017578
0 0.561719 0.452148 0.004687 0.009766
0 0.568750 0.456055 0.006250 0.021484
0 0.512500 0.455078 0.006250 0.023438
0 0.519531 0.456055 0.007812 0.021484
0 0.527344 0.454102 0.004687 0.017578
2 0.532813 0.451172 0.009375 0.011719
2 0.501563 0.457031 0.015625 0.019531
2 0.486719 0.459961 0.017188 0.025391
2 0.471094 0.462891 0.023438 0.031250
2 0.450781 0.463867 0.029687 0.037109
2 0.428906 0.457031 0.026562 0.027344
2 0.422656 0.471680 0.032813 0.048828
2 0.386719 0.473633 0.064062 0.068359
2 0.364844 0.484375 0.035937 0.066406
2 0.337500 0.489258 0.053125 0.072266
2 0.273438 0.499023 0.112500 0.095703
2 0.190625 0.447266 0.050000 0.023438
2 0.131250 0.536133 0.171875 0.150391
2 0.038281 0.549805 0.076563 0.158203
2 0.878906 0.507812 0.132812 0.113281
2 0.804688 0.488281 0.059375 0.074219
2 0.686719 0.452148 0.048438 0.017578
2 0.652344 0.454102 0.023438 0.017578
2 0.551562 0.461914 0.028125 0.029297
2 0.621875 0.492188 0.046875 0.070312
2 0.675781 0.522461 0.129688 0.123047
