5 0.823438 0.424805 0.262500 0.115234
5 0.514062 0.449219 0.056250 0.082031
5 0.429688 0.455078 0.093750 0.039062
0 0.137500 0.495117 0.018750 0.056641
0 0.120313 0.494141 0.015625 0.054688
0 0.672656 0.467773 0.029687 0.099609
0 0.689844 0.465820 0.023438 0.091797
0 0.648438 0.468750 0.028125 0.089844
0 0.548438 0.459961 0.009375 0.041016
0 0.556250 0.458008 0.009375 0.041016
0 0.623437 0.451172 0.012500 0.042969
0 0.613281 0.457031 0.010937 0.039062
0 0.596875 0.460938 0.015625 0.050781
0 0.571875 0.458008 0.009375 0.044922
0 0.578906 0.458984 0.014063 0.042969
0 0.587500 0.458008 0.012500 0.041016
0 0.378125 0.466797 0.012500 0.031250
0 0.371875 0.465820 0.006250 0.021484
2 0.952344 0.489258 0.092188 0.115234
2 0.909375 0.450195 0.178125 0.134766
2 0.852344 0.444336 0.139063 0.107422
2 0.773438 0.446289 0.121875 0.083984
2 0.474219 0.462891 0.023438 0.027344
2 0.443750 0.468750 0.037500 0.035156
2 0.417969 0.463867 0.020313 0.021484
10 0.341406 0.479492 0.004687 0.017578
