9 0.296875 0.476562 0.006250 0.007812
9 0.539062 0.461914 0.006250 0.009766
11 0.214844 0.500000 0.023438 0.007812
11 0.297656 0.495117 0.014063 0.017578
11 0.621094 0.429688 0.029687 0.050781
11 0.622656 0.460938 0.010937 0.011719
11 0.539062 0.486328 0.018750 0.027344
11 0.542188 0.534180 0.009375 0.017578
0 0.520312 0.518555 0.006250 0.021484
0 0.803906 0.523438 0.029687 0.105469
0 0.751563 0.528320 0.028125 0.099609
0 0.714844 0.536133 0.029687 0.080078
0 0.227344 0.553711 0.014063 0.033203
2 0.488281 0.541016 0.032813 0.031250
2 0.485156 0.530273 0.029687 0.029297
2 0.471875 0.524414 0.018750 0.029297
2 0.464062 0.516602 0.018750 0.021484
2 0.460938 0.504883 0.015625 0.013672
2 0.407813 0.496094 0.009375 0.011719
2 0.399219 0.502930 0.014063 0.017578
2 0.392969 0.508789 0.014063 0.017578
2 0.389844 0.511719 0.014063 0.015625
2 0.385156 0.517578 0.010937 0.019531
2 0.379688 0.523438 0.015625 0.023438
2 0.360156 0.528320 0.023438 0.025391
2 0.333594 0.563477 0.076563 0.072266
10 0.564063 0.561523 0.009375 0.025391
