0 0.664844 0.496094 0.026562 0.093750
0 0.635156 0.499023 0.023438 0.087891
2 0.953125 0.698242 0.090625 0.220703
2 0.835156 0.617188 0.307812 0.203125
2 0.850781 0.498047 0.160938 0.066406
2 0.678125 0.492188 0.159375 0.062500
2 0.226562 0.473633 0.090625 0.064453
2 0.162500 0.471680 0.062500 0.041016
2 0.114062 0.466797 0.062500 0.039062
2 0.061719 0.462891 0.070312 0.046875
2 0.020313 0.462891 0.040625 0.042969
2 0.459375 0.439453 0.053125 0.023438
2 0.514844 0.440430 0.026562 0.017578
2 0.393750 0.437500 0.043750 0.023438
2 0.337500 0.437500 0.028125 0.019531
11 0.902344 0.380859 0.051562 0.019531
