0 0.816406 0.512695 0.064062 0.189453
0 0.777344 0.456055 0.029687 0.072266
0 0.750000 0.501953 0.068750 0.199219
0 0.689063 0.504883 0.053125 0.205078
0 0.657031 0.489258 0.020313 0.095703
0 0.627344 0.482422 0.029687 0.097656
0 0.585938 0.482422 0.028125 0.101562
0 0.569531 0.481445 0.020313 0.091797
0 0.545312 0.478516 0.028125 0.101562
0 0.527344 0.481445 0.023438 0.095703
0 0.492188 0.484375 0.012500 0.042969
0 0.480469 0.485352 0.010937 0.041016
0 0.471094 0.486328 0.007812 0.039062
0 0.459375 0.484375 0.009375 0.035156
2 0.420312 0.493164 0.034375 0.041016
2 0.354687 0.486328 0.050000 0.054688
2 0.253125 0.498047 0.128125 0.117188
