5 0.696094 0.520508 0.073438 0.068359
9 0.039844 0.267578 0.045312 0.121094
9 0.812500 0.200195 0.043750 0.134766
9 0.811719 0.503906 0.023438 0.066406
9 0.046094 0.559570 0.020313 0.064453
11 0.037500 0.367188 0.053125 0.070312
11 0.041406 0.420898 0.054688 0.029297
11 0.307812 0.414062 0.015625 0.019531
11 0.309375 0.372070 0.025000 0.060547
0 0.015625 0.628906 0.031250 0.207031
0 0.064844 0.612305 0.032813 0.189453
0 0.083594 0.593750 0.035937 0.203125
0 0.260937 0.597656 0.034375 0.167969
0 0.290625 0.585938 0.046875 0.148438
0 0.391406 0.527344 0.007812 0.042969
0 0.397656 0.535156 0.010937 0.054688
0 0.414844 0.534180 0.020313 0.052734
0 0.435156 0.528320 0.007812 0.037109
0 0.453906 0.526367 0.007812 0.029297
0 0.471094 0.523438 0.007812 0.031250
0 0.478906 0.528320 0.007812 0.033203
0 0.494531 0.529297 0.010937 0.039062
0 0.508594 0.525391 0.010937 0.027344
0 0.522656 0.521484 0.007812 0.023438
0 0.788281 0.523438 0.014063 0.023438
0 0.776563 0.522461 0.009375 0.017578
0 0.830469 0.530273 0.007812 0.037109
0 0.849219 0.549805 0.026562 0.072266
0 0.872656 0.548828 0.020313 0.078125
0 0.889844 0.536133 0.014063 0.056641
0 0.929688 0.549805 0.021875 0.080078
0 0.906250 0.554688 0.021875 0.074219
7 0.592187 0.495117 0.078125 0.080078
2 0.759375 0.573242 0.084375 0.072266
2 0.557813 0.653320 0.231250 0.236328
2 0.644531 0.524414 0.026562 0.021484
