11 0.271875 0.530273 0.018750 0.005859
11 0.325781 0.525391 0.014063 0.031250
11 0.525781 0.525391 0.014063 0.015625
11 0.525000 0.506836 0.009375 0.013672
11 0.571875 0.483398 0.021875 0.037109
11 0.527344 0.566406 0.007812 0.015625
11 0.886719 0.345703 0.039062 0.070312
11 0.882812 0.243164 0.093750 0.119141
0 0.515625 0.556641 0.006250 0.019531
0 0.893750 0.520508 0.062500 0.154297
0 0.692187 0.544922 0.025000 0.074219
0 0.671875 0.551758 0.015625 0.052734
0 0.657813 0.546875 0.021875 0.062500
0 0.641406 0.551758 0.020313 0.056641
2 0.388281 0.576172 0.039062 0.031250
2 0.406250 0.541992 0.015625 0.021484
2 0.485938 0.573242 0.028125 0.025391
2 0.483594 0.564453 0.023438 0.023438
2 0.472656 0.562500 0.017188 0.023438
2 0.467187 0.554688 0.018750 0.023438
10 0.540625 0.584961 0.006250 0.017578
