5 0.581250 0.529297 0.018750 0.027344
11 0.028906 0.432617 0.057813 0.017578
11 0.028125 0.452148 0.056250 0.017578
11 0.055469 0.473633 0.054688 0.013672
11 0.227344 0.488281 0.017188 0.019531
11 0.227344 0.508789 0.017188 0.017578
11 0.227344 0.526367 0.017188 0.017578
11 0.832031 0.443359 0.023438 0.035156
11 0.837500 0.487305 0.015625 0.021484
11 0.729688 0.456055 0.018750 0.025391
11 0.732031 0.479492 0.017188 0.025391
11 0.732031 0.500977 0.020313 0.021484
0 0.261719 0.576172 0.010937 0.042969
0 0.949219 0.574219 0.020313 0.074219
0 0.971875 0.575195 0.021875 0.076172
0 0.987500 0.573242 0.021875 0.083984
0 0.797656 0.581055 0.020313 0.064453
0 0.778906 0.574219 0.017188 0.074219
0 0.766406 0.578125 0.014063 0.050781
0 0.752344 0.575195 0.017188 0.052734
0 0.694531 0.573242 0.007812 0.037109
0 0.720313 0.572266 0.012500 0.042969
0 0.730469 0.573242 0.010937 0.048828
0 0.607812 0.541016 0.009375 0.027344
0 0.613281 0.546875 0.007812 0.027344
1 0.841406 0.647461 0.057813 0.107422
1 0.893750 0.575195 0.059375 0.060547
3 0.509375 0.624023 0.037500 0.087891
2 0.038281 0.644531 0.076563 0.148438
2 0.297656 0.585938 0.073438 0.070312
2 0.387500 0.589844 0.078125 0.066406
2 0.332031 0.569336 0.039062 0.044922
2 0.467187 0.570312 0.031250 0.027344
2 0.585938 0.565430 0.021875 0.025391
2 0.580469 0.542969 0.014063 0.015625
2 0.546094 0.541992 0.014063 0.017578
2 0.516406 0.542969 0.014063 0.015625
2 0.529687 0.541992 0.012500 0.013672
2 0.495312 0.565430 0.021875 0.025391
0 0.846094 0.606445 0.045312 0.130859
0 0.509375 0.587891 0.037500 0.089844
