9 0.155469 0.398438 0.004687 0.015625
9 0.196094 0.399414 0.004687 0.013672
11 0.877344 0.364258 0.026562 0.021484
11 0.876563 0.325195 0.040625 0.048828
11 0.784375 0.325195 0.021875 0.037109
11 0.425000 0.358398 0.025000 0.037109
11 0.234375 0.415039 0.018750 0.005859
11 0.268750 0.428711 0.009375 0.013672
0 0.622656 0.419922 0.020313 0.054688
2 0.119531 0.464844 0.029687 0.031250
2 0.168750 0.462891 0.028125 0.031250
2 0.192969 0.462891 0.020313 0.023438
2 0.224219 0.463867 0.017188 0.021484
2 0.210938 0.462891 0.015625 0.015625
