9 0.657031 0.387695 0.007812 0.029297
9 0.657813 0.427734 0.009375 0.011719
9 0.604688 0.355469 0.009375 0.031250
9 0.841406 0.411133 0.010937 0.025391
9 0.869531 0.299805 0.007812 0.029297
9 0.904687 0.296875 0.009375 0.031250
9 0.965625 0.383789 0.012500 0.041016
9 0.351562 0.401367 0.009375 0.025391
9 0.171875 0.228516 0.015625 0.039062
9 0.114062 0.303711 0.009375 0.025391
9 0.167969 0.326172 0.014063 0.019531
11 0.889062 0.292969 0.006250 0.019531
11 0.914844 0.356445 0.035937 0.044922
11 0.821875 0.241211 0.087500 0.041016
11 0.824219 0.125977 0.151562 0.193359
0 0.539844 0.455078 0.004687 0.015625
0 0.479687 0.455078 0.006250 0.019531
2 0.580469 0.455078 0.010937 0.011719
2 0.588281 0.450195 0.004687 0.005859
