9 0.809375 0.267578 0.025000 0.066406
9 0.821875 0.341797 0.021875 0.027344
9 0.534375 0.355469 0.021875 0.027344
9 0.538281 0.295898 0.017188 0.060547
11 0.871094 0.323242 0.048438 0.013672
11 0.816406 0.314453 0.029687 0.019531
11 0.468750 0.370117 0.012500 0.021484
0 0.674219 0.455078 0.048438 0.128906
0 0.551562 0.457031 0.031250 0.101562
0 0.544531 0.460938 0.039062 0.097656
0 0.507812 0.448242 0.025000 0.091797
0 0.410938 0.458984 0.050000 0.113281
0 0.350781 0.458008 0.048438 0.111328
0 0.312500 0.467773 0.046875 0.107422
0 0.119531 0.466797 0.042188 0.105469
0 0.075781 0.464844 0.042188 0.121094
0 0.082812 0.471680 0.028125 0.103516
2 0.440625 0.454102 0.050000 0.048828
2 0.115625 0.458008 0.056250 0.064453
10 0.517188 0.471680 0.012500 0.044922
