11 0.298438 0.434570 0.025000 0.033203
11 0.553906 0.490234 0.007812 0.015625
11 0.553906 0.503906 0.007812 0.011719
0 0.480469 0.502930 0.004687 0.013672
0 0.476562 0.503906 0.003125 0.011719
0 0.466406 0.502930 0.004687 0.017578
0 0.459375 0.503906 0.006250 0.015625
0 0.443750 0.507812 0.006250 0.027344
0 0.429688 0.504883 0.009375 0.033203
0 0.380469 0.512695 0.020313 0.056641
2 0.505469 0.512695 0.020313 0.021484
2 0.087500 0.581055 0.175000 0.322266
2 0.150781 0.529297 0.117188 0.085938
2 0.491406 0.504883 0.007812 0.009766
10 0.966406 0.606445 0.045312 0.177734
