5 0.821094 0.591797 0.354687 0.812500
9 0.048438 0.320312 0.031250 0.097656
9 0.286719 0.458984 0.010937 0.031250
9 0.521875 0.483398 0.009375 0.029297
9 0.068750 0.447266 0.018750 0.054688
11 0.026562 0.423828 0.053125 0.066406
11 0.463281 0.494141 0.014063 0.015625
11 0.463281 0.507812 0.010937 0.007812
11 0.463281 0.515625 0.010937 0.007812
11 0.196875 0.463867 0.015625 0.041016
0 0.600000 0.558594 0.012500 0.046875
0 0.217969 0.592773 0.048438 0.103516
0 0.177344 0.541016 0.014063 0.054688
0 0.265625 0.550781 0.012500 0.039062
3 0.389062 0.560547 0.028125 0.046875
3 0.349219 0.559570 0.026562 0.037109
2 0.118750 0.675781 0.237500 0.328125
2 0.450781 0.591797 0.095312 0.101562
2 0.506250 0.563477 0.062500 0.060547
2 0.246094 0.542969 0.032813 0.035156
0 0.386719 0.547852 0.023438 0.056641
0 0.346875 0.546875 0.018750 0.042969
