1 0.919531 0.585938 0.157812 0.156250
1 0.021094 0.544922 0.042188 0.128906
1 0.183594 0.533203 0.048438 0.105469
1 0.208594 0.520508 0.026562 0.080078
1 0.228125 0.515625 0.021875 0.070312
1 0.266406 0.516602 0.026562 0.072266
1 0.246875 0.509766 0.018750 0.062500
1 0.285938 0.500000 0.018750 0.050781
1 0.300781 0.506836 0.026562 0.064453
1 0.320312 0.492188 0.018750 0.050781
2 0.460156 0.470703 0.048438 0.027344
2 0.548438 0.483398 0.075000 0.080078
2 0.507812 0.480469 0.021875 0.050781
2 0.491406 0.479492 0.017188 0.037109
2 0.385156 0.474609 0.032813 0.031250
2 0.040625 0.493164 0.081250 0.115234
2 0.164844 0.482422 0.057813 0.082031
0 0.932031 0.527344 0.104688 0.214844
0 0.185938 0.486328 0.040625 0.140625
0 0.206250 0.468750 0.028125 0.101562
0 0.228125 0.478516 0.021875 0.082031
0 0.266406 0.484375 0.026562 0.105469
0 0.247656 0.485352 0.017188 0.076172
0 0.285156 0.477539 0.017188 0.060547
0 0.300781 0.482422 0.023438 0.093750
0 0.321094 0.470703 0.017188 0.066406
0 0.025781 0.489258 0.051562 0.177734
9 0.617969 0.332031 0.010937 0.035156
