1 0.442188 0.488281 0.018750 0.035156
1 0.468750 0.490234 0.015625 0.035156
2 0.392188 0.453125 0.012500 0.015625
2 0.379688 0.455078 0.015625 0.027344
2 0.366406 0.459961 0.023438 0.033203
2 0.356250 0.468750 0.028125 0.039062
2 0.339844 0.475586 0.045312 0.044922
2 0.450000 0.454102 0.009375 0.013672
2 0.457813 0.458984 0.018750 0.019531
2 0.485156 0.457031 0.023438 0.023438
2 0.490625 0.467773 0.021875 0.029297
2 0.501563 0.475586 0.025000 0.033203
2 0.534375 0.478516 0.053125 0.058594
2 0.555469 0.493164 0.064062 0.072266
2 0.425781 0.451172 0.007812 0.011719
2 0.881250 0.652344 0.234375 0.316406
2 0.057031 0.565430 0.114062 0.197266
0 0.441406 0.474609 0.020313 0.058594
0 0.469531 0.475586 0.017188 0.052734
