9 0.059375 0.517578 0.034375 0.101562
9 0.092969 0.419922 0.048438 0.066406
9 0.065625 0.110352 0.065625 0.177734
9 0.189062 0.460938 0.028125 0.042969
9 0.211719 0.255859 0.039062 0.117188
9 0.789844 0.488281 0.010937 0.031250
11 0.835938 0.408203 0.050000 0.062500
11 0.696094 0.472656 0.020313 0.023438
11 0.835938 0.449219 0.040625 0.015625
11 0.834375 0.478516 0.031250 0.042969
11 0.949219 0.366211 0.082812 0.205078
11 0.309375 0.481445 0.018750 0.005859
0 0.807031 0.531250 0.014063 0.042969
0 0.795312 0.527344 0.009375 0.031250
0 0.116406 0.557617 0.017188 0.060547
0 0.683594 0.552734 0.017188 0.046875
1 0.914844 0.592773 0.117188 0.095703
1 0.932813 0.619141 0.131250 0.113281
7 0.685937 0.533203 0.075000 0.078125
3 0.566406 0.580078 0.039062 0.062500
3 0.797656 0.583008 0.120313 0.103516
3 0.706250 0.562500 0.068750 0.058594
2 0.632031 0.545898 0.035937 0.041016
2 0.559375 0.559570 0.078125 0.068359
2 0.473438 0.614258 0.125000 0.146484
2 0.168750 0.547852 0.062500 0.029297
0 0.566406 0.561523 0.032813 0.060547
