5 0.341406 0.443359 0.104688 0.125000
9 0.982031 0.325195 0.032813 0.048828
9 0.980469 0.182617 0.035937 0.115234
11 0.771094 0.363281 0.017188 0.031250
11 0.580469 0.416016 0.014063 0.015625
11 0.580469 0.428711 0.014063 0.009766
11 0.961719 0.285156 0.073438 0.031250
0 0.754687 0.482422 0.015625 0.082031
2 0.667188 0.492188 0.118750 0.113281
2 0.596094 0.472656 0.073438 0.089844
2 0.556250 0.474609 0.034375 0.066406
2 0.541406 0.471680 0.035937 0.048828
2 0.521094 0.469727 0.023438 0.037109
2 0.503125 0.468750 0.018750 0.027344
2 0.477344 0.467773 0.017188 0.017578
2 0.438281 0.467773 0.032813 0.017578
2 0.230469 0.495117 0.139063 0.119141
