9 0.509375 0.394531 0.006250 0.015625
11 0.842969 0.314453 0.020313 0.082031
11 0.265625 0.446289 0.009375 0.017578
11 0.593750 0.410156 0.012500 0.015625
11 0.669531 0.380859 0.010937 0.042969
0 0.528906 0.457031 0.014063 0.039062
0 0.514062 0.452148 0.012500 0.044922
0 0.497656 0.457031 0.010937 0.042969
0 0.432812 0.446289 0.012500 0.025391
0 0.310156 0.456055 0.010937 0.041016
0 0.292969 0.455078 0.010937 0.039062
0 0.175781 0.470703 0.014063 0.050781
0 0.161719 0.467773 0.014063 0.056641
0 0.125781 0.472656 0.020313 0.074219
0 0.089063 0.472656 0.012500 0.062500
0 0.071875 0.469727 0.025000 0.076172
0 0.195312 0.464844 0.018750 0.054688
1 0.485156 0.463867 0.017188 0.029297
2 0.665625 0.499023 0.128125 0.115234
2 0.599219 0.489258 0.064062 0.087891
2 0.563281 0.479492 0.048438 0.064453
10 0.228125 0.486328 0.012500 0.035156
