11 0.701562 0.380859 0.028125 0.035156
11 0.700781 0.405273 0.023438 0.013672
11 0.275000 0.405273 0.009375 0.013672
0 0.992969 0.526367 0.010937 0.103516
1 0.885156 0.490234 0.076563 0.066406
1 0.885938 0.583008 0.084375 0.154297
1 0.766406 0.537109 0.039062 0.082031
1 0.975781 0.694336 0.045312 0.177734
1 0.666406 0.552734 0.048438 0.113281
2 0.670312 0.435547 0.018750 0.019531
2 0.649219 0.433594 0.020313 0.019531
2 0.114844 0.450195 0.032813 0.029297
2 0.160938 0.448242 0.021875 0.017578
2 0.576562 0.483398 0.128125 0.072266
2 0.861719 0.447266 0.092188 0.058594
2 0.916406 0.449219 0.020313 0.031250
0 0.666406 0.523438 0.051562 0.140625
