5 0.864844 0.452148 0.020313 0.033203
11 0.974219 0.448242 0.014063 0.029297
11 0.839844 0.428711 0.007812 0.009766
0 0.378906 0.474609 0.039062 0.125000
2 0.139063 0.450195 0.150000 0.048828
2 0.252344 0.444336 0.057813 0.029297
2 0.360156 0.459961 0.073438 0.033203
2 0.498437 0.462891 0.118750 0.062500
2 0.570312 0.468750 0.037500 0.046875
2 0.578125 0.457031 0.093750 0.062500
2 0.639062 0.458984 0.068750 0.050781
2 0.742969 0.463867 0.026562 0.021484
2 0.671094 0.455078 0.064062 0.046875
2 0.805469 0.460938 0.023438 0.019531
2 0.747656 0.454102 0.026562 0.021484
