11 0.675000 0.417969 0.028125 0.031250
11 0.485156 0.433594 0.010937 0.015625
0 0.434375 0.489258 0.018750 0.064453
0 0.453125 0.490234 0.018750 0.066406
2 0.082031 0.536133 0.164062 0.244141
2 0.259375 0.518555 0.128125 0.107422
2 0.335938 0.502930 0.081250 0.095703
2 0.378906 0.501953 0.035937 0.070312
2 0.406250 0.498047 0.053125 0.058594
2 0.467187 0.474609 0.028125 0.035156
2 0.572656 0.480469 0.010937 0.023438
2 0.554688 0.479492 0.031250 0.029297
2 0.728125 0.537109 0.125000 0.132812
0 0.652344 0.511719 0.057813 0.179688
0 0.608594 0.491211 0.020313 0.099609
0 0.592969 0.496094 0.029687 0.109375
78 0.653906 0.609375 0.029687 0.019531
78 0.595313 0.558594 0.015625 0.015625
78 0.605469 0.546875 0.014063 0.011719
