9 0.624219 0.336914 0.010937 0.041016
0 0.932813 0.455078 0.037500 0.113281
0 0.820312 0.447266 0.018750 0.070312
0 0.654687 0.466797 0.034375 0.128906
0 0.012500 0.474609 0.018750 0.085938
0 0.039844 0.475586 0.023438 0.080078
0 0.067969 0.450195 0.014063 0.037109
0 0.172656 0.462891 0.010937 0.046875
0 0.185938 0.466797 0.015625 0.054688
2 0.294531 0.473633 0.057813 0.064453
2 0.242188 0.486328 0.087500 0.074219
2 0.558594 0.497070 0.057813 0.119141
2 0.436719 0.497070 0.217188 0.244141
9 0.615625 0.389648 0.018750 0.021484
0 0.117969 0.458008 0.017188 0.044922
74 0.721875 0.485352 0.071875 0.091797
10 0.639844 0.494141 0.010937 0.058594
