9 0.383594 0.242188 0.010937 0.050781
9 0.076563 0.200195 0.012500 0.060547
9 0.384375 0.373047 0.006250 0.023438
9 0.338281 0.374023 0.007812 0.021484
9 0.580469 0.331055 0.014063 0.048828
11 0.371094 0.368164 0.010937 0.013672
0 0.886719 0.467773 0.032813 0.126953
0 0.911719 0.451172 0.029687 0.160156
0 0.935156 0.467773 0.048438 0.162109
0 0.952344 0.461914 0.048438 0.173828
0 0.664844 0.467773 0.017188 0.080078
0 0.595313 0.454102 0.015625 0.044922
0 0.559375 0.449219 0.012500 0.023438
0 0.560937 0.435547 0.015625 0.023438
0 0.511719 0.458008 0.007812 0.029297
2 0.193750 0.485352 0.087500 0.087891
