9 0.277344 0.409180 0.010937 0.033203
9 0.428125 0.452148 0.006250 0.017578
9 0.672656 0.421875 0.007812 0.027344
0 0.196094 0.487305 0.017188 0.025391
0 0.297656 0.497070 0.014063 0.033203
0 0.385156 0.482422 0.007812 0.011719
0 0.400000 0.483398 0.012500 0.013672
0 0.925000 0.506836 0.021875 0.060547
0 0.859375 0.523438 0.025000 0.085938
0 0.819531 0.518555 0.020313 0.048828
0 0.783594 0.526367 0.029687 0.095703
1 0.097656 0.544922 0.079687 0.058594
1 0.655469 0.551758 0.026562 0.056641
2 0.214844 0.571289 0.223438 0.154297
2 0.383594 0.507812 0.039062 0.039062
2 0.418750 0.516602 0.059375 0.068359
2 0.525781 0.517578 0.048438 0.054688
2 0.546875 0.504883 0.031250 0.044922
2 0.483594 0.569336 0.148438 0.154297
0 0.657031 0.530273 0.029687 0.080078
