11 0.549219 0.397461 0.039062 0.048828
11 0.455469 0.443359 0.007812 0.011719
2 0.353125 0.466797 0.031250 0.035156
2 0.298438 0.463867 0.043750 0.037109
2 0.256250 0.469727 0.043750 0.048828
2 0.220312 0.480469 0.056250 0.050781
2 0.145313 0.479492 0.059375 0.048828
2 0.574219 0.460938 0.060937 0.042969
2 0.601562 0.466797 0.056250 0.046875
2 0.432812 0.468750 0.018750 0.027344
2 0.448437 0.474609 0.031250 0.039062
2 0.450781 0.479492 0.020313 0.033203
2 0.467187 0.479492 0.031250 0.048828
2 0.486719 0.480469 0.032813 0.062500
2 0.517188 0.488281 0.075000 0.070312
2 0.907813 0.589844 0.181250 0.308594
