9 0.679688 0.422852 0.015625 0.048828
11 0.937500 0.358398 0.065625 0.087891
11 0.942187 0.417969 0.050000 0.027344
11 0.943750 0.455078 0.050000 0.042969
0 0.267188 0.541016 0.012500 0.027344
0 0.175000 0.542969 0.009375 0.031250
0 0.185938 0.538086 0.009375 0.029297
0 0.198437 0.536133 0.009375 0.021484
0 0.162500 0.541016 0.009375 0.027344
0 0.565625 0.568359 0.028125 0.050781
0 0.400000 0.535156 0.012500 0.031250
0 0.385937 0.540039 0.009375 0.025391
2 0.250781 0.538086 0.017188 0.017578
2 0.326562 0.528320 0.015625 0.013672
2 0.303906 0.526367 0.017188 0.013672
