0 0.081250 0.467773 0.034375 0.044922
0 0.561719 0.485352 0.023438 0.091797
0 0.582812 0.494141 0.028125 0.082031
0 0.596875 0.484375 0.021875 0.082031
1 0.493750 0.443359 0.006250 0.011719
2 0.034375 0.460938 0.068750 0.039062
2 0.034375 0.442383 0.050000 0.021484
2 0.079687 0.452148 0.046875 0.041016
2 0.125781 0.456055 0.051562 0.037109
2 0.185938 0.452148 0.037500 0.033203
2 0.300781 0.456055 0.029687 0.021484
2 0.328125 0.452148 0.043750 0.025391
2 0.290625 0.442383 0.046875 0.021484
2 0.248438 0.437500 0.028125 0.015625
2 0.103906 0.577148 0.207813 0.201172
2 0.017188 0.673828 0.034375 0.171875
2 0.241406 0.526367 0.139063 0.162109
2 0.313281 0.517578 0.045312 0.093750
2 0.336719 0.503906 0.051562 0.078125
2 0.356250 0.490234 0.046875 0.066406
2 0.374219 0.481445 0.039062 0.060547
2 0.391406 0.470703 0.051562 0.066406
2 0.427344 0.460938 0.032813 0.035156
2 0.445312 0.452148 0.028125 0.033203
2 0.461719 0.452148 0.017188 0.025391
2 0.469531 0.449219 0.010937 0.023438
2 0.467969 0.446289 0.020313 0.025391
2 0.477344 0.443359 0.007812 0.019531
2 0.481250 0.441406 0.015625 0.023438
2 0.488281 0.437500 0.007812 0.015625
2 0.503125 0.431641 0.006250 0.007812
2 0.518750 0.451172 0.028125 0.031250
2 0.510938 0.431641 0.006250 0.007812
2 0.567969 0.449219 0.026562 0.023438
2 0.551562 0.451172 0.009375 0.023438
2 0.551562 0.445312 0.021875 0.027344
2 0.542188 0.445312 0.009375 0.019531
2 0.537500 0.439453 0.009375 0.015625
2 0.536719 0.434570 0.010937 0.013672
2 0.526563 0.432617 0.009375 0.009766
2 0.530469 0.435547 0.004687 0.011719
2 0.646094 0.504883 0.079687 0.080078
2 0.629687 0.487305 0.056250 0.072266
2 0.847656 0.618164 0.301563 0.302734
2 0.728906 0.545898 0.142187 0.173828
0 0.506250 0.437500 0.006250 0.015625
0 0.493750 0.439453 0.006250 0.015625
