9 0.325000 0.274414 0.015625 0.044922
9 0.483594 0.271484 0.017188 0.062500
9 0.169531 0.347656 0.007812 0.023438
9 0.211719 0.355469 0.007812 0.023438
9 0.246094 0.420898 0.007812 0.025391
9 0.795312 0.407227 0.009375 0.037109
9 0.696875 0.362305 0.009375 0.025391
9 0.615625 0.354492 0.009375 0.029297
9 0.017188 0.378906 0.012500 0.035156
11 0.113281 0.409180 0.020313 0.009766
11 0.214062 0.436523 0.015625 0.005859
11 0.625781 0.466797 0.010937 0.015625
11 0.603906 0.438477 0.014063 0.013672
11 0.584375 0.450195 0.009375 0.013672
11 0.565625 0.452148 0.006250 0.013672
11 0.565625 0.466797 0.006250 0.007812
11 0.602344 0.455078 0.007812 0.015625
11 0.343750 0.455078 0.012500 0.027344
11 0.320312 0.421875 0.009375 0.019531
2 0.888281 0.517578 0.220312 0.273438
2 0.740625 0.500000 0.137500 0.132812
2 0.684375 0.486328 0.050000 0.085938
2 0.664844 0.471680 0.029687 0.052734
2 0.533594 0.467773 0.032813 0.029297
2 0.473438 0.463867 0.034375 0.033203
2 0.427344 0.463867 0.035937 0.033203
2 0.499219 0.469727 0.017188 0.021484
