9 0.777344 0.379883 0.023438 0.072266
9 0.043750 0.454102 0.018750 0.048828
9 0.302344 0.362305 0.026562 0.072266
9 0.221875 0.480469 0.009375 0.035156
9 0.422656 0.452148 0.010937 0.033203
9 0.777344 0.535156 0.014063 0.035156
9 0.306250 0.521484 0.012500 0.035156
11 0.085156 0.497070 0.017188 0.021484
11 0.085938 0.514648 0.018750 0.013672
11 0.100781 0.490234 0.017188 0.019531
11 0.101562 0.508789 0.015625 0.017578
11 0.421875 0.506836 0.018750 0.013672
11 0.305469 0.486328 0.042188 0.023438
0 0.700781 0.531250 0.010937 0.031250
0 0.664062 0.535156 0.009375 0.031250
0 0.216406 0.555664 0.010937 0.037109
0 0.318750 0.547852 0.009375 0.029297
7 0.532031 0.537109 0.023438 0.031250
2 0.443750 0.547852 0.021875 0.025391
2 0.458594 0.540039 0.020313 0.029297
2 0.490625 0.549805 0.040625 0.041016
2 0.512500 0.540039 0.012500 0.017578
2 0.566406 0.537109 0.023438 0.031250
