11 0.450781 0.460938 0.007812 0.011719
11 0.541406 0.481445 0.004687 0.009766
0 0.092188 0.528320 0.053125 0.177734
0 0.121094 0.492188 0.023438 0.113281
0 0.141406 0.516602 0.051562 0.162109
0 0.175781 0.496094 0.032813 0.105469
0 0.466406 0.489258 0.004687 0.021484
0 0.465625 0.490234 0.006250 0.019531
0 0.474219 0.490234 0.004687 0.015625
0 0.478125 0.491211 0.003125 0.009766
0 0.482812 0.490234 0.003125 0.011719
2 0.252344 0.500977 0.142187 0.068359
2 0.351562 0.484375 0.050000 0.031250
2 0.425000 0.489258 0.031250 0.025391
2 0.396094 0.487305 0.067187 0.037109
2 0.515625 0.497070 0.025000 0.025391
2 0.492188 0.491211 0.018750 0.021484
