0 0.842187 0.456055 0.018750 0.048828
0 0.717187 0.445312 0.006250 0.019531
0 0.735938 0.449219 0.006250 0.023438
2 0.521094 0.458008 0.029687 0.025391
2 0.566406 0.439453 0.014063 0.011719
2 0.589844 0.437500 0.010937 0.011719
2 0.609375 0.428711 0.009375 0.013672
2 0.585156 0.425781 0.007812 0.007812
2 0.594531 0.428711 0.007812 0.009766
2 0.617188 0.423828 0.006250 0.007812
9 0.453125 0.406250 0.006250 0.019531
9 0.673438 0.404297 0.006250 0.019531
0 0.617969 0.435547 0.004687 0.011719
10 0.472656 0.470703 0.007812 0.019531
0 0.327344 0.461914 0.010937 0.037109
0 0.342187 0.463867 0.006250 0.025391
0 0.389062 0.467773 0.009375 0.025391
