11 0.403125 0.425781 0.012500 0.015625
0 0.766406 0.488281 0.032813 0.101562
0 0.524219 0.459961 0.007812 0.025391
0 0.532813 0.461914 0.009375 0.025391
1 0.607031 0.513672 0.023438 0.050781
2 0.510938 0.461914 0.012500 0.013672
2 0.492969 0.463867 0.007812 0.009766
2 0.485156 0.463867 0.007812 0.013672
2 0.500000 0.465820 0.006250 0.005859
2 0.475000 0.463867 0.012500 0.013672
2 0.457813 0.460938 0.015625 0.019531
2 0.439844 0.458984 0.020313 0.023438
2 0.432031 0.462891 0.023438 0.023438
2 0.360938 0.477539 0.028125 0.048828
2 0.339844 0.477539 0.039062 0.052734
2 0.300781 0.475586 0.051562 0.064453
2 0.267188 0.484375 0.078125 0.062500
2 0.178125 0.499023 0.078125 0.091797
2 0.082031 0.510742 0.164062 0.107422
0 0.607812 0.494141 0.021875 0.070312
10 0.788281 0.567383 0.026562 0.072266
