5 0.032031 0.476562 0.064062 0.175781
11 0.942969 0.384766 0.023438 0.027344
11 0.942969 0.410156 0.023438 0.023438
11 0.788281 0.416016 0.014063 0.015625
11 0.775000 0.416992 0.012500 0.013672
11 0.535937 0.270508 0.050000 0.068359
11 0.535156 0.227539 0.035937 0.021484
11 0.535156 0.321289 0.051562 0.037109
11 0.295312 0.428711 0.012500 0.017578
11 0.296094 0.440430 0.014063 0.005859
11 0.296875 0.457031 0.012500 0.015625
11 0.296094 0.471680 0.014063 0.013672
0 0.332813 0.465820 0.009375 0.017578
2 0.190625 0.613281 0.284375 0.246094
2 0.376563 0.563477 0.234375 0.181641
2 0.525781 0.538086 0.223438 0.177734
2 0.694531 0.520508 0.185938 0.126953
2 0.788281 0.512695 0.070312 0.095703
2 0.800000 0.503906 0.121875 0.101562
2 0.872656 0.501953 0.079687 0.085938
