0 0.443750 0.436523 0.025000 0.076172
1 0.503906 0.459961 0.020313 0.044922
1 0.443750 0.455078 0.025000 0.050781
2 0.629687 0.481445 0.115625 0.123047
2 0.596875 0.459961 0.090625 0.095703
2 0.571875 0.449219 0.056250 0.082031
2 0.532813 0.449219 0.034375 0.046875
2 0.526563 0.440430 0.034375 0.044922
2 0.520312 0.420898 0.025000 0.025391
2 0.492969 0.431641 0.010937 0.031250
2 0.484375 0.426758 0.018750 0.025391
2 0.475781 0.421875 0.014063 0.019531
2 0.467187 0.417969 0.009375 0.011719
2 0.457813 0.418945 0.009375 0.013672
2 0.426563 0.418945 0.009375 0.013672
2 0.415625 0.418945 0.012500 0.013672
2 0.400781 0.417969 0.017188 0.023438
2 0.389062 0.421875 0.015625 0.027344
2 0.381250 0.423828 0.015625 0.035156
2 0.366406 0.428711 0.026562 0.044922
2 0.350781 0.432617 0.032813 0.048828
2 0.328906 0.442383 0.039062 0.056641
2 0.286719 0.449219 0.073438 0.066406
0 0.503906 0.443359 0.020313 0.070312
11 0.021875 0.274414 0.021875 0.025391
