5 0.341406 0.427734 0.154688 0.062500
11 0.632031 0.401367 0.020313 0.009766
11 0.632031 0.409180 0.014063 0.005859
11 0.525000 0.416992 0.009375 0.013672
11 0.525000 0.428711 0.006250 0.009766
0 0.960156 0.457031 0.010937 0.042969
0 0.948438 0.455078 0.009375 0.042969
0 0.935937 0.458008 0.009375 0.041016
0 0.925000 0.444336 0.006250 0.013672
0 0.910156 0.442383 0.004687 0.009766
0 0.906250 0.442383 0.003125 0.009766
0 0.901563 0.442383 0.006250 0.009766
0 0.888281 0.441406 0.004687 0.011719
0 0.855469 0.444336 0.007812 0.013672
0 0.867969 0.447266 0.007812 0.023438
0 0.875000 0.448242 0.009375 0.025391
0 0.822656 0.444336 0.007812 0.013672
0 0.700781 0.466797 0.017188 0.066406
0 0.655469 0.470703 0.014063 0.062500
0 0.291406 0.454102 0.017188 0.029297
0 0.307812 0.459961 0.015625 0.037109
0 0.335156 0.484375 0.023438 0.093750
0 0.346875 0.483398 0.021875 0.091797
0 0.358594 0.483398 0.026562 0.095703
0 0.383594 0.489258 0.026562 0.091797
0 0.406250 0.491211 0.021875 0.083984
0 0.038281 0.456055 0.020313 0.033203
1 0.729688 0.480469 0.028125 0.039062
2 0.903125 0.463867 0.062500 0.037109
2 0.831250 0.469727 0.078125 0.044922
2 0.460156 0.480469 0.092188 0.054688
2 0.244531 0.512695 0.182812 0.103516
2 0.071875 0.533203 0.143750 0.140625
0 0.730469 0.461914 0.023438 0.056641
7 0.681250 0.448242 0.100000 0.072266
