11 0.268750 0.465820 0.018750 0.025391
11 0.180469 0.489258 0.026562 0.037109
11 0.235156 0.468750 0.004687 0.023438
1 0.363281 0.471680 0.014063 0.025391
2 0.771875 0.422852 0.021875 0.013672
2 0.464062 0.459961 0.009375 0.013672
2 0.445312 0.445312 0.006250 0.007812
2 0.439844 0.448242 0.004687 0.005859
2 0.415625 0.458984 0.009375 0.007812
2 0.400781 0.461914 0.007812 0.009766
2 0.381250 0.460938 0.015625 0.015625
2 0.314063 0.470703 0.018750 0.023438
2 0.331250 0.469727 0.015625 0.025391
2 0.267188 0.480469 0.031250 0.031250
2 0.343750 0.469727 0.012500 0.017578
2 0.371875 0.464844 0.009375 0.015625
2 0.159375 0.484375 0.028125 0.031250
0 0.362500 0.461914 0.015625 0.033203
10 0.667188 0.486328 0.015625 0.054688
