9 0.532031 0.378906 0.004687 0.015625
9 0.409375 0.341797 0.006250 0.019531
11 0.653125 0.395508 0.009375 0.017578
11 0.601562 0.377930 0.009375 0.013672
11 0.464844 0.376953 0.007812 0.011719
11 0.447656 0.367188 0.004687 0.007812
11 0.301563 0.365234 0.009375 0.015625
11 0.396875 0.361328 0.037500 0.019531
0 0.659375 0.414062 0.012500 0.042969
0 0.716406 0.423828 0.020313 0.050781
7 0.575781 0.400391 0.032813 0.058594
3 0.710156 0.455078 0.035937 0.058594
2 0.792969 0.458984 0.135937 0.128906
2 0.446875 0.415039 0.037500 0.044922
2 0.460938 0.411133 0.028125 0.041016
2 0.400781 0.416992 0.073438 0.091797
2 0.375781 0.440430 0.107813 0.103516
