0 0.942187 0.428711 0.009375 0.029297
0 0.927344 0.428711 0.007812 0.025391
0 0.918750 0.430664 0.006250 0.025391
0 0.914062 0.424805 0.006250 0.021484
1 0.551562 0.472656 0.012500 0.027344
2 0.867969 0.751953 0.260937 0.371094
2 0.762500 0.571289 0.237500 0.248047
2 0.135937 0.565430 0.215625 0.193359
2 0.268750 0.523438 0.109375 0.136719
2 0.335156 0.505859 0.057813 0.070312
2 0.360156 0.488281 0.060937 0.074219
2 0.392969 0.484375 0.023438 0.054688
2 0.407031 0.475586 0.032813 0.048828
2 0.415625 0.469727 0.037500 0.044922
2 0.441406 0.467773 0.026562 0.041016
2 0.454688 0.460938 0.018750 0.027344
2 0.489063 0.464844 0.037500 0.035156
2 0.498437 0.451172 0.028125 0.039062
2 0.534375 0.447266 0.025000 0.031250
2 0.464062 0.452148 0.009375 0.013672
2 0.653125 0.513672 0.050000 0.085938
2 0.636719 0.497070 0.045312 0.068359
2 0.618750 0.490234 0.043750 0.066406
2 0.610156 0.477539 0.051562 0.068359
2 0.585156 0.467773 0.029687 0.048828
2 0.564844 0.450195 0.014063 0.033203
0 0.551562 0.461914 0.009375 0.041016
