9 0.554688 0.330078 0.009375 0.035156
9 0.589844 0.333008 0.010937 0.037109
9 0.591406 0.383789 0.014063 0.013672
9 0.426563 0.369141 0.009375 0.027344
9 0.222656 0.349609 0.007812 0.027344
9 0.959375 0.297852 0.040625 0.056641
9 0.964844 0.131836 0.039062 0.103516
11 0.273438 0.372070 0.015625 0.021484
11 0.271875 0.434570 0.012500 0.025391
11 0.109375 0.432617 0.018750 0.029297
0 0.137500 0.450195 0.021875 0.080078
0 0.164844 0.449219 0.023438 0.078125
1 0.403125 0.468750 0.015625 0.035156
0 0.353125 0.448242 0.012500 0.056641
0 0.339844 0.428711 0.017188 0.025391
1 0.438281 0.461914 0.035937 0.044922
2 0.931250 0.471680 0.134375 0.087891
2 0.541406 0.470703 0.214062 0.089844
