9 0.123438 0.331055 0.015625 0.060547
9 0.482812 0.168945 0.015625 0.064453
9 0.697656 0.324219 0.017188 0.058594
11 0.839063 0.367188 0.050000 0.015625
11 0.839844 0.348633 0.020313 0.017578
11 0.636719 0.388672 0.020313 0.027344
11 0.635156 0.410156 0.010937 0.015625
0 0.421875 0.435547 0.006250 0.019531
0 0.305469 0.451172 0.007812 0.042969
0 0.260937 0.451172 0.012500 0.039062
0 0.067969 0.471680 0.026562 0.052734
0 0.867188 0.431641 0.009375 0.035156
0 0.876563 0.438477 0.009375 0.037109
1 0.770312 0.493164 0.021875 0.064453
1 0.739062 0.496094 0.025000 0.058594
1 0.724219 0.496094 0.023438 0.058594
1 0.787500 0.479492 0.040625 0.033203
1 0.193750 0.484375 0.040625 0.042969
1 0.157812 0.483398 0.018750 0.041016
1 0.132812 0.503906 0.062500 0.066406
2 0.592969 0.482422 0.064062 0.066406
2 0.563281 0.465820 0.042188 0.052734
2 0.542188 0.456055 0.025000 0.037109
2 0.519531 0.441406 0.026562 0.027344
2 0.502344 0.437500 0.010937 0.015625
2 0.467969 0.438477 0.007812 0.009766
2 0.457813 0.436523 0.015625 0.013672
2 0.438281 0.443359 0.023438 0.023438
2 0.078125 0.456055 0.078125 0.037109
