11 0.080469 0.361328 0.032813 0.042969
11 0.078125 0.387695 0.015625 0.009766
0 0.600000 0.471680 0.009375 0.037109
0 0.539062 0.465820 0.003125 0.013672
1 0.641406 0.530273 0.035937 0.072266
2 0.502344 0.467773 0.007812 0.013672
2 0.489063 0.464844 0.018750 0.019531
2 0.471094 0.465820 0.014063 0.017578
2 0.453906 0.464844 0.017188 0.019531
2 0.431250 0.466797 0.021875 0.023438
2 0.327344 0.471680 0.032813 0.044922
2 0.375781 0.484375 0.095312 0.082031
2 0.288281 0.469727 0.060937 0.068359
2 0.236719 0.482422 0.082812 0.066406
0 0.642188 0.500000 0.034375 0.105469
