9 0.518750 0.349609 0.006250 0.019531
9 0.442969 0.393555 0.007812 0.017578
9 0.608594 0.381836 0.007812 0.029297
0 0.014844 0.466797 0.029687 0.144531
0 0.046094 0.460938 0.029687 0.125000
0 0.475000 0.461914 0.021875 0.060547
0 0.499219 0.459961 0.023438 0.064453
0 0.417969 0.443359 0.007812 0.023438
0 0.600781 0.451172 0.007812 0.039062
0 0.609375 0.450195 0.009375 0.037109
0 0.906250 0.486328 0.040625 0.097656
0 0.939844 0.472656 0.035937 0.109375
0 0.735156 0.448242 0.017188 0.041016
0 0.709375 0.457031 0.015625 0.035156
0 0.785937 0.448242 0.021875 0.029297
0 0.655469 0.456055 0.014063 0.021484
1 0.021094 0.507812 0.042188 0.109375
1 0.049219 0.509766 0.042188 0.105469
1 0.185156 0.464844 0.032813 0.070312
1 0.228906 0.467773 0.026562 0.052734
1 0.266406 0.477539 0.045312 0.064453
1 0.303906 0.508789 0.035937 0.080078
2 0.914062 0.640625 0.168750 0.386719
2 0.785937 0.565430 0.209375 0.208984
2 0.354687 0.447266 0.043750 0.035156
2 0.551562 0.452148 0.015625 0.017578
0 0.303125 0.478516 0.034375 0.113281
