0 0.548438 0.468750 0.015625 0.042969
0 0.455469 0.514648 0.026562 0.099609
0 0.261719 0.464844 0.020313 0.035156
0 0.287500 0.467773 0.018750 0.056641
0 0.307031 0.464844 0.017188 0.050781
0 0.353906 0.443359 0.004687 0.015625
0 0.453125 0.456055 0.012500 0.013672
0 0.442188 0.452148 0.009375 0.013672
2 0.851562 0.467773 0.090625 0.044922
2 0.706250 0.464844 0.059375 0.054688
2 0.660156 0.466797 0.042188 0.050781
2 0.633594 0.445312 0.057813 0.035156
2 0.597656 0.469727 0.082812 0.041016
2 0.045312 0.585938 0.090625 0.160156
2 0.046875 0.477539 0.093750 0.056641
2 0.091406 0.546875 0.110937 0.109375
2 0.134375 0.520508 0.081250 0.091797
2 0.169531 0.505859 0.067187 0.078125
2 0.219531 0.490234 0.095312 0.054688
2 0.235937 0.454102 0.037500 0.029297
2 0.271875 0.463867 0.018750 0.029297
2 0.293750 0.451172 0.015625 0.027344
2 0.339062 0.431641 0.006250 0.007812
2 0.350000 0.429688 0.006250 0.007812
2 0.317188 0.439453 0.009375 0.011719
2 0.320312 0.435547 0.009375 0.011719
2 0.325000 0.432617 0.006250 0.009766
2 0.409375 0.468750 0.031250 0.035156
2 0.399219 0.458984 0.035937 0.042969
2 0.382031 0.452148 0.014063 0.025391
2 0.832031 0.750977 0.332813 0.365234
2 0.669531 0.616211 0.217188 0.193359
2 0.582812 0.558594 0.143750 0.132812
2 0.506250 0.505859 0.093750 0.101562
2 0.550000 0.451172 0.053125 0.019531
2 0.446094 0.496094 0.039062 0.062500
2 0.426563 0.479492 0.043750 0.044922
2 0.377344 0.447266 0.014063 0.023438
2 0.371094 0.444336 0.010937 0.021484
2 0.367188 0.438477 0.009375 0.013672
2 0.467187 0.443359 0.053125 0.027344
