9 0.839844 0.133789 0.051562 0.064453
9 0.245312 0.432617 0.006250 0.013672
11 0.835156 0.245117 0.067187 0.119141
11 0.762500 0.279297 0.009375 0.054688
11 0.678906 0.333984 0.007812 0.039062
11 0.602344 0.383789 0.045312 0.009766
11 0.760938 0.391602 0.015625 0.025391
11 0.582031 0.365234 0.017188 0.027344
0 0.942969 0.487305 0.039062 0.169922
2 0.400000 0.469727 0.015625 0.025391
2 0.371875 0.470703 0.040625 0.039062
2 0.330469 0.475586 0.029687 0.033203
2 0.291406 0.479492 0.057813 0.052734
2 0.548438 0.463867 0.018750 0.017578
