11 0.603125 0.394531 0.034375 0.042969
11 0.631250 0.422852 0.018750 0.005859
11 0.200781 0.390625 0.032813 0.039062
11 0.112500 0.392578 0.012500 0.031250
0 0.040625 0.476562 0.021875 0.101562
2 0.024219 0.526367 0.048438 0.138672
2 0.153906 0.482422 0.126562 0.121094
2 0.232813 0.488281 0.065625 0.078125
2 0.325781 0.475586 0.057813 0.052734
2 0.375781 0.475586 0.026562 0.021484
2 0.405469 0.473633 0.020313 0.025391
2 0.438281 0.471680 0.039062 0.041016
2 0.463281 0.474609 0.010937 0.015625
2 0.472656 0.470703 0.007812 0.027344
2 0.485156 0.469727 0.020313 0.033203
2 0.503906 0.470703 0.039062 0.039062
2 0.583594 0.479492 0.095312 0.095703
0 0.533594 0.474609 0.010937 0.046875
11 0.598437 0.358398 0.031250 0.009766
