0 0.003906 0.464844 0.007812 0.054688
0 0.029687 0.450195 0.009375 0.033203
0 0.386719 0.466797 0.010937 0.042969
0 0.104688 0.443359 0.012500 0.027344
1 0.360156 0.458984 0.017188 0.027344
2 0.940625 0.739258 0.115625 0.248047
2 0.809375 0.631836 0.337500 0.236328
2 0.494531 0.530273 0.126562 0.103516
2 0.421875 0.507812 0.090625 0.082031
2 0.271875 0.461914 0.043750 0.044922
2 0.249219 0.459961 0.020313 0.037109
2 0.207031 0.440430 0.020313 0.021484
2 0.147656 0.437500 0.017188 0.019531
2 0.163281 0.435547 0.014063 0.011719
2 0.178906 0.433594 0.010937 0.011719
2 0.275000 0.437500 0.028125 0.015625
