9 0.407031 0.408203 0.004687 0.015625
9 0.596875 0.302734 0.006250 0.023438
9 0.545312 0.418945 0.003125 0.009766
11 0.355469 0.434570 0.014063 0.017578
11 0.423438 0.433594 0.012500 0.003906
11 0.423438 0.439453 0.012500 0.003906
11 0.423438 0.445312 0.012500 0.003906
11 0.369531 0.410156 0.014063 0.007812
11 0.620313 0.407227 0.009375 0.005859
0 0.360156 0.462891 0.014063 0.042969
0 0.377344 0.469727 0.007812 0.033203
0 0.796094 0.470703 0.026562 0.101562
0 0.819531 0.459961 0.032813 0.103516
0 0.851562 0.459961 0.034375 0.119141
0 0.742969 0.437500 0.014063 0.058594
0 0.730469 0.439453 0.007812 0.039062
0 0.686719 0.438477 0.014063 0.037109
1 0.287500 0.521484 0.031250 0.062500
1 0.522656 0.457031 0.035937 0.031250
1 0.407813 0.470703 0.012500 0.031250
7 0.467969 0.438477 0.051562 0.052734
3 0.572656 0.565430 0.070312 0.150391
2 0.539844 0.453125 0.017188 0.019531
2 0.560937 0.449219 0.018750 0.019531
2 0.627344 0.478516 0.073438 0.074219
2 0.438281 0.448242 0.010937 0.029297
2 0.496875 0.442383 0.028125 0.033203
2 0.620313 0.434570 0.015625 0.013672
0 0.286719 0.505859 0.029687 0.085938
0 0.568750 0.534180 0.062500 0.154297
0 0.523438 0.447266 0.018750 0.039062
0 0.407031 0.461914 0.014063 0.037109
