0 0.237500 0.457031 0.009375 0.027344
0 0.246094 0.456055 0.010937 0.025391
1 0.203125 0.555664 0.043750 0.072266
2 0.903125 0.495117 0.128125 0.095703
2 0.864062 0.766602 0.268750 0.462891
2 0.631250 0.514648 0.121875 0.115234
2 0.606250 0.489258 0.093750 0.099609
2 0.559375 0.478516 0.028125 0.074219
2 0.094531 0.575195 0.189062 0.158203
2 0.234375 0.526367 0.112500 0.080078
2 0.275000 0.503906 0.093750 0.085938
2 0.321094 0.500977 0.032813 0.060547
2 0.337500 0.493164 0.040625 0.056641
2 0.343750 0.461914 0.050000 0.033203
2 0.382812 0.462891 0.037500 0.027344
2 0.457031 0.468750 0.039062 0.035156
2 0.473438 0.461914 0.021875 0.029297
2 0.489063 0.460938 0.015625 0.023438
2 0.502344 0.458984 0.014063 0.019531
2 0.513281 0.457031 0.014063 0.019531
2 0.524219 0.456055 0.010937 0.021484
2 0.534375 0.455078 0.015625 0.023438
2 0.742969 0.476562 0.020313 0.062500
0 0.203125 0.530273 0.046875 0.119141
