0 0.625781 0.471680 0.017188 0.052734
0 0.952344 0.443359 0.014063 0.027344
2 0.976562 0.490234 0.043750 0.070312
2 0.955469 0.479492 0.085938 0.076172
2 0.887500 0.481445 0.112500 0.072266
2 0.800000 0.476562 0.125000 0.058594
2 0.568750 0.487305 0.059375 0.052734
2 0.507031 0.476562 0.032813 0.031250
2 0.478906 0.467773 0.010937 0.017578
2 0.492188 0.470703 0.015625 0.023438
2 0.407813 0.489258 0.121875 0.134766
2 0.267969 0.477539 0.032813 0.025391
2 0.306250 0.469727 0.034375 0.017578
2 0.188281 0.485352 0.070312 0.056641
2 0.122656 0.489258 0.060937 0.044922
