9 0.642188 0.495117 0.009375 0.025391
9 0.364844 0.474609 0.007812 0.023438
9 0.278906 0.449219 0.014063 0.042969
0 0.745313 0.561523 0.009375 0.017578
0 0.734375 0.564453 0.009375 0.015625
0 0.717969 0.568359 0.010937 0.031250
0 0.889062 0.572266 0.012500 0.031250
0 0.857812 0.568359 0.012500 0.023438
0 0.958594 0.605469 0.023438 0.089844
1 0.333594 0.581055 0.020313 0.044922
7 0.092188 0.541016 0.184375 0.117188
2 0.235937 0.562500 0.062500 0.054688
2 0.291406 0.561523 0.032813 0.041016
2 0.379688 0.568359 0.018750 0.023438
2 0.467969 0.542969 0.089063 0.093750
2 0.446875 0.635742 0.159375 0.189453
2 0.525781 0.585938 0.032813 0.058594
2 0.553125 0.557617 0.034375 0.025391
2 0.558594 0.579102 0.042188 0.044922
2 0.615625 0.595703 0.078125 0.070312
2 0.836719 0.618164 0.114062 0.083984
0 0.332813 0.564453 0.021875 0.054688
