9 0.275000 0.433594 0.015625 0.046875
9 0.276562 0.535156 0.012500 0.019531
9 0.789844 0.461914 0.020313 0.044922
9 0.655469 0.500000 0.010937 0.023438
9 0.714063 0.446289 0.015625 0.044922
9 0.707812 0.500977 0.015625 0.021484
9 0.750781 0.488281 0.010937 0.023438
9 0.650781 0.532227 0.007812 0.009766
9 0.711719 0.541016 0.010937 0.027344
11 0.112500 0.512695 0.021875 0.029297
11 0.271875 0.490234 0.031250 0.035156
11 0.952344 0.296875 0.042188 0.046875
11 0.939063 0.344727 0.087500 0.025391
11 0.955469 0.404297 0.064062 0.039062
11 0.796094 0.503906 0.045312 0.015625
11 0.648438 0.519531 0.012500 0.015625
11 0.365625 0.511719 0.018750 0.019531
11 0.714844 0.483398 0.017188 0.021484
0 0.064844 0.595703 0.026562 0.070312
0 0.097656 0.594727 0.020313 0.068359
0 0.133594 0.590820 0.020313 0.068359
0 0.153125 0.591797 0.021875 0.066406
0 0.267188 0.564453 0.009375 0.039062
0 0.280469 0.564453 0.007812 0.035156
0 0.290625 0.566406 0.012500 0.039062
0 0.765625 0.579102 0.021875 0.080078
0 0.694531 0.569336 0.014063 0.048828
0 0.682031 0.563477 0.014063 0.044922
0 0.677344 0.575195 0.017188 0.044922
0 0.657813 0.574219 0.015625 0.050781
0 0.635938 0.570312 0.018750 0.050781
0 0.576562 0.551758 0.009375 0.025391
0 0.564844 0.553711 0.007812 0.025391
0 0.560156 0.552734 0.007812 0.027344
3 0.479687 0.550781 0.006250 0.011719
2 0.376563 0.566406 0.034375 0.031250
2 0.507031 0.547852 0.020313 0.017578
2 0.486719 0.543945 0.010937 0.013672
0 0.479687 0.545898 0.006250 0.013672
