11 0.642969 0.347656 0.035937 0.042969
11 0.642969 0.381836 0.035937 0.021484
11 0.589844 0.404297 0.026562 0.007812
11 0.568750 0.427734 0.009375 0.011719
11 0.312500 0.423828 0.012500 0.031250
0 0.769531 0.465820 0.023438 0.083984
2 0.163281 0.504883 0.164062 0.158203
2 0.692187 0.459961 0.081250 0.044922
2 0.607812 0.469727 0.125000 0.056641
2 0.480469 0.469727 0.035937 0.033203
2 0.457813 0.464844 0.012500 0.011719
2 0.431250 0.462891 0.018750 0.019531
2 0.376563 0.470703 0.018750 0.027344
2 0.349219 0.470703 0.042188 0.046875
