5 0.519531 0.446289 0.067187 0.083984
5 0.432812 0.455078 0.096875 0.039062
5 0.822656 0.403320 0.251563 0.076172
0 0.832812 0.531250 0.068750 0.234375
0 0.910156 0.499023 0.082812 0.275391
0 0.936719 0.484375 0.045312 0.183594
0 0.697656 0.462891 0.026562 0.105469
0 0.682031 0.462891 0.017188 0.093750
0 0.666406 0.469727 0.020313 0.095703
0 0.651563 0.463867 0.021875 0.099609
0 0.623437 0.465820 0.028125 0.103516
0 0.639844 0.452148 0.014063 0.052734
0 0.605469 0.456055 0.010937 0.048828
0 0.597656 0.458008 0.010937 0.048828
0 0.583594 0.458008 0.010937 0.041016
0 0.589844 0.458008 0.010937 0.044922
0 0.575781 0.459961 0.007812 0.041016
0 0.558594 0.458008 0.010937 0.041016
0 0.551562 0.459961 0.009375 0.041016
0 0.381250 0.462891 0.006250 0.019531
0 0.376563 0.465820 0.006250 0.021484
0 0.371875 0.466797 0.006250 0.023438
0 0.357031 0.461914 0.004687 0.017578
0 0.152344 0.479492 0.014063 0.041016
0 0.115625 0.492188 0.015625 0.058594
0 0.500781 0.467773 0.017188 0.044922
2 0.469531 0.461914 0.032813 0.025391
2 0.450781 0.461914 0.023438 0.021484
2 0.973437 0.468750 0.050000 0.148438
2 0.782031 0.444336 0.135937 0.087891
2 0.301563 0.507812 0.128125 0.113281
2 0.068750 0.662109 0.137500 0.210938
2 0.928125 0.428711 0.140625 0.142578
0 0.128906 0.492188 0.014063 0.031250
