11 0.677344 0.408203 0.029687 0.035156
0 0.414062 0.494141 0.018750 0.070312
0 0.435937 0.494141 0.021875 0.074219
2 0.180469 0.536133 0.176563 0.134766
2 0.283594 0.508789 0.101562 0.111328
2 0.342969 0.509766 0.045312 0.078125
2 0.375000 0.503906 0.059375 0.066406
2 0.452344 0.473633 0.032813 0.037109
2 0.406250 0.464844 0.046875 0.031250
2 0.545312 0.479492 0.034375 0.029297
2 0.564844 0.481445 0.010937 0.021484
2 0.571094 0.481445 0.010937 0.021484
2 0.663281 0.510742 0.045312 0.076172
2 0.690625 0.525391 0.059375 0.105469
2 0.763281 0.559570 0.176563 0.166016
2 0.913281 0.526367 0.039062 0.072266
0 0.621094 0.514648 0.060937 0.177734
0 0.590625 0.501953 0.028125 0.109375
78 0.618750 0.608398 0.025000 0.021484
78 0.589844 0.562500 0.017188 0.011719
