9 0.385937 0.351562 0.006250 0.019531
9 0.332813 0.357422 0.006250 0.015625
11 0.377344 0.347656 0.010937 0.015625
0 0.245312 0.456055 0.009375 0.033203
0 0.228906 0.449219 0.007812 0.027344
0 0.138281 0.447266 0.004687 0.015625
0 0.011719 0.455078 0.017188 0.031250
0 0.107031 0.452148 0.007812 0.025391
2 0.266406 0.543945 0.151562 0.130859
2 0.504687 0.455078 0.028125 0.031250
2 0.441406 0.438477 0.010937 0.013672
2 0.451562 0.438477 0.015625 0.013672
2 0.468750 0.439453 0.012500 0.011719
2 0.346875 0.451172 0.021875 0.019531
2 0.537500 0.455078 0.043750 0.023438
