0 0.448437 0.422852 0.006250 0.017578
0 0.511719 0.443359 0.010937 0.035156
0 0.545312 0.429688 0.006250 0.023438
1 0.439844 0.433594 0.007812 0.015625
1 0.522656 0.462891 0.014063 0.035156
2 0.075781 0.596680 0.151562 0.189453
2 0.155469 0.534180 0.139063 0.162109
2 0.240625 0.517578 0.065625 0.101562
2 0.264844 0.456055 0.095312 0.044922
2 0.336719 0.469727 0.060937 0.056641
2 0.374219 0.454102 0.039062 0.041016
2 0.392188 0.447266 0.018750 0.031250
2 0.400000 0.443359 0.015625 0.023438
2 0.407031 0.433594 0.020313 0.019531
2 0.414844 0.426758 0.017188 0.017578
2 0.428125 0.427734 0.009375 0.015625
2 0.453906 0.421875 0.004687 0.007812
2 0.490625 0.433594 0.025000 0.023438
2 0.905469 0.524414 0.185938 0.119141
2 0.800781 0.485352 0.167187 0.083984
2 0.745313 0.470703 0.112500 0.078125
2 0.696094 0.466797 0.039062 0.062500
2 0.631250 0.457031 0.068750 0.046875
2 0.658594 0.464844 0.060937 0.046875
2 0.610156 0.437500 0.051562 0.042969
2 0.580469 0.436523 0.029687 0.033203
2 0.034375 0.471680 0.068750 0.068359
0 0.440625 0.424805 0.006250 0.021484
0 0.522656 0.449219 0.010937 0.042969
10 0.267969 0.490234 0.010937 0.031250
