5 0.089063 0.433594 0.178125 0.199219
9 0.382031 0.124023 0.020313 0.068359
9 0.693750 0.305664 0.015625 0.060547
9 0.695312 0.378906 0.018750 0.019531
9 0.908594 0.279297 0.020313 0.074219
11 0.681250 0.353516 0.043750 0.019531
11 0.542969 0.408203 0.017188 0.023438
0 0.727344 0.471680 0.026562 0.107422
0 0.616406 0.473633 0.023438 0.091797
0 0.646875 0.471680 0.021875 0.087891
0 0.664844 0.474609 0.020313 0.082031
1 0.428125 0.508789 0.015625 0.025391
2 0.799219 0.451172 0.107813 0.050781
2 0.767969 0.439453 0.045312 0.031250
0 0.428125 0.496094 0.015625 0.035156
11 0.367188 0.473633 0.021875 0.005859
11 0.401562 0.479492 0.009375 0.009766
