11 0.080469 0.408203 0.017188 0.011719
11 0.084375 0.439453 0.006250 0.019531
0 0.901563 0.569336 0.106250 0.259766
0 0.560937 0.485352 0.037500 0.130859
0 0.517188 0.477539 0.028125 0.087891
0 0.497656 0.468750 0.014063 0.050781
0 0.474219 0.508789 0.026562 0.083984
0 0.439063 0.491211 0.025000 0.064453
0 0.235937 0.458008 0.009375 0.041016
0 0.214062 0.472656 0.015625 0.058594
0 0.201563 0.468750 0.012500 0.062500
0 0.189844 0.467773 0.010937 0.048828
0 0.178125 0.469727 0.012500 0.048828
0 0.168750 0.469727 0.009375 0.048828
2 0.329688 0.540039 0.234375 0.220703
2 0.042188 0.496094 0.084375 0.144531
