9 0.292187 0.267578 0.012500 0.042969
9 0.444531 0.363281 0.010937 0.035156
9 0.431250 0.367188 0.006250 0.035156
9 0.446875 0.409180 0.012500 0.013672
9 0.749219 0.266602 0.023438 0.048828
9 0.610156 0.254883 0.020313 0.080078
9 0.617969 0.353516 0.014063 0.035156
9 0.638281 0.349609 0.014063 0.042969
11 0.435937 0.301758 0.021875 0.017578
11 0.454688 0.393555 0.021875 0.009766
11 0.753125 0.308594 0.025000 0.019531
11 0.753906 0.328125 0.017188 0.011719
11 0.636719 0.312500 0.014063 0.023438
0 0.751563 0.468750 0.056250 0.105469
0 0.617969 0.474609 0.020313 0.085938
0 0.427344 0.467773 0.007812 0.037109
7 0.271094 0.453125 0.032813 0.042969
2 0.047656 0.577148 0.095312 0.353516
2 0.139063 0.492188 0.165625 0.167969
2 0.235937 0.480469 0.056250 0.070312
2 0.264844 0.466797 0.023438 0.039062
2 0.302344 0.458984 0.026562 0.031250
2 0.339844 0.459961 0.029687 0.033203
2 0.834375 0.447266 0.106250 0.050781
2 0.707031 0.439453 0.039062 0.042969
2 0.617969 0.462891 0.079687 0.050781
2 0.520312 0.454102 0.021875 0.048828
2 0.487500 0.455078 0.021875 0.031250
2 0.745313 0.436523 0.046875 0.037109
