5 0.492969 0.446289 0.076563 0.099609
9 0.707812 0.246094 0.021875 0.031250
11 0.275000 0.433594 0.006250 0.011719
11 0.705469 0.317383 0.045312 0.076172
11 0.007812 0.347656 0.015625 0.070312
11 0.578906 0.392578 0.032813 0.007812
11 0.564063 0.375000 0.015625 0.023438
11 0.272656 0.395508 0.014063 0.025391
0 0.153125 0.485352 0.015625 0.052734
0 0.159375 0.479492 0.012500 0.044922
0 0.867188 0.470703 0.034375 0.113281
0 0.822656 0.474609 0.029687 0.113281
0 0.761719 0.467773 0.032813 0.083984
0 0.760156 0.467773 0.026562 0.072266
0 0.681250 0.462891 0.018750 0.050781
0 0.662500 0.457031 0.012500 0.046875
0 0.652344 0.456055 0.010937 0.048828
0 0.700000 0.454102 0.009375 0.052734
0 0.639062 0.459961 0.009375 0.041016
0 0.625781 0.465820 0.010937 0.052734
0 0.601562 0.464844 0.012500 0.054688
0 0.537500 0.468750 0.012500 0.042969
2 0.314844 0.476562 0.048438 0.050781
2 0.344531 0.472656 0.020313 0.031250
2 0.364063 0.468750 0.021875 0.027344
2 0.411719 0.472656 0.067187 0.074219
