9 0.667188 0.478516 0.006250 0.023438
9 0.503125 0.473633 0.006250 0.021484
9 0.281250 0.473633 0.006250 0.021484
11 0.167187 0.422852 0.028125 0.037109
11 0.798438 0.472656 0.021875 0.035156
11 0.799219 0.508789 0.017188 0.033203
0 0.414062 0.514648 0.003125 0.009766
0 0.192969 0.527344 0.007812 0.027344
0 0.328125 0.529297 0.006250 0.015625
2 0.289844 0.633789 0.148438 0.130859
2 0.439063 0.524414 0.018750 0.017578
2 0.475781 0.519531 0.017188 0.019531
2 0.465625 0.519531 0.009375 0.011719
2 0.491406 0.521484 0.010937 0.011719
2 0.448437 0.516602 0.009375 0.009766
