9 0.561719 0.466797 0.010937 0.042969
9 0.242188 0.472656 0.012500 0.046875
9 0.557813 0.569336 0.006250 0.021484
11 0.226562 0.515625 0.025000 0.035156
0 0.044531 0.599609 0.042188 0.148438
0 0.074219 0.613281 0.042188 0.140625
0 0.135937 0.609375 0.021875 0.097656
0 0.194531 0.589844 0.020313 0.070312
0 0.239844 0.569336 0.007812 0.029297
0 0.250781 0.570312 0.010937 0.027344
0 0.214844 0.576172 0.010937 0.035156
0 0.266406 0.571289 0.017188 0.029297
0 0.292969 0.572266 0.010937 0.027344
0 0.311719 0.572266 0.007812 0.035156
0 0.331250 0.572266 0.009375 0.031250
0 0.342187 0.573242 0.009375 0.037109
0 0.304688 0.570312 0.006250 0.027344
0 0.365625 0.564453 0.009375 0.011719
0 0.375781 0.561523 0.007812 0.017578
0 0.395313 0.565430 0.006250 0.025391
0 0.407031 0.565430 0.004687 0.021484
0 0.414062 0.560547 0.006250 0.019531
0 0.739062 0.610352 0.018750 0.072266
0 0.712500 0.608398 0.018750 0.076172
0 0.695312 0.596680 0.015625 0.052734
0 0.661719 0.592773 0.014063 0.048828
0 0.643750 0.585938 0.012500 0.039062
0 0.621094 0.579102 0.014063 0.041016
0 0.596875 0.572266 0.006250 0.027344
0 0.603125 0.572266 0.009375 0.023438
0 0.576562 0.565430 0.009375 0.025391
0 0.540625 0.561523 0.006250 0.017578
2 0.526563 0.557617 0.009375 0.009766
2 0.515625 0.562500 0.012500 0.015625
2 0.502344 0.562500 0.020313 0.019531
2 0.489063 0.568359 0.021875 0.023438
2 0.475781 0.564453 0.017188 0.019531
2 0.460156 0.562500 0.017188 0.019531
2 0.447656 0.567383 0.026562 0.029297
2 0.432031 0.572266 0.035937 0.027344
2 0.372656 0.596680 0.057813 0.056641
2 0.447656 0.643555 0.123438 0.126953
2 0.257031 0.639648 0.145313 0.115234
