11 0.750781 0.370117 0.051562 0.068359
1 0.535937 0.539062 0.153125 0.156250
2 0.617188 0.483398 0.065625 0.068359
2 0.441406 0.469727 0.039062 0.037109
2 0.508594 0.465820 0.014063 0.021484
2 0.500000 0.464844 0.012500 0.023438
2 0.478906 0.464844 0.032813 0.019531
2 0.412500 0.465820 0.006250 0.013672
2 0.403125 0.465820 0.012500 0.017578
2 0.393750 0.466797 0.012500 0.019531
2 0.376563 0.466797 0.028125 0.031250
2 0.359375 0.469727 0.021875 0.033203
2 0.343750 0.469727 0.021875 0.048828
2 0.314844 0.468750 0.045312 0.058594
2 0.282813 0.477539 0.065625 0.064453
2 0.255469 0.486328 0.042188 0.062500
2 0.204687 0.490234 0.100000 0.074219
0 0.550000 0.490234 0.075000 0.210938
