1 0.363281 0.472656 0.026562 0.027344
2 0.101562 0.570312 0.203125 0.234375
2 0.235937 0.540039 0.090625 0.142578
2 0.295312 0.521484 0.059375 0.089844
2 0.405469 0.466797 0.057813 0.054688
2 0.447656 0.457031 0.042188 0.042969
2 0.464844 0.450195 0.039062 0.048828
2 0.488281 0.450195 0.017188 0.037109
2 0.502344 0.447266 0.029687 0.031250
2 0.521875 0.442383 0.021875 0.029297
2 0.541406 0.439453 0.023438 0.023438
2 0.554688 0.435547 0.015625 0.019531
2 0.570312 0.432617 0.021875 0.017578
2 0.617188 0.472656 0.056250 0.058594
2 0.619531 0.437500 0.039062 0.023438
2 0.779687 0.448242 0.075000 0.056641
78 0.899219 0.454102 0.170313 0.087891
2 0.935937 0.830078 0.125000 0.253906
