0 0.239844 0.543945 0.039062 0.142578
0 0.505469 0.437500 0.004687 0.015625
0 0.517188 0.436523 0.006250 0.017578
0 0.613281 0.594727 0.082812 0.248047
1 0.350781 0.533203 0.032813 0.074219
1 0.447656 0.640625 0.073438 0.160156
2 0.098437 0.558594 0.196875 0.218750
2 0.217969 0.528320 0.082812 0.123047
2 0.288281 0.513672 0.079687 0.089844
2 0.317188 0.473633 0.056250 0.044922
2 0.375781 0.479492 0.026562 0.048828
2 0.396094 0.467773 0.035937 0.037109
2 0.412500 0.465820 0.018750 0.037109
2 0.420312 0.458984 0.025000 0.035156
2 0.437500 0.452148 0.028125 0.033203
2 0.464844 0.448242 0.020313 0.025391
2 0.477344 0.443359 0.014063 0.019531
2 0.485156 0.439453 0.017188 0.019531
2 0.497656 0.439453 0.010937 0.015625
2 0.525000 0.437500 0.012500 0.015625
2 0.935156 0.811523 0.126562 0.373047
2 0.834375 0.650391 0.275000 0.230469
2 0.730469 0.570312 0.173437 0.175781
2 0.682813 0.501953 0.106250 0.074219
2 0.582031 0.484375 0.057813 0.058594
2 0.571875 0.465820 0.056250 0.056641
2 0.544531 0.458984 0.029687 0.042969
2 0.535937 0.449219 0.021875 0.031250
2 0.650781 0.458008 0.101562 0.033203
2 0.775781 0.457031 0.079687 0.035156
2 0.753125 0.446289 0.087500 0.037109
2 0.676562 0.436523 0.034375 0.013672
0 0.350781 0.495117 0.032813 0.115234
0 0.442969 0.572266 0.082812 0.234375
78 0.617188 0.708008 0.025000 0.029297
