11 0.670312 0.305664 0.062500 0.076172
0 0.261719 0.460938 0.010937 0.039062
0 0.245312 0.443359 0.012500 0.023438
0 0.267188 0.443359 0.006250 0.019531
0 0.256250 0.440430 0.009375 0.021484
0 0.594531 0.465820 0.007812 0.037109
0 0.604688 0.465820 0.009375 0.037109
0 0.686719 0.487305 0.023438 0.087891
0 0.667188 0.484375 0.021875 0.097656
1 0.639844 0.570312 0.032813 0.101562
1 0.833594 0.545898 0.054688 0.119141
2 0.173437 0.524414 0.209375 0.150391
2 0.099219 0.465820 0.079687 0.044922
2 0.362500 0.468750 0.031250 0.031250
2 0.380469 0.463867 0.020313 0.029297
2 0.435937 0.464844 0.028125 0.027344
2 0.415625 0.459961 0.015625 0.017578
2 0.496875 0.463867 0.046875 0.021484
0 0.642188 0.512695 0.050000 0.173828
