11 0.471875 0.416016 0.009375 0.011719
11 0.621875 0.411133 0.012500 0.017578
0 0.524219 0.449219 0.004687 0.015625
0 0.553125 0.447266 0.006250 0.015625
0 0.603125 0.453125 0.006250 0.023438
0 0.685156 0.591797 0.060937 0.187500
0 0.676562 0.464844 0.015625 0.027344
0 0.475000 0.461914 0.012500 0.037109
0 0.485156 0.461914 0.010937 0.041016
0 0.498437 0.461914 0.012500 0.044922
1 0.564844 0.614258 0.057813 0.119141
2 0.876563 0.639648 0.243750 0.302734
2 0.906250 0.474609 0.146875 0.039062
2 0.767188 0.489258 0.037500 0.060547
2 0.756250 0.483398 0.056250 0.060547
2 0.747656 0.481445 0.067187 0.048828
2 0.169531 0.569336 0.182812 0.169922
2 0.272656 0.525391 0.107813 0.132812
2 0.338281 0.516602 0.051562 0.087891
2 0.355469 0.495117 0.076563 0.091797
2 0.401562 0.490234 0.046875 0.070312
2 0.424219 0.487305 0.023438 0.056641
2 0.439844 0.473633 0.039062 0.044922
2 0.460938 0.467773 0.021875 0.037109
2 0.485938 0.459961 0.018750 0.025391
2 0.507031 0.453125 0.010937 0.015625
2 0.510156 0.451172 0.014063 0.019531
2 0.517188 0.449219 0.009375 0.015625
2 0.576562 0.452148 0.018750 0.017578
2 0.566406 0.450195 0.007812 0.017578
2 0.560937 0.448242 0.006250 0.013672
2 0.578906 0.491211 0.060937 0.064453
2 0.625000 0.487305 0.046875 0.056641
2 0.658594 0.459961 0.029687 0.029297
2 0.667969 0.511719 0.095312 0.078125
2 0.689844 0.463867 0.020313 0.029297
0 0.557031 0.553711 0.073438 0.169922
