11 0.569531 0.258789 0.032813 0.041016
11 0.447656 0.241211 0.079687 0.021484
0 0.661719 0.375977 0.020313 0.033203
0 0.638281 0.367188 0.020313 0.031250
0 0.622656 0.369141 0.020313 0.031250
0 0.420312 0.427734 0.012500 0.039062
0 0.403906 0.416992 0.010937 0.021484
0 0.384375 0.385742 0.009375 0.025391
0 0.364063 0.376953 0.009375 0.023438
2 0.394531 0.458984 0.073438 0.066406
2 0.310156 0.402344 0.032813 0.031250
2 0.304688 0.434570 0.053125 0.048828
2 0.219531 0.362305 0.023438 0.025391
2 0.344531 0.353516 0.020313 0.027344
2 0.314844 0.348633 0.017188 0.021484
