11 0.312500 0.451172 0.006250 0.007812
0 0.120313 0.523438 0.121875 0.281250
0 0.858594 0.521484 0.070312 0.179688
0 0.825781 0.541016 0.026562 0.105469
0 0.757031 0.500977 0.032813 0.146484
0 0.725781 0.512695 0.042188 0.173828
0 0.694531 0.509766 0.057813 0.199219
0 0.007031 0.468750 0.014063 0.062500
2 0.745313 0.502930 0.159375 0.099609
2 0.860938 0.501953 0.146875 0.101562
2 0.564844 0.477539 0.067187 0.017578
2 0.521094 0.473633 0.032813 0.013672
2 0.414062 0.486328 0.081250 0.097656
2 0.328906 0.478516 0.039062 0.031250
2 0.346875 0.468750 0.018750 0.023438
2 0.033594 0.468750 0.048438 0.054688
2 0.079687 0.473633 0.040625 0.044922
78 0.039844 0.577148 0.079687 0.201172
