11 0.697656 0.295898 0.026562 0.037109
0 0.803906 0.462891 0.035937 0.125000
0 0.796094 0.452148 0.029687 0.119141
0 0.571094 0.451172 0.010937 0.031250
0 0.558594 0.449219 0.014063 0.031250
1 0.799219 0.489258 0.045312 0.083984
2 0.503906 0.470703 0.048438 0.050781
2 0.495312 0.460938 0.043750 0.062500
2 0.471094 0.458008 0.020313 0.048828
2 0.455469 0.460938 0.014063 0.023438
2 0.421875 0.461914 0.031250 0.033203
2 0.369531 0.463867 0.014063 0.021484
2 0.355469 0.465820 0.023438 0.021484
2 0.332031 0.468750 0.014063 0.031250
2 0.318750 0.465820 0.018750 0.044922
2 0.288281 0.462891 0.054688 0.058594
2 0.274219 0.475586 0.057813 0.052734
