11 0.490625 0.405273 0.018750 0.029297
11 0.940625 0.392578 0.015625 0.031250
0 0.886719 0.538086 0.082812 0.314453
3 0.346094 0.556641 0.104688 0.179688
2 0.558594 0.493164 0.104688 0.080078
2 0.492969 0.495117 0.029687 0.087891
2 0.435156 0.500000 0.123438 0.140625
2 0.641406 0.486328 0.135937 0.117188
2 0.678125 0.496094 0.075000 0.125000
2 0.778906 0.494141 0.179688 0.140625
2 0.794531 0.521484 0.151562 0.148438
2 0.911719 0.534180 0.173437 0.197266
0 0.344531 0.506836 0.089063 0.216797
11 0.245312 0.431641 0.009375 0.027344
11 0.292969 0.424805 0.010937 0.013672
