7 0.419531 0.452148 0.023438 0.033203
9 0.160938 0.410156 0.009375 0.027344
9 0.257031 0.349609 0.010937 0.027344
9 0.113281 0.415039 0.007812 0.025391
9 0.388281 0.362305 0.007812 0.021484
9 0.435156 0.366211 0.007812 0.021484
9 0.495312 0.415039 0.006250 0.017578
9 0.510938 0.403320 0.009375 0.025391
9 0.444531 0.430664 0.001563 0.005859
9 0.455469 0.430664 0.001563 0.005859
9 0.418750 0.430664 0.003125 0.005859
9 0.426563 0.434570 0.003125 0.005859
11 0.245312 0.421875 0.009375 0.019531
11 0.499219 0.386719 0.023438 0.007812
11 0.475781 0.435547 0.004687 0.007812
11 0.525000 0.416016 0.006250 0.011719
11 0.490625 0.455078 0.009375 0.011719
11 0.721094 0.306641 0.007812 0.042969
0 0.137500 0.466797 0.009375 0.031250
0 0.807031 0.456055 0.026562 0.119141
0 0.823438 0.464844 0.025000 0.117188
0 0.835156 0.470703 0.020313 0.101562
2 0.108594 0.474609 0.032813 0.027344
