5 0.725781 0.480469 0.117188 0.164062
5 0.096094 0.603516 0.192188 0.195312
9 0.621875 0.458984 0.006250 0.011719
11 0.545312 0.482422 0.018750 0.035156
11 0.890625 0.390625 0.028125 0.035156
0 0.949219 0.500977 0.023438 0.052734
2 0.266406 0.622070 0.295312 0.248047
2 0.554688 0.537109 0.031250 0.046875
2 0.517188 0.544922 0.075000 0.070312
2 0.605469 0.539062 0.089063 0.097656
2 0.662500 0.512695 0.015625 0.017578
2 0.642969 0.520508 0.020313 0.044922
2 0.636719 0.498047 0.029687 0.035156
2 0.928125 0.496094 0.096875 0.050781
