9 0.517188 0.381836 0.009375 0.033203
9 0.514844 0.415039 0.010937 0.013672
9 0.408594 0.403320 0.004687 0.013672
9 0.107813 0.384766 0.009375 0.042969
11 0.388281 0.410156 0.007812 0.007812
0 0.970313 0.470703 0.056250 0.226562
0 0.819531 0.461914 0.045312 0.142578
0 0.784375 0.458984 0.037500 0.144531
0 0.726562 0.461914 0.031250 0.103516
0 0.698438 0.448242 0.028125 0.095703
0 0.613281 0.458984 0.010937 0.054688
0 0.573438 0.448242 0.012500 0.041016
0 0.558594 0.462891 0.017188 0.058594
0 0.544531 0.465820 0.017188 0.052734
0 0.534375 0.445312 0.012500 0.023438
0 0.524219 0.445312 0.007812 0.019531
0 0.202344 0.458008 0.010937 0.033203
0 0.106250 0.458984 0.012500 0.050781
0 0.091406 0.448242 0.017188 0.021484
0 0.229687 0.453125 0.009375 0.035156
1 0.849219 0.523438 0.067187 0.128906
1 0.451562 0.468750 0.003125 0.015625
2 0.388281 0.462891 0.026562 0.027344
2 0.369531 0.460938 0.010937 0.019531
2 0.361719 0.461914 0.014063 0.021484
2 0.349219 0.461914 0.020313 0.025391
2 0.328125 0.461914 0.028125 0.029297
0 0.451562 0.458008 0.012500 0.025391
