11 0.699219 0.297852 0.035937 0.044922
11 0.696875 0.241211 0.040625 0.068359
11 0.555469 0.397461 0.010937 0.005859
11 0.525000 0.436523 0.009375 0.017578
0 0.862500 0.417969 0.034375 0.113281
0 0.735156 0.412109 0.020313 0.082031
0 0.723437 0.415039 0.015625 0.068359
0 0.710156 0.410156 0.014063 0.078125
0 0.686719 0.415039 0.020313 0.076172
0 0.663281 0.418945 0.014063 0.052734
0 0.646094 0.416016 0.017188 0.058594
0 0.614062 0.419922 0.021875 0.058594
0 0.590625 0.420898 0.018750 0.048828
0 0.540625 0.435547 0.018750 0.054688
0 0.242188 0.461914 0.009375 0.037109
0 0.207031 0.458008 0.014063 0.052734
0 0.192188 0.457031 0.012500 0.050781
0 0.157031 0.456055 0.020313 0.060547
0 0.139063 0.455078 0.018750 0.058594
2 0.463281 0.455078 0.029687 0.023438
