5 0.458594 0.435547 0.014063 0.019531
9 0.153125 0.338867 0.015625 0.048828
9 0.150781 0.394531 0.014063 0.019531
9 0.810937 0.313477 0.015625 0.052734
9 0.820312 0.374023 0.012500 0.021484
9 0.836719 0.379883 0.007812 0.013672
9 0.925781 0.177734 0.023438 0.105469
9 0.939844 0.306641 0.035937 0.039062
9 0.672656 0.331055 0.014063 0.044922
11 0.155469 0.374023 0.029687 0.017578
11 0.862500 0.354492 0.046875 0.013672
11 0.836719 0.417969 0.007812 0.015625
11 0.944531 0.254883 0.076563 0.033203
11 0.685156 0.382812 0.042188 0.015625
11 0.628125 0.386719 0.009375 0.015625
11 0.555469 0.403320 0.010937 0.013672
11 0.502344 0.411133 0.004687 0.009766
0 0.648438 0.438477 0.015625 0.044922
0 0.042188 0.441406 0.025000 0.058594
2 0.447656 0.444336 0.014063 0.013672
2 0.425781 0.445312 0.017188 0.011719
2 0.480469 0.441406 0.014063 0.015625
2 0.493750 0.442383 0.009375 0.013672
2 0.502344 0.442383 0.014063 0.021484
2 0.510938 0.444336 0.015625 0.025391
2 0.524219 0.446289 0.020313 0.037109
2 0.550781 0.447266 0.042188 0.058594
2 0.349219 0.464844 0.060937 0.058594
2 0.124219 0.484375 0.248438 0.089844
2 0.578125 0.457031 0.056250 0.058594
2 0.721875 0.519531 0.209375 0.199219
