5 0.516406 0.435547 0.060937 0.058594
5 0.432812 0.450195 0.096875 0.033203
5 0.820312 0.424805 0.256250 0.111328
5 0.639062 0.427734 0.087500 0.031250
0 0.008594 0.513672 0.017188 0.082031
0 0.031250 0.513672 0.025000 0.082031
0 0.127344 0.497070 0.017188 0.044922
0 0.770312 0.484375 0.050000 0.164062
0 0.742969 0.479492 0.035937 0.150391
0 0.803125 0.473633 0.040625 0.150391
0 0.667188 0.440430 0.012500 0.033203
0 0.680469 0.430664 0.014063 0.021484
0 0.613281 0.463867 0.023438 0.072266
0 0.627344 0.452148 0.010937 0.044922
0 0.549219 0.457031 0.010937 0.031250
0 0.579688 0.458984 0.015625 0.046875
0 0.599219 0.456055 0.017188 0.048828
2 0.646875 0.446289 0.015625 0.017578
2 0.416406 0.469727 0.057813 0.033203
2 0.499219 0.518555 0.139063 0.130859
2 0.951562 0.487305 0.093750 0.111328
2 0.911719 0.450195 0.173437 0.138672
2 0.861719 0.444336 0.110937 0.103516
0 0.110156 0.498047 0.020313 0.050781
