0 0.524219 0.464844 0.014063 0.027344
0 0.530469 0.464844 0.014063 0.031250
0 0.459375 0.462891 0.009375 0.035156
0 0.471875 0.463867 0.009375 0.029297
2 0.941406 0.775391 0.114062 0.304688
2 0.854688 0.625977 0.287500 0.275391
2 0.649219 0.509766 0.092188 0.097656
2 0.601562 0.491211 0.053125 0.072266
2 0.582812 0.478516 0.031250 0.050781
2 0.582031 0.470703 0.042188 0.042969
2 0.656250 0.453125 0.040625 0.023438
2 0.753125 0.475586 0.075000 0.056641
2 0.205469 0.508789 0.145313 0.103516
2 0.317969 0.486328 0.082812 0.070312
2 0.383594 0.470703 0.082812 0.066406
2 0.451562 0.458008 0.015625 0.025391
2 0.479687 0.460938 0.015625 0.023438
2 0.493750 0.461914 0.018750 0.021484
