9 0.727344 0.352539 0.010937 0.048828
9 0.042969 0.347656 0.014063 0.050781
11 0.717969 0.410156 0.026562 0.050781
11 0.643750 0.386719 0.015625 0.027344
11 0.642969 0.411133 0.010937 0.021484
11 0.048438 0.404297 0.025000 0.058594
0 0.730469 0.495117 0.020313 0.083984
0 0.705469 0.493164 0.017188 0.091797
0 0.414844 0.492188 0.045312 0.125000
0 0.036719 0.500000 0.026562 0.105469
2 0.517188 0.484375 0.043750 0.042969
2 0.451562 0.470703 0.015625 0.019531
2 0.470313 0.468750 0.021875 0.015625
2 0.435156 0.467773 0.007812 0.009766
2 0.381250 0.469727 0.012500 0.021484
2 0.364844 0.471680 0.029687 0.029297
2 0.341406 0.477539 0.017188 0.029297
2 0.322656 0.478516 0.032813 0.031250
2 0.280469 0.482422 0.057813 0.042969
10 0.696094 0.519531 0.017188 0.050781
