9 0.745313 0.456055 0.015625 0.048828
9 0.010156 0.466797 0.017188 0.042969
11 0.083594 0.502930 0.032813 0.009766
11 0.084375 0.491211 0.009375 0.013672
11 0.011719 0.506836 0.023438 0.029297
11 0.218750 0.484375 0.028125 0.007812
11 0.217969 0.495117 0.029687 0.009766
11 0.755469 0.502930 0.026562 0.029297
0 0.735156 0.583008 0.026562 0.087891
0 0.700781 0.572266 0.020313 0.054688
0 0.661719 0.568359 0.014063 0.035156
0 0.646875 0.566406 0.012500 0.035156
0 0.621094 0.568359 0.004687 0.019531
0 0.627344 0.566406 0.007812 0.023438
0 0.031250 0.563477 0.009375 0.017578
0 0.336719 0.570312 0.010937 0.031250
0 0.729688 0.564453 0.018750 0.050781
3 0.462500 0.644531 0.043750 0.089844
3 0.526563 0.577148 0.009375 0.013672
2 0.404687 0.574219 0.031250 0.031250
2 0.439063 0.576172 0.034375 0.042969
2 0.455469 0.599609 0.064062 0.062500
2 0.485938 0.566406 0.018750 0.031250
2 0.504687 0.556641 0.012500 0.015625
2 0.514062 0.553711 0.009375 0.013672
2 0.522656 0.547852 0.010937 0.013672
2 0.532031 0.544922 0.007812 0.015625
2 0.535937 0.550781 0.012500 0.015625
2 0.560937 0.554688 0.015625 0.015625
2 0.560156 0.574219 0.026562 0.027344
2 0.062500 0.580078 0.078125 0.046875
2 0.165625 0.597656 0.093750 0.105469
2 0.229687 0.627930 0.165625 0.138672
0 0.460938 0.594727 0.040625 0.087891
0 0.526563 0.566406 0.009375 0.019531
