9 0.607031 0.505859 0.010937 0.011719
11 0.050000 0.383789 0.040625 0.123047
11 0.967187 0.501953 0.025000 0.031250
11 0.281250 0.493164 0.015625 0.005859
11 0.279687 0.480469 0.015625 0.015625
0 0.546094 0.543945 0.007812 0.021484
0 0.519531 0.541992 0.007812 0.013672
0 0.514844 0.540039 0.004687 0.013672
0 0.659375 0.543945 0.009375 0.021484
2 0.209375 0.617188 0.137500 0.105469
2 0.278125 0.596680 0.078125 0.095703
2 0.315625 0.579102 0.053125 0.068359
2 0.344531 0.575195 0.039062 0.076172
2 0.363281 0.571289 0.026562 0.068359
2 0.390625 0.559570 0.040625 0.044922
2 0.410938 0.554688 0.021875 0.035156
2 0.427344 0.547852 0.023438 0.029297
2 0.467187 0.545898 0.021875 0.025391
2 0.492188 0.545898 0.034375 0.025391
2 0.502344 0.578125 0.064062 0.062500
2 0.612500 0.538086 0.012500 0.013672
