9 0.053906 0.447266 0.007812 0.019531
9 0.210156 0.378906 0.007812 0.023438
9 0.284375 0.367188 0.006250 0.023438
9 0.412500 0.385742 0.006250 0.017578
9 0.354687 0.384766 0.006250 0.015625
9 0.545312 0.412109 0.006250 0.019531
11 0.181250 0.399414 0.034375 0.013672
11 0.168750 0.443359 0.009375 0.019531
11 0.366406 0.382812 0.007812 0.011719
11 0.574219 0.391602 0.017188 0.025391
11 0.521094 0.414062 0.007812 0.023438
11 0.603125 0.447266 0.012500 0.011719
2 0.254688 0.470703 0.040625 0.023438
2 0.303125 0.473633 0.025000 0.021484
2 0.325781 0.471680 0.023438 0.021484
2 0.366406 0.466797 0.035937 0.039062
2 0.425781 0.470703 0.032813 0.035156
2 0.470313 0.467773 0.050000 0.025391
10 0.710156 0.515625 0.017188 0.058594
