1 0.581250 0.475586 0.028125 0.064453
1 0.517188 0.468750 0.028125 0.066406
2 0.910156 0.641602 0.176563 0.494141
2 0.842969 0.510742 0.251563 0.251953
2 0.732031 0.477539 0.114062 0.173828
2 0.652344 0.471680 0.070312 0.080078
2 0.618750 0.457031 0.056250 0.066406
2 0.610156 0.431641 0.042188 0.035156
2 0.561719 0.440430 0.020313 0.029297
2 0.553125 0.435547 0.015625 0.023438
2 0.540625 0.432617 0.012500 0.017578
2 0.499219 0.434570 0.007812 0.013672
2 0.492188 0.433594 0.006250 0.011719
2 0.482031 0.432617 0.014063 0.013672
2 0.468750 0.433594 0.012500 0.019531
2 0.454688 0.432617 0.018750 0.029297
2 0.432031 0.436523 0.032813 0.041016
2 0.426563 0.442383 0.028125 0.033203
2 0.392188 0.442383 0.046875 0.056641
2 0.358594 0.454102 0.067187 0.060547
2 0.285156 0.466797 0.089063 0.093750
2 0.174219 0.479492 0.173437 0.126953
0 0.582031 0.452148 0.029687 0.091797
0 0.516406 0.446289 0.029687 0.095703
3 0.612500 0.475586 0.025000 0.033203
