2 0.737500 0.517578 0.212500 0.164062
2 0.641406 0.477539 0.151562 0.162109
2 0.564844 0.483398 0.045312 0.083984
2 0.542969 0.467773 0.079687 0.080078
2 0.500000 0.472656 0.034375 0.042969
2 0.478906 0.464844 0.032813 0.035156
2 0.030469 0.495117 0.060937 0.205078
2 0.106250 0.492188 0.134375 0.148438
2 0.186719 0.482422 0.095312 0.109375
2 0.241406 0.493164 0.026562 0.064453
2 0.265625 0.475586 0.068750 0.076172
2 0.328125 0.473633 0.028125 0.037109
2 0.348438 0.468750 0.018750 0.031250
2 0.364844 0.466797 0.026562 0.031250
2 0.389844 0.461914 0.017188 0.017578
2 0.411719 0.458984 0.014063 0.015625
