9 0.299219 0.169922 0.023438 0.070312
9 0.085156 0.362305 0.014063 0.044922
9 0.119531 0.362305 0.017188 0.048828
9 0.346094 0.391602 0.014063 0.060547
9 0.346875 0.437500 0.009375 0.011719
9 0.314844 0.398438 0.014063 0.035156
9 0.306250 0.440430 0.012500 0.013672
9 0.632812 0.305664 0.025000 0.044922
9 0.832812 0.393555 0.012500 0.041016
9 0.832031 0.431641 0.014063 0.019531
9 0.877344 0.299805 0.029687 0.119141
9 0.883594 0.395508 0.023438 0.025391
9 0.913281 0.378906 0.014063 0.039062
9 0.915625 0.422852 0.012500 0.017578
11 0.377344 0.134766 0.042188 0.066406
11 0.452344 0.142578 0.045312 0.078125
11 0.207031 0.243164 0.098437 0.033203
11 0.661719 0.302734 0.014063 0.023438
11 0.756250 0.351562 0.062500 0.019531
11 0.496094 0.457031 0.010937 0.011719
0 0.715625 0.487305 0.006250 0.017578
0 0.723437 0.484375 0.006250 0.023438
0 0.731250 0.486328 0.006250 0.023438
0 0.738281 0.487305 0.007812 0.025391
0 0.751563 0.483398 0.009375 0.033203
0 0.762500 0.481445 0.009375 0.033203
0 0.769531 0.484375 0.007812 0.023438
0 0.792188 0.488281 0.009375 0.035156
0 0.803906 0.484375 0.014063 0.046875
0 0.816406 0.481445 0.010937 0.044922
0 0.846094 0.466797 0.014063 0.035156
0 0.233594 0.479492 0.010937 0.025391
0 0.396875 0.472656 0.009375 0.023438
0 0.382812 0.469727 0.006250 0.017578
2 0.896875 0.489258 0.143750 0.056641
2 0.650000 0.486328 0.053125 0.054688
2 0.602344 0.493164 0.020313 0.021484
2 0.565625 0.492188 0.037500 0.031250
2 0.440625 0.499023 0.053125 0.044922
2 0.255469 0.500000 0.067187 0.050781
2 0.135937 0.500977 0.159375 0.076172
2 0.324219 0.509766 0.132812 0.101562
