9 0.088281 0.459961 0.039062 0.056641
9 0.515625 0.511719 0.006250 0.019531
0 0.228125 0.592773 0.015625 0.076172
0 0.253906 0.584961 0.026562 0.080078
0 0.279687 0.598633 0.025000 0.068359
0 0.326562 0.575195 0.015625 0.048828
0 0.312500 0.578125 0.012500 0.046875
0 0.899219 0.594727 0.035937 0.037109
0 0.873437 0.592773 0.021875 0.037109
0 0.849219 0.593750 0.023438 0.031250
0 0.823438 0.590820 0.021875 0.037109
0 0.804688 0.589844 0.018750 0.035156
0 0.789062 0.587891 0.015625 0.031250
0 0.777344 0.586914 0.010937 0.025391
0 0.732812 0.580078 0.015625 0.027344
0 0.627344 0.564453 0.004687 0.011719
0 0.635156 0.563477 0.007812 0.009766
0 0.655469 0.564453 0.004687 0.011719
0 0.416406 0.549805 0.004687 0.017578
0 0.410156 0.549805 0.004687 0.017578
0 0.555469 0.552734 0.007812 0.019531
0 0.563281 0.552734 0.007812 0.019531
2 0.461719 0.567383 0.020313 0.017578
2 0.439063 0.566406 0.021875 0.019531
2 0.439063 0.552734 0.015625 0.011719
2 0.470313 0.661133 0.156250 0.169922
