0 0.130469 0.480469 0.023438 0.078125
0 0.153125 0.482422 0.018750 0.074219
0 0.239063 0.469727 0.015625 0.052734
0 0.196094 0.450195 0.010937 0.037109
0 0.183594 0.450195 0.014063 0.037109
0 0.535937 0.466797 0.012500 0.027344
0 0.568750 0.471680 0.012500 0.037109
0 0.739844 0.479492 0.017188 0.052734
0 0.689063 0.473633 0.015625 0.048828
0 0.700000 0.476562 0.012500 0.054688
0 0.708594 0.475586 0.014063 0.052734
0 0.718750 0.477539 0.015625 0.048828
0 0.167187 0.447266 0.012500 0.035156
0 0.945312 0.546875 0.065625 0.242188
1 0.957031 0.710938 0.082812 0.277344
2 0.389062 0.490234 0.081250 0.070312
2 0.346094 0.483398 0.039062 0.041016
2 0.443750 0.465820 0.015625 0.021484
2 0.467969 0.469727 0.035937 0.041016
0 0.961719 0.619141 0.073438 0.449219
11 0.208594 0.387695 0.029687 0.009766
