9 0.900000 0.542969 0.012500 0.050781
9 0.893750 0.447266 0.009375 0.031250
9 0.575781 0.503906 0.004687 0.019531
9 0.327344 0.518555 0.004687 0.021484
9 0.719531 0.469727 0.007812 0.021484
9 0.692187 0.473633 0.006250 0.021484
9 0.720313 0.506836 0.006250 0.009766
11 0.851562 0.444336 0.034375 0.048828
11 0.143750 0.505859 0.021875 0.027344
11 0.143750 0.523438 0.015625 0.007812
0 0.928906 0.523438 0.010937 0.031250
0 0.579688 0.551758 0.006250 0.025391
0 0.571875 0.554688 0.006250 0.023438
0 0.553906 0.555664 0.007812 0.025391
0 0.493750 0.557617 0.012500 0.029297
0 0.559375 0.551758 0.006250 0.029297
0 0.480469 0.559570 0.007812 0.029297
0 0.379688 0.567383 0.006250 0.021484
0 0.385156 0.566406 0.007812 0.019531
0 0.473438 0.561523 0.006250 0.017578
0 0.466406 0.562500 0.004687 0.015625
1 0.527344 0.559570 0.020313 0.021484
3 0.355469 0.755859 0.123438 0.281250
2 0.008594 0.827148 0.017188 0.181641
2 0.852344 0.735352 0.292187 0.279297
0 0.358594 0.710938 0.120313 0.308594
0 0.526563 0.550781 0.012500 0.031250
