0 0.716406 0.473633 0.023438 0.072266
0 0.325781 0.440430 0.023438 0.048828
2 0.882031 0.509766 0.217188 0.105469
2 0.677344 0.458984 0.042188 0.035156
2 0.632812 0.454102 0.028125 0.029297
2 0.607031 0.454102 0.026562 0.025391
2 0.596094 0.449219 0.017188 0.023438
2 0.581250 0.448242 0.015625 0.021484
2 0.571875 0.449219 0.012500 0.019531
2 0.558594 0.447266 0.014063 0.015625
2 0.504687 0.444336 0.009375 0.009766
2 0.481250 0.444336 0.018750 0.025391
2 0.475781 0.452148 0.010937 0.021484
2 0.467187 0.451172 0.015625 0.027344
2 0.458594 0.452148 0.020313 0.029297
2 0.448437 0.454102 0.021875 0.033203
2 0.426563 0.453125 0.034375 0.054688
2 0.497656 0.444336 0.014063 0.013672
2 0.397656 0.463867 0.054688 0.064453
2 0.375000 0.470703 0.084375 0.062500
2 0.273438 0.485352 0.125000 0.123047
2 0.169531 0.465820 0.132812 0.064453
2 0.036719 0.454102 0.073438 0.048828
10 0.078906 0.527344 0.026562 0.070312
2 0.714844 0.467773 0.042188 0.052734
