9 0.753906 0.358398 0.010937 0.025391
9 0.593750 0.312500 0.009375 0.027344
9 0.528906 0.326172 0.007812 0.027344
9 0.522656 0.366211 0.007812 0.025391
9 0.575781 0.365234 0.007812 0.023438
9 0.371094 0.419922 0.007812 0.019531
9 0.773438 0.350586 0.009375 0.025391
9 0.740625 0.364258 0.009375 0.025391
9 0.321875 0.422852 0.006250 0.021484
11 0.657031 0.441406 0.017188 0.019531
11 0.575781 0.315430 0.014063 0.021484
11 0.475000 0.378906 0.018750 0.007812
11 0.379688 0.448242 0.025000 0.033203
2 0.426563 0.475586 0.025000 0.009766
2 0.560156 0.461914 0.048438 0.029297
