9 0.129688 0.393555 0.012500 0.033203
9 0.336719 0.430664 0.004687 0.013672
9 0.488281 0.390625 0.007812 0.031250
9 0.486719 0.416992 0.007812 0.009766
9 0.433594 0.456055 0.014063 0.029297
9 0.371875 0.410156 0.009375 0.011719
9 0.128906 0.419922 0.007812 0.007812
11 0.029687 0.396484 0.018750 0.019531
11 0.655469 0.329102 0.035937 0.044922
11 0.653906 0.367188 0.020313 0.015625
0 0.106250 0.458984 0.012500 0.046875
0 0.128125 0.457031 0.009375 0.042969
0 0.117969 0.447266 0.007812 0.015625
0 0.300000 0.452148 0.006250 0.021484
0 0.774219 0.452148 0.039062 0.103516
0 0.739844 0.454102 0.048438 0.119141
0 0.678125 0.428711 0.028125 0.048828
0 0.699219 0.427734 0.014063 0.042969
0 0.646094 0.456055 0.014063 0.052734
0 0.625781 0.464844 0.020313 0.082031
0 0.607031 0.451172 0.017188 0.070312
0 0.544531 0.460938 0.014063 0.050781
0 0.526563 0.458008 0.015625 0.056641
0 0.517188 0.459961 0.012500 0.052734
0 0.503906 0.445312 0.010937 0.015625
0 0.190625 0.448242 0.009375 0.013672
0 0.205469 0.452148 0.007812 0.021484
0 0.198437 0.451172 0.006250 0.015625
1 0.434375 0.465820 0.003125 0.013672
2 0.326562 0.459961 0.021875 0.025391
2 0.342969 0.459961 0.014063 0.021484
2 0.351562 0.458984 0.009375 0.019531
2 0.371875 0.460938 0.025000 0.027344
2 0.412500 0.461914 0.009375 0.009766
