9 0.617188 0.333008 0.012500 0.041016
1 0.047656 0.542969 0.060937 0.136719
1 0.075781 0.545898 0.045312 0.099609
1 0.147656 0.522461 0.045312 0.091797
1 0.244531 0.549805 0.129688 0.138672
1 0.209375 0.500977 0.053125 0.072266
1 0.321094 0.492188 0.026562 0.050781
1 0.284375 0.509766 0.037500 0.058594
1 0.353125 0.485352 0.021875 0.037109
1 0.333594 0.483398 0.017188 0.033203
1 0.303125 0.494141 0.025000 0.035156
2 0.550000 0.480469 0.078125 0.082031
2 0.507812 0.479492 0.025000 0.052734
2 0.497656 0.477539 0.020313 0.044922
2 0.485938 0.476562 0.006250 0.039062
2 0.175000 0.474609 0.068750 0.070312
2 0.038281 0.506836 0.076563 0.123047
2 0.401562 0.472656 0.031250 0.027344
2 0.464844 0.476562 0.010937 0.011719
0 0.046875 0.503906 0.059375 0.175781
0 0.085156 0.510742 0.039062 0.146484
0 0.152344 0.494141 0.057813 0.140625
0 0.250781 0.494141 0.092188 0.199219
0 0.201563 0.471680 0.031250 0.095703
0 0.285156 0.481445 0.032813 0.099609
0 0.303906 0.473633 0.017188 0.056641
0 0.323437 0.480469 0.028125 0.074219
0 0.355469 0.470703 0.020313 0.058594
0 0.333594 0.471680 0.014063 0.044922
