0 0.339062 0.516602 0.025000 0.095703
1 0.472656 0.497070 0.017188 0.037109
2 0.977344 0.483398 0.042188 0.068359
2 0.955469 0.472656 0.085938 0.082031
2 0.856250 0.467773 0.068750 0.072266
2 0.899219 0.472656 0.070312 0.066406
2 0.816406 0.464844 0.054688 0.058594
2 0.773438 0.441406 0.056250 0.023438
2 0.785156 0.476562 0.054688 0.054688
2 0.516406 0.435547 0.007812 0.007812
2 0.507812 0.436523 0.009375 0.009766
2 0.496094 0.438477 0.014063 0.013672
2 0.485156 0.446289 0.017188 0.021484
2 0.476562 0.453125 0.018750 0.027344
2 0.458594 0.457031 0.020313 0.027344
2 0.431250 0.472656 0.015625 0.046875
2 0.406250 0.473633 0.053125 0.064453
2 0.387500 0.484375 0.053125 0.058594
2 0.328125 0.510742 0.087500 0.080078
2 0.060937 0.495117 0.121875 0.083984
2 0.219531 0.556641 0.160938 0.136719
2 0.048438 0.641602 0.096875 0.201172
2 0.506250 0.455078 0.025000 0.031250
2 0.550000 0.480469 0.075000 0.089844
2 0.601562 0.474609 0.031250 0.050781
2 0.632812 0.484375 0.062500 0.074219
2 0.707031 0.514648 0.132812 0.138672
2 0.782813 0.575195 0.156250 0.154297
2 0.890625 0.658203 0.215625 0.246094
0 0.472656 0.479492 0.017188 0.060547
