2 0.092969 0.521484 0.185938 0.207031
2 0.212500 0.510742 0.093750 0.126953
2 0.264844 0.480469 0.120313 0.128906
2 0.347656 0.478516 0.064062 0.066406
2 0.375000 0.476562 0.028125 0.054688
2 0.392969 0.471680 0.029687 0.052734
2 0.411719 0.468750 0.029687 0.046875
2 0.421094 0.466797 0.020313 0.042969
2 0.431250 0.466797 0.018750 0.039062
2 0.446875 0.456055 0.031250 0.041016
2 0.475000 0.456055 0.021875 0.021484
2 0.489844 0.455078 0.010937 0.015625
2 0.498437 0.455078 0.006250 0.011719
2 0.500781 0.453125 0.007812 0.011719
2 0.552344 0.457031 0.017188 0.019531
2 0.546875 0.456055 0.012500 0.017578
2 0.572656 0.467773 0.026562 0.037109
2 0.599219 0.471680 0.048438 0.052734
2 0.651563 0.496094 0.096875 0.097656
2 0.713281 0.476562 0.054688 0.050781
2 0.811719 0.497070 0.098437 0.080078
2 0.928906 0.527344 0.139063 0.132812
2 0.928125 0.471680 0.121875 0.052734
2 0.856250 0.494141 0.062500 0.074219
2 0.539844 0.455078 0.007812 0.011719
