0 0.379688 0.437500 0.025000 0.085938
0 0.625781 0.456055 0.032813 0.107422
0 0.592187 0.453125 0.025000 0.101562
2 0.058594 0.429688 0.095312 0.089844
2 0.195312 0.433594 0.065625 0.058594
2 0.264844 0.450195 0.117188 0.099609
2 0.354687 0.439453 0.078125 0.066406
2 0.408594 0.431641 0.032813 0.050781
2 0.433594 0.427734 0.029687 0.042969
2 0.453906 0.424805 0.026562 0.037109
2 0.466406 0.420898 0.023438 0.033203
2 0.483594 0.420898 0.017188 0.025391
2 0.502344 0.416992 0.014063 0.017578
2 0.511719 0.416016 0.014063 0.015625
2 0.655469 0.452148 0.067187 0.099609
2 0.593750 0.434570 0.046875 0.052734
2 0.571094 0.429688 0.017188 0.042969
2 0.560156 0.424805 0.014063 0.029297
2 0.551562 0.416992 0.012500 0.017578
2 0.076563 0.407227 0.153125 0.087891
