9 0.360938 0.422852 0.003125 0.009766
9 0.382812 0.420898 0.003125 0.009766
9 0.418750 0.426758 0.003125 0.009766
11 0.167969 0.413086 0.020313 0.021484
11 0.428906 0.431641 0.010937 0.003906
11 0.511719 0.403320 0.014063 0.017578
11 0.613281 0.385742 0.023438 0.033203
11 0.768750 0.365234 0.015625 0.035156
1 0.505469 0.484375 0.017188 0.035156
2 0.716406 0.508789 0.195312 0.142578
2 0.016406 0.489258 0.032813 0.072266
2 0.273438 0.491211 0.115625 0.095703
2 0.443750 0.460938 0.015625 0.019531
0 0.505469 0.465820 0.014063 0.056641
