1 0.265625 0.684570 0.106250 0.181641
1 0.450000 0.488281 0.021875 0.039062
2 0.115625 0.596680 0.231250 0.193359
2 0.240625 0.533203 0.128125 0.113281
2 0.343750 0.499023 0.084375 0.091797
2 0.377344 0.482422 0.054688 0.074219
2 0.406250 0.474609 0.028125 0.062500
2 0.414062 0.466797 0.050000 0.062500
2 0.452344 0.468750 0.026562 0.046875
2 0.478125 0.451172 0.031250 0.031250
2 0.498437 0.447266 0.021875 0.027344
2 0.507812 0.442383 0.025000 0.029297
2 0.519531 0.444336 0.010937 0.021484
2 0.529687 0.441406 0.015625 0.019531
2 0.537500 0.440430 0.012500 0.017578
2 0.543750 0.440430 0.012500 0.017578
2 0.551562 0.439453 0.012500 0.015625
2 0.560937 0.437500 0.015625 0.015625
2 0.571094 0.436523 0.007812 0.013672
2 0.575000 0.433594 0.012500 0.015625
2 0.585156 0.432617 0.014063 0.013672
2 0.591406 0.454102 0.029687 0.029297
2 0.603125 0.444336 0.028125 0.029297
2 0.625781 0.429688 0.014063 0.027344
2 0.626563 0.448242 0.025000 0.017578
2 0.607031 0.485352 0.032813 0.052734
2 0.639844 0.483398 0.076563 0.064453
78 0.710156 0.436523 0.045312 0.029297
2 0.678906 0.438477 0.020313 0.025391
2 0.650781 0.506836 0.070312 0.076172
2 0.703906 0.523438 0.107813 0.101562
2 0.864844 0.621094 0.267188 0.265625
0 0.451562 0.474609 0.021875 0.058594
0 0.943750 0.751953 0.109375 0.449219
0 0.273438 0.603516 0.103125 0.234375
78 0.941406 0.960938 0.089063 0.074219
