9 0.425000 0.416992 0.003125 0.009766
9 0.412500 0.417969 0.003125 0.007812
9 0.390625 0.415039 0.003125 0.009766
0 0.708594 0.454102 0.023438 0.072266
0 0.678906 0.446289 0.010937 0.037109
0 0.042969 0.434570 0.014063 0.037109
0 0.610938 0.443359 0.012500 0.027344
0 0.214062 0.440430 0.012500 0.025391
3 0.242969 0.499023 0.064062 0.091797
2 0.298438 0.475586 0.071875 0.076172
2 0.335156 0.466797 0.035937 0.054688
2 0.356250 0.463867 0.018750 0.044922
2 0.353906 0.456055 0.039062 0.048828
2 0.386719 0.451172 0.017188 0.019531
2 0.452344 0.487305 0.095312 0.095703
2 0.412500 0.452148 0.025000 0.033203
0 0.247656 0.472656 0.051562 0.121094
