5 0.882812 0.425781 0.231250 0.140625
5 0.521875 0.447266 0.071875 0.082031
5 0.425000 0.456055 0.106250 0.041016
0 0.713281 0.474609 0.039062 0.167969
0 0.752344 0.479492 0.032813 0.154297
0 0.612500 0.457031 0.015625 0.054688
0 0.628906 0.458008 0.017188 0.052734
0 0.584375 0.455078 0.009375 0.042969
0 0.551562 0.458984 0.012500 0.039062
0 0.426563 0.476562 0.021875 0.109375
0 0.169531 0.485352 0.014063 0.044922
0 0.571875 0.457031 0.009375 0.039062
0 0.670312 0.437500 0.012500 0.039062
0 0.596094 0.456055 0.010937 0.048828
0 0.128906 0.490234 0.014063 0.031250
0 0.115625 0.495117 0.015625 0.056641
1 0.378125 0.523438 0.034375 0.082031
2 0.951562 0.489258 0.093750 0.111328
2 0.949219 0.436523 0.098437 0.083984
2 0.913281 0.448242 0.170313 0.138672
2 0.452344 0.462891 0.026562 0.023438
2 0.472656 0.461914 0.026562 0.025391
0 0.378906 0.486328 0.035937 0.117188
10 0.341406 0.478516 0.004687 0.019531
