11 0.783594 0.388672 0.014063 0.042969
11 0.428906 0.420898 0.010937 0.017578
0 0.859375 0.460938 0.015625 0.050781
0 0.831250 0.457031 0.012500 0.035156
0 0.817187 0.450195 0.012500 0.044922
0 0.805469 0.446289 0.007812 0.033203
0 0.796875 0.444336 0.009375 0.037109
0 0.774219 0.445312 0.010937 0.031250
0 0.757031 0.447266 0.007812 0.031250
0 0.748437 0.449219 0.009375 0.027344
0 0.728125 0.453125 0.009375 0.031250
2 0.672656 0.460938 0.029687 0.019531
2 0.945312 0.465820 0.071875 0.052734
2 0.532813 0.499023 0.096875 0.091797
2 0.477344 0.494141 0.057813 0.074219
