11 0.054688 0.337891 0.040625 0.066406
11 0.567969 0.396484 0.007812 0.019531
11 0.593750 0.374023 0.021875 0.005859
11 0.528125 0.394531 0.006250 0.007812
0 0.339062 0.430664 0.006250 0.017578
0 0.350000 0.426758 0.006250 0.021484
0 0.685156 0.454102 0.020313 0.068359
0 0.708594 0.456055 0.017188 0.060547
0 0.734375 0.454102 0.018750 0.064453
2 0.393750 0.418945 0.018750 0.021484
2 0.479687 0.414062 0.015625 0.015625
2 0.473438 0.408203 0.012500 0.011719
2 0.559375 0.474609 0.193750 0.085938
2 0.934375 0.458008 0.128125 0.099609
78 0.415625 0.395508 0.015625 0.021484
