9 0.807813 0.357422 0.012500 0.035156
9 0.836719 0.403320 0.014063 0.017578
9 0.603125 0.368164 0.009375 0.033203
9 0.430469 0.268555 0.010937 0.041016
9 0.311719 0.260742 0.010937 0.037109
11 0.597656 0.412109 0.014063 0.019531
11 0.596875 0.311523 0.018750 0.013672
11 0.337500 0.256836 0.015625 0.017578
0 0.936719 0.478516 0.054688 0.292969
0 0.741406 0.459961 0.010937 0.029297
0 0.590625 0.465820 0.009375 0.033203
0 0.284375 0.475586 0.006250 0.021484
0 0.275781 0.477539 0.004687 0.017578
0 0.005469 0.476562 0.010937 0.058594
2 0.496094 0.473633 0.020313 0.017578
2 0.467187 0.477539 0.012500 0.013672
2 0.445312 0.469727 0.012500 0.033203
2 0.431250 0.472656 0.037500 0.039062
2 0.360156 0.466797 0.045312 0.054688
2 0.344531 0.476562 0.051562 0.046875
