11 0.028906 0.353516 0.048438 0.062500
11 0.028125 0.396484 0.053125 0.019531
11 0.028125 0.427734 0.053125 0.042969
11 0.383594 0.512695 0.010937 0.013672
11 0.756250 0.493164 0.025000 0.033203
11 0.621094 0.486328 0.014063 0.023438
11 0.182031 0.481445 0.042188 0.052734
0 0.384375 0.551758 0.012500 0.021484
3 0.346875 0.616211 0.081250 0.080078
3 0.337500 0.631836 0.059375 0.087891
3 0.298438 0.648438 0.096875 0.097656
3 0.272656 0.658203 0.095312 0.113281
3 0.175000 0.682617 0.193750 0.162109
2 0.416406 0.583008 0.035937 0.060547
2 0.396875 0.589844 0.059375 0.058594
2 0.549219 0.582031 0.054688 0.050781
2 0.577344 0.614258 0.070312 0.095703
2 0.642969 0.635742 0.135937 0.119141
2 0.807813 0.724609 0.284375 0.261719
2 0.911719 0.828125 0.173437 0.339844
2 0.511719 0.555664 0.017188 0.013672
2 0.163281 0.613281 0.035937 0.058594
