0 0.088281 0.500977 0.017188 0.044922
0 0.111719 0.493164 0.017188 0.056641
0 0.157031 0.498047 0.014063 0.042969
0 0.175000 0.490234 0.012500 0.046875
0 0.229687 0.489258 0.018750 0.048828
0 0.035937 0.475586 0.015625 0.033203
2 0.331250 0.486328 0.053125 0.054688
2 0.364063 0.492188 0.021875 0.039062
2 0.378906 0.495117 0.017188 0.025391
2 0.389062 0.493164 0.021875 0.029297
2 0.406250 0.496094 0.015625 0.023438
2 0.418750 0.497070 0.012500 0.021484
2 0.446094 0.496094 0.020313 0.019531
2 0.480469 0.499023 0.017188 0.013672
2 0.467187 0.500000 0.012500 0.011719
2 0.560937 0.487305 0.096875 0.091797
2 0.716406 0.517578 0.157812 0.132812
2 0.496094 0.496094 0.010937 0.011719
