9 0.422656 0.483398 0.007812 0.017578
11 0.919531 0.437500 0.042188 0.011719
11 0.919531 0.424805 0.042188 0.009766
11 0.907813 0.451172 0.034375 0.011719
11 0.961719 0.459961 0.017188 0.037109
11 0.021094 0.464844 0.020313 0.007812
11 0.020313 0.474609 0.018750 0.007812
11 0.020313 0.482422 0.018750 0.007812
0 0.692969 0.510742 0.017188 0.037109
0 0.715625 0.506836 0.015625 0.033203
0 0.157812 0.505859 0.018750 0.031250
0 0.216406 0.500977 0.014063 0.017578
0 0.242188 0.500977 0.012500 0.013672
2 0.951562 0.537109 0.093750 0.082031
2 0.835938 0.563477 0.275000 0.130859
2 0.613281 0.573242 0.335938 0.158203
2 0.366406 0.540039 0.192188 0.107422
2 0.275781 0.566406 0.229687 0.121094
2 0.128125 0.577148 0.256250 0.158203
2 0.095312 0.677734 0.190625 0.320312
2 0.602344 0.507812 0.160938 0.054688
