0 0.728906 0.436523 0.007812 0.025391
0 0.792188 0.458984 0.015625 0.046875
0 0.871875 0.457031 0.012500 0.035156
0 0.899219 0.458008 0.010937 0.041016
0 0.910156 0.458984 0.014063 0.039062
0 0.938281 0.464844 0.007812 0.039062
0 0.370312 0.414062 0.009375 0.035156
0 0.358594 0.411133 0.010937 0.033203
0 0.349219 0.411133 0.007812 0.033203
0 0.324219 0.412109 0.007812 0.031250
0 0.316406 0.411133 0.007812 0.033203
0 0.310937 0.414062 0.006250 0.027344
0 0.305469 0.414062 0.007812 0.027344
0 0.298438 0.408203 0.009375 0.035156
0 0.288281 0.407227 0.014063 0.037109
0 0.280469 0.406250 0.010937 0.035156
2 0.579688 0.492188 0.200000 0.250000
2 0.495312 0.429688 0.012500 0.039062
2 0.680469 0.443359 0.023438 0.031250
