9 0.650000 0.363281 0.006250 0.011719
11 0.895312 0.436523 0.025000 0.021484
11 0.639844 0.363281 0.010937 0.011719
2 0.788281 0.521484 0.079687 0.070312
2 0.828906 0.493164 0.029687 0.033203
2 0.896875 0.485352 0.059375 0.037109
2 0.736719 0.486328 0.032813 0.031250
2 0.758594 0.483398 0.023438 0.029297
2 0.723437 0.476562 0.018750 0.023438
2 0.686719 0.478516 0.026562 0.023438
2 0.621875 0.487305 0.031250 0.029297
2 0.607812 0.477539 0.018750 0.021484
2 0.602344 0.470703 0.017188 0.019531
2 0.564844 0.496094 0.060937 0.042969
2 0.717187 0.455078 0.025000 0.011719
2 0.735938 0.452148 0.021875 0.013672
2 0.678125 0.449219 0.015625 0.011719
2 0.657031 0.447266 0.020313 0.015625
2 0.604688 0.446289 0.015625 0.009766
2 0.585156 0.447266 0.017188 0.011719
