5 0.567969 0.467773 0.057813 0.025391
9 0.250000 0.420898 0.031250 0.048828
9 0.285938 0.482422 0.021875 0.058594
9 0.270313 0.249023 0.037500 0.115234
9 0.432812 0.481445 0.006250 0.013672
9 0.427344 0.422852 0.007812 0.021484
9 0.278125 0.417969 0.021875 0.042969
11 0.840625 0.427734 0.018750 0.031250
11 0.950000 0.404297 0.025000 0.023438
11 0.949219 0.375977 0.026562 0.025391
11 0.950000 0.349609 0.025000 0.015625
11 0.428906 0.458008 0.017188 0.017578
11 0.450781 0.482422 0.014063 0.019531
11 0.409375 0.305664 0.043750 0.068359
11 0.409375 0.347656 0.043750 0.015625
11 0.410156 0.370117 0.045312 0.029297
11 0.410156 0.399414 0.048438 0.029297
11 0.352344 0.433594 0.020313 0.027344
11 0.171875 0.347656 0.112500 0.125000
11 0.415625 0.515625 0.037500 0.050781
0 0.814063 0.480469 0.009375 0.035156
2 0.646094 0.474609 0.017188 0.011719
2 0.663281 0.474609 0.014063 0.019531
2 0.689844 0.497070 0.048438 0.052734
2 0.547656 0.665039 0.342187 0.376953
2 0.911719 0.668945 0.173437 0.345703
