9 0.010937 0.352539 0.021875 0.052734
9 0.633594 0.340820 0.014063 0.044922
11 0.240625 0.419922 0.015625 0.027344
11 0.019531 0.407227 0.023438 0.048828
11 0.626563 0.401367 0.025000 0.048828
0 0.985938 0.491211 0.025000 0.130859
0 0.863281 0.491211 0.035937 0.068359
0 0.782813 0.474609 0.021875 0.097656
0 0.807813 0.470703 0.031250 0.105469
1 0.184375 0.511719 0.025000 0.058594
2 0.261719 0.507812 0.117188 0.093750
2 0.443750 0.484375 0.096875 0.109375
2 0.358594 0.483398 0.048438 0.052734
2 0.384375 0.483398 0.015625 0.033203
0 0.184375 0.486328 0.028125 0.074219
10 0.610156 0.503906 0.017188 0.050781
