11 0.598437 0.391602 0.018750 0.025391
2 0.590625 0.482422 0.087500 0.085938
2 0.550781 0.471680 0.070312 0.080078
2 0.507031 0.469727 0.026562 0.037109
2 0.493750 0.462891 0.031250 0.039062
2 0.467969 0.464844 0.020313 0.019531
2 0.041406 0.480469 0.082812 0.078125
2 0.145313 0.455078 0.081250 0.046875
2 0.256250 0.468750 0.040625 0.035156
2 0.371875 0.463867 0.015625 0.013672
2 0.410938 0.461914 0.012500 0.009766
2 0.425000 0.458984 0.009375 0.007812
2 0.442969 0.460938 0.007812 0.007812
2 0.452344 0.459961 0.007812 0.009766
