11 0.589063 0.390625 0.009375 0.023438
0 0.554688 0.505859 0.056250 0.175781
0 0.618750 0.504883 0.050000 0.173828
0 0.416406 0.480469 0.017188 0.062500
0 0.353906 0.477539 0.017188 0.072266
0 0.394531 0.476562 0.017188 0.070312
0 0.296875 0.474609 0.012500 0.042969
0 0.334375 0.461914 0.012500 0.025391
2 0.026562 0.521484 0.053125 0.132812
2 0.087500 0.499023 0.175000 0.158203
2 0.160938 0.488281 0.112500 0.093750
2 0.912500 0.521484 0.171875 0.238281
2 0.794531 0.533203 0.157812 0.167969
2 0.762500 0.501953 0.240625 0.156250
2 0.643750 0.506836 0.059375 0.111328
2 0.626563 0.485352 0.090625 0.115234
2 0.567969 0.482422 0.070312 0.093750
2 0.232813 0.468750 0.025000 0.027344
2 0.262500 0.466797 0.040625 0.035156
2 0.504687 0.483398 0.071875 0.064453
2 0.482812 0.475586 0.090625 0.068359
2 0.279687 0.469727 0.034375 0.029297
2 0.304688 0.468750 0.046875 0.031250
2 0.429688 0.468750 0.028125 0.035156
