5 0.518750 0.360352 0.137500 0.275391
9 0.592969 0.354492 0.007812 0.025391
9 0.801562 0.371094 0.006250 0.019531
9 0.264062 0.362305 0.009375 0.029297
9 0.282031 0.370117 0.010937 0.025391
9 0.363281 0.358398 0.007812 0.025391
9 0.332813 0.369141 0.009375 0.011719
9 0.417969 0.379883 0.004687 0.005859
9 0.445312 0.348633 0.006250 0.025391
9 0.373437 0.353516 0.012500 0.042969
11 0.181250 0.289062 0.043750 0.062500
11 0.372656 0.391602 0.010937 0.017578
11 0.303125 0.320312 0.028125 0.031250
0 0.017188 0.429688 0.028125 0.089844
0 0.249219 0.430664 0.035937 0.087891
0 0.283594 0.428711 0.032813 0.091797
0 0.306250 0.417969 0.012500 0.035156
0 0.351562 0.418945 0.012500 0.041016
0 0.339062 0.418945 0.009375 0.037109
0 0.331250 0.418945 0.009375 0.033203
0 0.360156 0.419922 0.007812 0.035156
0 0.367969 0.417969 0.007812 0.031250
0 0.972656 0.423828 0.026562 0.031250
0 0.864062 0.448242 0.025000 0.080078
0 0.917188 0.445312 0.015625 0.058594
0 0.893750 0.450195 0.028125 0.091797
0 0.776563 0.433594 0.018750 0.058594
0 0.805469 0.434570 0.017188 0.056641
0 0.755469 0.416016 0.007812 0.015625
0 0.784375 0.433594 0.012500 0.050781
0 0.701562 0.426758 0.009375 0.037109
0 0.901563 0.437500 0.018750 0.050781
0 0.318750 0.416992 0.012500 0.033203
0 0.391406 0.418945 0.007812 0.033203
0 0.397656 0.407227 0.007812 0.013672
0 0.710156 0.427734 0.007812 0.039062
0 0.721094 0.423828 0.007812 0.035156
0 0.986719 0.487305 0.023438 0.154297
2 0.545312 0.453125 0.150000 0.183594
2 0.414062 0.419922 0.040625 0.035156
2 0.441406 0.425781 0.020313 0.066406
2 0.625781 0.438477 0.020313 0.080078
2 0.665625 0.423828 0.065625 0.046875
2 0.775000 0.434570 0.071875 0.037109
