5 0.430469 0.454102 0.101562 0.041016
5 0.848437 0.415039 0.300000 0.134766
5 0.512500 0.436523 0.050000 0.060547
5 0.635156 0.425781 0.089063 0.031250
0 0.016406 0.508789 0.023438 0.076172
0 0.035937 0.506836 0.018750 0.068359
0 0.010156 0.502930 0.020313 0.080078
0 0.718750 0.476562 0.043750 0.132812
0 0.749219 0.478516 0.032813 0.144531
0 0.763281 0.472656 0.029687 0.132812
0 0.666406 0.439453 0.010937 0.035156
0 0.678906 0.428711 0.014063 0.021484
0 0.630469 0.451172 0.014063 0.046875
0 0.614844 0.466797 0.020313 0.062500
0 0.604688 0.448242 0.009375 0.033203
0 0.607031 0.456055 0.007812 0.041016
0 0.592187 0.458984 0.012500 0.042969
0 0.575000 0.462891 0.012500 0.039062
0 0.584375 0.454102 0.009375 0.037109
0 0.548438 0.459961 0.009375 0.041016
0 0.556250 0.458984 0.009375 0.039062
2 0.951562 0.490234 0.093750 0.109375
2 0.910156 0.449219 0.176563 0.136719
2 0.848437 0.448242 0.137500 0.103516
2 0.646875 0.445312 0.015625 0.019531
2 0.439063 0.465820 0.021875 0.025391
2 0.485156 0.510742 0.132812 0.115234
0 0.111719 0.497070 0.020313 0.048828
