5 0.493750 0.499023 0.093750 0.138672
9 0.799219 0.339844 0.026562 0.082031
9 0.882031 0.411133 0.017188 0.052734
9 0.679688 0.502930 0.015625 0.033203
9 0.887500 0.477539 0.009375 0.025391
11 0.694531 0.422852 0.029687 0.041016
11 0.818750 0.469727 0.012500 0.017578
11 0.807031 0.470703 0.007812 0.015625
11 0.978906 0.309570 0.039062 0.033203
11 0.976562 0.348633 0.043750 0.029297
11 0.976562 0.382812 0.043750 0.027344
11 0.975000 0.417969 0.046875 0.027344
0 0.602344 0.546875 0.023438 0.101562
0 0.618750 0.547852 0.021875 0.099609
0 0.767188 0.527344 0.015625 0.031250
0 0.656250 0.514648 0.018750 0.048828
0 0.830469 0.531250 0.023438 0.035156
0 0.885938 0.525391 0.012500 0.046875
0 0.950000 0.540039 0.018750 0.044922
0 0.957031 0.534180 0.014063 0.041016
2 0.146094 0.523438 0.132812 0.167969
2 0.260156 0.527344 0.054688 0.050781
2 0.329688 0.536133 0.071875 0.076172
