9 0.440625 0.437500 0.012500 0.035156
9 0.825000 0.414062 0.012500 0.039062
9 0.872656 0.471680 0.007812 0.025391
9 0.916406 0.469727 0.007812 0.013672
9 0.866406 0.489258 0.007812 0.009766
9 0.395313 0.485352 0.009375 0.025391
9 0.169531 0.493164 0.007812 0.021484
11 0.442969 0.482422 0.023438 0.027344
11 0.935156 0.388672 0.035937 0.015625
11 0.935156 0.410156 0.035937 0.015625
11 0.826562 0.458984 0.015625 0.019531
11 0.735156 0.478516 0.014063 0.015625
11 0.120313 0.510742 0.025000 0.037109
11 0.117969 0.483398 0.026562 0.009766
11 0.287500 0.489258 0.012500 0.013672
1 0.633594 0.553711 0.020313 0.056641
2 0.660156 0.538086 0.026562 0.025391
2 0.692187 0.535156 0.018750 0.027344
2 0.596094 0.535156 0.014063 0.015625
2 0.718750 0.533203 0.018750 0.023438
0 0.629687 0.524414 0.034375 0.099609
