9 0.974219 0.284180 0.039062 0.150391
9 0.933594 0.287109 0.023438 0.101562
9 0.232031 0.208984 0.039062 0.085938
9 0.296094 0.297852 0.020313 0.021484
0 0.987500 0.468750 0.021875 0.101562
0 0.975781 0.460938 0.026562 0.093750
0 0.921094 0.457031 0.020313 0.085938
0 0.897656 0.443359 0.026562 0.078125
0 0.874219 0.448242 0.035937 0.072266
0 0.853125 0.420898 0.018750 0.041016
0 0.882812 0.421875 0.015625 0.042969
0 0.700000 0.406250 0.015625 0.054688
0 0.714844 0.403320 0.014063 0.048828
0 0.059375 0.422852 0.062500 0.212891
0 0.114844 0.413086 0.060937 0.224609
0 0.028125 0.413086 0.056250 0.228516
0 0.180469 0.416016 0.051562 0.171875
0 0.223438 0.412109 0.034375 0.164062
0 0.247656 0.419922 0.048438 0.179688
0 0.295312 0.441406 0.046875 0.226562
0 0.343750 0.441406 0.037500 0.183594
0 0.366406 0.427734 0.029687 0.144531
0 0.391406 0.418945 0.029687 0.138672
0 0.407813 0.393555 0.015625 0.080078
0 0.415625 0.398438 0.012500 0.042969
0 0.152344 0.393555 0.029687 0.119141
0 0.667188 0.397461 0.021875 0.060547
2 0.456250 0.408203 0.046875 0.097656
2 0.559375 0.478516 0.218750 0.273438
2 0.791406 0.482422 0.182812 0.187500
