0 0.026562 0.532227 0.012500 0.044922
0 0.275000 0.528320 0.012500 0.048828
0 0.293750 0.531250 0.018750 0.062500
0 0.920312 0.512695 0.021875 0.099609
0 0.869531 0.483398 0.017188 0.033203
0 0.889062 0.484375 0.012500 0.035156
0 0.899219 0.484375 0.007812 0.035156
1 0.732812 0.512695 0.012500 0.033203
3 0.689063 0.582031 0.068750 0.128906
2 0.114844 0.680664 0.229687 0.259766
2 0.459375 0.571289 0.140625 0.130859
2 0.937500 0.639648 0.121875 0.306641
2 0.392969 0.529297 0.098437 0.113281
2 0.550000 0.525391 0.059375 0.062500
2 0.567969 0.500977 0.023438 0.025391
2 0.575781 0.492188 0.010937 0.011719
2 0.642969 0.520508 0.057813 0.068359
2 0.660937 0.491211 0.021875 0.025391
2 0.631250 0.493164 0.028125 0.029297
2 0.478906 0.498047 0.039062 0.023438
2 0.613281 0.482422 0.007812 0.007812
2 0.582812 0.488281 0.009375 0.011719
2 0.590625 0.488281 0.009375 0.011719
0 0.692969 0.538086 0.060937 0.134766
0 0.730469 0.494141 0.014063 0.046875
