11 0.498437 0.398438 0.021875 0.035156
0 0.359375 0.490234 0.018750 0.066406
0 0.378906 0.491211 0.017188 0.060547
3 0.301563 0.569336 0.090625 0.201172
2 0.557031 0.495117 0.039062 0.048828
2 0.519531 0.495117 0.051562 0.103516
2 0.629687 0.475586 0.125000 0.115234
2 0.689844 0.499023 0.154688 0.142578
2 0.757031 0.509766 0.123438 0.136719
2 0.785937 0.522461 0.081250 0.146484
2 0.892188 0.510742 0.212500 0.208984
2 0.931250 0.550781 0.134375 0.207031
2 0.450781 0.508789 0.142187 0.154297
0 0.303125 0.512695 0.087500 0.240234
11 0.225000 0.426758 0.009375 0.025391
11 0.273438 0.416992 0.012500 0.013672
