5 0.843750 0.420898 0.309375 0.146484
5 0.635938 0.438477 0.087500 0.056641
5 0.530469 0.445312 0.026562 0.066406
5 0.435156 0.445312 0.170313 0.105469
0 0.667188 0.439453 0.012500 0.039062
0 0.643750 0.463867 0.025000 0.099609
0 0.624219 0.464844 0.017188 0.074219
0 0.603906 0.464844 0.017188 0.074219
0 0.613281 0.453125 0.010937 0.039062
0 0.591406 0.456055 0.010937 0.048828
0 0.580469 0.456055 0.014063 0.048828
0 0.571094 0.455078 0.007812 0.035156
0 0.559375 0.457031 0.009375 0.035156
0 0.550781 0.459961 0.014063 0.041016
0 0.321094 0.477539 0.020313 0.080078
0 0.302344 0.484375 0.017188 0.066406
0 0.170313 0.487305 0.012500 0.048828
0 0.128906 0.488281 0.014063 0.031250
0 0.116406 0.495117 0.017188 0.056641
2 0.950781 0.488281 0.095312 0.113281
2 0.908594 0.444336 0.179688 0.138672
2 0.852344 0.442383 0.145313 0.111328
