0 0.191406 0.542969 0.017188 0.054688
0 0.246094 0.546875 0.020313 0.058594
0 0.271094 0.537109 0.014063 0.035156
0 0.316406 0.527344 0.010937 0.027344
0 0.328906 0.534180 0.010937 0.025391
0 0.850781 0.556641 0.017188 0.058594
0 0.814844 0.558594 0.014063 0.058594
0 0.467969 0.518555 0.004687 0.013672
0 0.475000 0.521484 0.003125 0.015625
0 0.565625 0.539062 0.006250 0.027344
3 0.203906 0.574219 0.076563 0.078125
2 0.132031 0.627930 0.139063 0.173828
2 0.040625 0.620117 0.081250 0.255859
2 0.910156 0.637695 0.176563 0.150391
2 0.661719 0.541016 0.057813 0.070312
2 0.511719 0.533203 0.070312 0.039062
2 0.496875 0.604492 0.121875 0.126953
2 0.407813 0.552734 0.043750 0.058594
2 0.374219 0.559570 0.057813 0.060547
2 0.360156 0.570312 0.048438 0.062500
2 0.299219 0.576172 0.092188 0.078125
2 0.437500 0.531250 0.050000 0.054688
