9 0.371094 0.438477 0.004687 0.017578
11 0.579688 0.422852 0.012500 0.017578
11 0.685937 0.415039 0.009375 0.017578
11 0.685156 0.393555 0.010937 0.017578
11 0.896875 0.365234 0.021875 0.039062
11 0.408594 0.462891 0.004687 0.007812
11 0.425781 0.448242 0.004687 0.009766
11 0.424219 0.436523 0.004687 0.009766
0 0.225781 0.472656 0.017188 0.062500
0 0.268750 0.472656 0.015625 0.046875
2 0.921094 0.545898 0.154688 0.310547
2 0.757812 0.500977 0.153125 0.134766
2 0.672656 0.495117 0.079687 0.087891
2 0.631250 0.482422 0.068750 0.078125
2 0.588281 0.478516 0.048438 0.054688
2 0.558594 0.475586 0.035937 0.041016
2 0.501563 0.475586 0.021875 0.021484
2 0.457031 0.476562 0.048438 0.019531
2 0.399219 0.476562 0.045312 0.019531
2 0.433594 0.475586 0.017188 0.017578
