11 0.600000 0.384766 0.031250 0.015625
11 0.598437 0.353516 0.028125 0.042969
0 0.446875 0.468750 0.018750 0.066406
0 0.457031 0.469727 0.020313 0.068359
0 0.148438 0.467773 0.021875 0.072266
0 0.128125 0.462891 0.025000 0.082031
0 0.029687 0.468750 0.021875 0.085938
2 0.967969 0.467773 0.060937 0.091797
2 0.845313 0.436523 0.087500 0.037109
2 0.766406 0.442383 0.064062 0.017578
2 0.514844 0.477539 0.051562 0.037109
2 0.432812 0.467773 0.025000 0.017578
2 0.307812 0.473633 0.043750 0.041016
2 0.259375 0.475586 0.059375 0.041016
2 0.505469 0.465820 0.039062 0.044922
