5 0.585938 0.499023 0.040625 0.048828
9 0.952344 0.424805 0.017188 0.052734
9 0.953906 0.517578 0.010937 0.027344
9 0.063281 0.518555 0.007812 0.009766
9 0.136719 0.517578 0.007812 0.011719
11 0.084375 0.504883 0.012500 0.017578
0 0.015625 0.557617 0.015625 0.048828
0 0.061719 0.544922 0.010937 0.035156
0 0.085156 0.548828 0.014063 0.039062
0 0.128906 0.549805 0.007812 0.033203
0 0.137500 0.548828 0.009375 0.035156
0 0.923438 0.549805 0.018750 0.099609
0 0.913281 0.519531 0.010937 0.031250
0 0.695312 0.534180 0.012500 0.037109
0 0.676562 0.535156 0.009375 0.035156
0 0.647656 0.537109 0.010937 0.031250
0 0.659375 0.532227 0.006250 0.029297
0 0.721875 0.528320 0.009375 0.033203
0 0.766406 0.534180 0.010937 0.041016
0 0.345313 0.537109 0.006250 0.019531
0 0.302344 0.545898 0.010937 0.033203
0 0.282813 0.546875 0.012500 0.035156
0 0.212500 0.541992 0.006250 0.025391
0 0.247656 0.543945 0.007812 0.025391
0 0.703125 0.532227 0.009375 0.033203
0 0.189062 0.539062 0.006250 0.027344
0 0.963281 0.530273 0.007812 0.056641
2 0.850781 0.576172 0.151562 0.125000
2 0.616406 0.552734 0.035937 0.058594
2 0.535937 0.582031 0.146875 0.160156
2 0.449219 0.546875 0.054688 0.062500
2 0.411719 0.579102 0.079687 0.087891
2 0.414844 0.558594 0.082812 0.062500
