5 0.331250 0.497070 0.100000 0.107422
9 0.817969 0.469727 0.017188 0.041016
9 0.793750 0.294922 0.028125 0.082031
9 0.528906 0.097656 0.029687 0.078125
9 0.053125 0.457031 0.012500 0.023438
9 0.233594 0.461914 0.007812 0.021484
9 0.250000 0.439453 0.009375 0.027344
9 0.175000 0.458984 0.015625 0.027344
9 0.465625 0.420898 0.009375 0.029297
9 0.490625 0.433594 0.009375 0.023438
11 0.262500 0.457031 0.018750 0.007812
11 0.263281 0.464844 0.020313 0.007812
11 0.271875 0.473633 0.021875 0.009766
11 0.271875 0.483398 0.018750 0.009766
11 0.021875 0.453125 0.031250 0.019531
11 0.015625 0.428711 0.031250 0.025391
11 0.460938 0.444336 0.009375 0.013672
11 0.471875 0.445312 0.012500 0.015625
11 0.614844 0.471680 0.020313 0.005859
11 0.617969 0.461914 0.017188 0.009766
11 0.617969 0.451172 0.017188 0.007812
11 0.732031 0.404297 0.020313 0.031250
0 0.189844 0.519531 0.017188 0.050781
0 0.139063 0.514648 0.015625 0.072266
0 0.133594 0.524414 0.020313 0.068359
0 0.094531 0.526367 0.020313 0.076172
0 0.071875 0.523438 0.025000 0.085938
0 0.864844 0.510742 0.032813 0.126953
1 0.905469 0.523438 0.070312 0.070312
3 0.308594 0.557617 0.060937 0.107422
2 0.405469 0.498047 0.067187 0.085938
2 0.383594 0.514648 0.098437 0.087891
2 0.475781 0.525391 0.082812 0.093750
2 0.616406 0.527344 0.232813 0.105469
2 0.610938 0.637695 0.262500 0.271484
0 0.312500 0.542969 0.046875 0.117188
