9 0.783594 0.253906 0.026562 0.078125
9 0.797656 0.335938 0.026562 0.031250
9 0.483594 0.281250 0.017188 0.062500
9 0.478125 0.349609 0.021875 0.027344
11 0.791406 0.307617 0.029687 0.017578
11 0.850000 0.316406 0.053125 0.015625
11 0.411719 0.367188 0.014063 0.023438
0 0.958594 0.480469 0.064062 0.246094
0 0.912500 0.476562 0.043750 0.257812
0 0.871094 0.476562 0.089063 0.335938
0 0.589063 0.457031 0.031250 0.125000
0 0.551562 0.455078 0.043750 0.117188
0 0.550000 0.449219 0.021875 0.125000
0 0.450000 0.448242 0.025000 0.095703
2 0.378906 0.456055 0.054688 0.052734
2 0.300781 0.448242 0.014063 0.013672
2 0.328125 0.448242 0.006250 0.005859
2 0.332813 0.448242 0.006250 0.005859
2 0.030469 0.453125 0.060937 0.070312
10 0.457813 0.468750 0.015625 0.054688
