11 0.875781 0.379883 0.014063 0.017578
3 0.024219 0.606445 0.048438 0.138672
2 0.775000 0.500977 0.106250 0.095703
2 0.705469 0.486328 0.057813 0.054688
2 0.453125 0.496094 0.018750 0.054688
2 0.410156 0.490234 0.070312 0.085938
2 0.361719 0.504883 0.095312 0.091797
2 0.303125 0.484375 0.043750 0.058594
2 0.537500 0.476562 0.034375 0.027344
2 0.558594 0.476562 0.014063 0.019531
2 0.570312 0.477539 0.009375 0.009766
2 0.670312 0.479492 0.028125 0.033203
2 0.651563 0.477539 0.018750 0.021484
2 0.636719 0.476562 0.010937 0.019531
2 0.612500 0.477539 0.012500 0.009766
2 0.628125 0.476562 0.006250 0.015625
2 0.621875 0.476562 0.006250 0.011719
