9 0.675781 0.411133 0.007812 0.025391
9 0.679688 0.436523 0.009375 0.017578
9 0.607812 0.410156 0.006250 0.015625
9 0.602344 0.439453 0.007812 0.007812
9 0.477344 0.430664 0.004687 0.009766
9 0.382031 0.400391 0.007812 0.023438
9 0.378906 0.427734 0.007812 0.007812
9 0.303125 0.383789 0.009375 0.029297
9 0.339062 0.392578 0.009375 0.027344
11 0.612500 0.430664 0.018750 0.005859
11 0.248438 0.396484 0.012500 0.023438
11 0.339844 0.410156 0.017188 0.007812
2 0.553906 0.475586 0.064062 0.072266
2 0.519531 0.478516 0.020313 0.042969
2 0.504687 0.475586 0.015625 0.017578
2 0.492969 0.462891 0.014063 0.019531
2 0.460156 0.478516 0.051562 0.054688
2 0.431250 0.472656 0.018750 0.023438
2 0.325000 0.490234 0.068750 0.105469
2 0.249219 0.496094 0.151562 0.152344
2 0.119531 0.545898 0.239063 0.208984
0 0.871875 0.502930 0.018750 0.103516
