9 0.406250 0.331055 0.012500 0.041016
9 0.385937 0.323242 0.015625 0.052734
9 0.290625 0.329102 0.009375 0.025391
9 0.360938 0.317383 0.009375 0.029297
0 0.275000 0.391602 0.012500 0.044922
0 0.292187 0.395508 0.015625 0.060547
0 0.317188 0.403320 0.015625 0.033203
0 0.331250 0.400391 0.018750 0.058594
0 0.356250 0.401367 0.015625 0.056641
0 0.790625 0.413086 0.009375 0.017578
0 0.799219 0.414062 0.007812 0.015625
7 0.671094 0.352539 0.117188 0.107422
2 0.401562 0.402344 0.050000 0.039062
2 0.544531 0.593750 0.398438 0.429688
2 0.725781 0.450195 0.095312 0.095703
2 0.794531 0.503906 0.151562 0.164062
2 0.908594 0.560547 0.179688 0.371094
