11 0.303906 0.436523 0.020313 0.029297
11 0.532031 0.492188 0.007812 0.011719
11 0.531250 0.481445 0.009375 0.009766
0 0.329688 0.502930 0.012500 0.048828
0 0.416406 0.498047 0.007812 0.031250
0 0.425781 0.500000 0.007812 0.027344
0 0.442969 0.497070 0.004687 0.017578
0 0.448437 0.497070 0.006250 0.017578
0 0.460156 0.497070 0.004687 0.013672
0 0.454688 0.498047 0.003125 0.011719
2 0.059375 0.521484 0.118750 0.101562
2 0.210938 0.543945 0.228125 0.193359
2 0.484375 0.506836 0.021875 0.021484
10 0.827344 0.569336 0.020313 0.134766
