11 0.301563 0.449219 0.009375 0.019531
11 0.350000 0.445312 0.006250 0.007812
11 0.485156 0.424805 0.014063 0.021484
0 0.370312 0.489258 0.009375 0.033203
0 0.396875 0.489258 0.012500 0.048828
0 0.411719 0.490234 0.010937 0.039062
2 0.460156 0.495117 0.032813 0.021484
2 0.436719 0.490234 0.029687 0.019531
2 0.418750 0.490234 0.031250 0.023438
2 0.384375 0.489258 0.046875 0.029297
2 0.353125 0.488281 0.043750 0.027344
2 0.332031 0.490234 0.035937 0.023438
2 0.549219 0.491211 0.020313 0.025391
2 0.521875 0.490234 0.046875 0.027344
2 0.583594 0.493164 0.042188 0.048828
2 0.632031 0.485352 0.060937 0.095703
2 0.681250 0.485352 0.093750 0.103516
2 0.749219 0.490234 0.101562 0.132812
2 0.846875 0.496094 0.193750 0.156250
2 0.906250 0.519531 0.165625 0.160156
2 0.981250 0.523438 0.034375 0.199219
1 0.396875 0.502930 0.012500 0.033203
11 0.482812 0.491211 0.006250 0.009766
