0 0.143750 0.429688 0.031250 0.113281
0 0.209375 0.431641 0.034375 0.117188
0 0.287500 0.422852 0.015625 0.052734
0 0.332813 0.421875 0.015625 0.046875
0 0.553906 0.451172 0.039062 0.156250
0 0.597656 0.459961 0.032813 0.150391
0 0.762500 0.482422 0.034375 0.167969
0 0.701562 0.465820 0.040625 0.130859
0 0.729688 0.448242 0.018750 0.080078
0 0.630469 0.429688 0.039062 0.082031
0 0.673438 0.452148 0.018750 0.111328
0 0.808594 0.418945 0.023438 0.037109
0 0.370312 0.399414 0.012500 0.013672
0 0.783594 0.438477 0.020313 0.056641
2 0.877344 0.545898 0.242188 0.271484
2 0.392188 0.441406 0.087500 0.074219
2 0.432031 0.427734 0.048438 0.054688
2 0.460938 0.413086 0.021875 0.029297
2 0.475000 0.399414 0.015625 0.021484
2 0.512500 0.399414 0.021875 0.017578
2 0.527344 0.425781 0.029687 0.042969
2 0.584375 0.428711 0.025000 0.037109
2 0.575000 0.416016 0.021875 0.023438
