5 0.857812 0.583984 0.281250 0.402344
9 0.641406 0.508789 0.007812 0.021484
9 0.698438 0.452148 0.012500 0.041016
11 0.345313 0.479492 0.025000 0.029297
11 0.706250 0.488281 0.018750 0.031250
0 0.561719 0.537109 0.004687 0.019531
0 0.528906 0.539062 0.014063 0.031250
0 0.513281 0.529297 0.010937 0.019531
0 0.625000 0.540039 0.009375 0.025391
7 0.337500 0.552734 0.109375 0.140625
7 0.241406 0.522461 0.098437 0.103516
2 0.429688 0.750000 0.321875 0.332031
2 0.457813 0.574219 0.150000 0.054688
2 0.495312 0.556641 0.084375 0.042969
2 0.683594 0.597656 0.076563 0.101562
0 0.575781 0.549805 0.014063 0.052734
