9 0.924219 0.431641 0.023438 0.027344
11 0.909375 0.272461 0.037500 0.017578
11 0.910937 0.216797 0.068750 0.093750
11 0.632812 0.362305 0.028125 0.044922
11 0.153906 0.368164 0.032813 0.037109
0 0.017969 0.493164 0.035937 0.150391
7 0.282031 0.453125 0.082812 0.093750
2 0.553125 0.489258 0.046875 0.052734
2 0.535937 0.478516 0.056250 0.058594
2 0.502344 0.472656 0.032813 0.046875
2 0.500781 0.464844 0.042188 0.046875
2 0.462500 0.463867 0.034375 0.029297
2 0.379688 0.459961 0.025000 0.025391
2 0.357031 0.461914 0.017188 0.033203
2 0.345313 0.465820 0.025000 0.037109
2 0.329688 0.468750 0.018750 0.035156
2 0.317969 0.473633 0.023438 0.037109
2 0.257812 0.479492 0.059375 0.056641
10 0.032031 0.518555 0.010937 0.029297
