9 0.817187 0.317383 0.018750 0.076172
9 0.651563 0.411133 0.018750 0.021484
9 0.650781 0.350586 0.017188 0.052734
9 0.400000 0.231445 0.018750 0.056641
11 0.635156 0.272461 0.045312 0.021484
11 0.448437 0.222656 0.031250 0.035156
11 0.655469 0.390625 0.032813 0.019531
0 0.796875 0.486328 0.031250 0.125000
0 0.749219 0.495117 0.029687 0.107422
0 0.693750 0.496094 0.028125 0.109375
2 0.513281 0.466797 0.007812 0.007812
2 0.509375 0.473633 0.006250 0.005859
2 0.498437 0.474609 0.006250 0.007812
2 0.475781 0.473633 0.010937 0.009766
2 0.461719 0.473633 0.007812 0.005859
2 0.500000 0.469727 0.006250 0.005859
2 0.356250 0.536133 0.268750 0.130859
2 0.010156 0.533203 0.020313 0.082031
