9 0.896875 0.256836 0.018750 0.068359
9 0.900000 0.325195 0.018750 0.025391
9 0.657813 0.309570 0.015625 0.048828
9 0.660156 0.364258 0.014063 0.021484
9 0.410938 0.201172 0.015625 0.054688
9 0.223438 0.217773 0.018750 0.048828
11 0.671094 0.348633 0.035937 0.009766
11 0.253906 0.198242 0.029687 0.041016
11 0.649219 0.236328 0.060937 0.035156
0 0.957812 0.422852 0.043750 0.138672
0 0.925781 0.424805 0.032813 0.138672
2 0.062500 0.463867 0.087500 0.068359
2 0.431250 0.433594 0.015625 0.019531
2 0.892188 0.416016 0.212500 0.152344
2 0.488281 0.428711 0.020313 0.021484
2 0.470313 0.429688 0.015625 0.015625
