9 0.502344 0.207031 0.010937 0.046875
9 0.740625 0.340820 0.012500 0.048828
9 0.741406 0.399414 0.014063 0.017578
9 0.721875 0.346680 0.012500 0.037109
11 0.730469 0.377930 0.032813 0.013672
11 0.957031 0.187500 0.082812 0.125000
11 0.943750 0.128906 0.109375 0.050781
11 0.636719 0.415039 0.014063 0.017578
0 0.916406 0.488281 0.039062 0.132812
0 0.800000 0.480469 0.037500 0.097656
1 0.766406 0.509766 0.039062 0.066406
2 0.852344 0.450195 0.101562 0.044922
2 0.241406 0.481445 0.079687 0.068359
2 0.445312 0.520508 0.343750 0.376953
0 0.764844 0.484375 0.029687 0.105469
