9 0.091406 0.434570 0.007812 0.029297
9 0.185938 0.354492 0.009375 0.029297
9 0.205469 0.370117 0.007812 0.025391
9 0.228906 0.441406 0.007812 0.023438
9 0.314844 0.443359 0.007812 0.027344
9 0.337500 0.334961 0.018750 0.060547
9 0.772656 0.417969 0.017188 0.058594
9 0.653125 0.384766 0.009375 0.027344
9 0.879687 0.346680 0.009375 0.033203
9 0.900781 0.336914 0.007812 0.029297
9 0.254688 0.408203 0.012500 0.039062
11 0.617969 0.460938 0.007812 0.011719
11 0.474219 0.459961 0.007812 0.013672
0 0.760938 0.521484 0.018750 0.058594
2 0.507812 0.478516 0.018750 0.015625
2 0.510938 0.468750 0.009375 0.007812
