5 0.566406 0.384766 0.029687 0.046875
9 0.269531 0.255859 0.023438 0.093750
9 0.412500 0.309570 0.018750 0.037109
9 0.712500 0.286133 0.018750 0.091797
9 0.682031 0.303711 0.017188 0.080078
9 0.246094 0.289062 0.023438 0.031250
9 0.178906 0.271484 0.017188 0.066406
9 0.477344 0.340820 0.010937 0.025391
11 0.405469 0.333984 0.007812 0.015625
11 0.898438 0.354492 0.012500 0.017578
0 0.232031 0.412109 0.029687 0.132812
0 0.255469 0.410156 0.029687 0.140625
0 0.278125 0.371094 0.021875 0.058594
0 0.846875 0.436523 0.012500 0.044922
0 0.621875 0.436523 0.025000 0.115234
7 0.677344 0.402344 0.051562 0.097656
3 0.290625 0.451172 0.068750 0.125000
2 0.598437 0.422852 0.025000 0.033203
2 0.560937 0.420898 0.037500 0.044922
0 0.300781 0.387695 0.042188 0.091797
10 0.971875 0.470703 0.012500 0.042969
