3 0.801562 0.571289 0.143750 0.169922
1 0.602344 0.530273 0.042188 0.091797
1 0.552344 0.516602 0.045312 0.095703
2 0.167187 0.522461 0.200000 0.146484
2 0.296875 0.489258 0.103125 0.107422
2 0.379688 0.480469 0.065625 0.054688
2 0.407813 0.469727 0.046875 0.056641
2 0.442188 0.468750 0.028125 0.039062
2 0.450781 0.462891 0.032813 0.039062
2 0.470313 0.463867 0.009375 0.025391
2 0.488281 0.461914 0.017188 0.017578
2 0.902344 0.671875 0.192188 0.316406
2 0.739844 0.537109 0.145313 0.144531
2 0.681250 0.500000 0.109375 0.128906
2 0.628906 0.488281 0.029687 0.058594
2 0.582812 0.474609 0.015625 0.039062
0 0.553906 0.486328 0.042188 0.125000
0 0.602344 0.495117 0.039062 0.119141
