9 0.052344 0.027344 0.026562 0.054688
9 0.115625 0.296875 0.012500 0.042969
9 0.310156 0.316406 0.020313 0.062500
9 0.303125 0.384766 0.018750 0.023438
9 0.901563 0.364258 0.015625 0.052734
9 0.907031 0.423828 0.017188 0.023438
11 0.917969 0.406250 0.042188 0.015625
0 0.499219 0.479492 0.035937 0.095703
2 0.399219 0.481445 0.057813 0.052734
2 0.591406 0.481445 0.039062 0.037109
2 0.567187 0.477539 0.025000 0.029297
2 0.542969 0.476562 0.020313 0.019531
2 0.519531 0.475586 0.020313 0.021484
2 0.426563 0.478516 0.012500 0.039062
2 0.433594 0.467773 0.010937 0.025391
2 0.489063 0.466797 0.012500 0.023438
