11 0.791406 0.352539 0.026562 0.044922
11 0.791406 0.390625 0.032813 0.031250
11 0.766406 0.368164 0.020313 0.041016
0 0.603906 0.485352 0.026562 0.103516
2 0.886719 0.455078 0.039062 0.023438
2 0.075781 0.469727 0.076563 0.072266
2 0.238281 0.462891 0.126562 0.054688
2 0.321094 0.462891 0.073438 0.031250
2 0.338281 0.458984 0.085938 0.039062
2 0.496094 0.459961 0.051562 0.025391
2 0.458594 0.458008 0.045312 0.021484
2 0.661719 0.464844 0.089063 0.046875
2 0.718750 0.465820 0.034375 0.041016
2 0.735156 0.463867 0.057813 0.041016
2 0.775000 0.458008 0.056250 0.033203
2 0.807031 0.458984 0.054688 0.035156
0 0.900000 0.488281 0.018750 0.042969
