1 0.375000 0.501953 0.021875 0.050781
2 0.974219 0.880859 0.048438 0.234375
2 0.759375 0.592773 0.225000 0.189453
2 0.671875 0.541016 0.128125 0.121094
2 0.644531 0.498047 0.107813 0.097656
2 0.593750 0.489258 0.043750 0.072266
2 0.572656 0.471680 0.032813 0.052734
2 0.560937 0.461914 0.043750 0.048828
2 0.539062 0.448242 0.028125 0.033203
2 0.527344 0.440430 0.020313 0.029297
2 0.500000 0.431641 0.015625 0.019531
2 0.489063 0.427734 0.006250 0.011719
2 0.452344 0.440430 0.014063 0.017578
2 0.463281 0.434570 0.010937 0.013672
2 0.470313 0.431641 0.009375 0.011719
2 0.477344 0.429688 0.007812 0.011719
2 0.483594 0.428711 0.004687 0.009766
2 0.414062 0.459961 0.037500 0.041016
2 0.282031 0.500000 0.082812 0.093750
2 0.214844 0.528320 0.126562 0.107422
2 0.341406 0.448242 0.032813 0.029297
2 0.347656 0.441406 0.039062 0.027344
2 0.438281 0.434570 0.017188 0.017578
2 0.418750 0.432617 0.015625 0.013672
2 0.396875 0.434570 0.028125 0.017578
2 0.295312 0.433594 0.065625 0.039062
2 0.222656 0.466797 0.067187 0.031250
2 0.170313 0.475586 0.050000 0.083984
0 0.375000 0.481445 0.021875 0.080078
0 0.385937 0.455078 0.009375 0.035156
