9 0.706250 0.369141 0.021875 0.062500
9 0.696875 0.432617 0.018750 0.017578
9 0.385937 0.450195 0.006250 0.017578
9 0.585938 0.459961 0.006250 0.013672
11 0.707031 0.410156 0.045312 0.019531
0 0.867969 0.518555 0.017188 0.095703
0 0.839844 0.514648 0.023438 0.095703
0 0.628125 0.514648 0.028125 0.083984
0 0.241406 0.489258 0.014063 0.052734
0 0.414844 0.486328 0.007812 0.019531
0 0.336719 0.481445 0.010937 0.017578
0 0.371094 0.482422 0.007812 0.019531
0 0.703125 0.483398 0.012500 0.041016
0 0.022656 0.475586 0.026562 0.044922
0 0.050781 0.495117 0.023438 0.076172
0 0.066406 0.489258 0.017188 0.072266
0 0.091406 0.492188 0.014063 0.066406
0 0.289844 0.481445 0.010937 0.029297
2 0.496094 0.496094 0.017188 0.015625
2 0.519531 0.496094 0.017188 0.019531
2 0.533594 0.491211 0.014063 0.017578
2 0.555469 0.499023 0.023438 0.025391
1 0.157031 0.517578 0.020313 0.035156
0 0.421094 0.488281 0.007812 0.019531
11 0.033594 0.404297 0.035937 0.015625
9 0.034375 0.362305 0.015625 0.056641
9 0.038281 0.424805 0.020313 0.021484
