0 0.775781 0.495117 0.048438 0.134766
0 0.344531 0.475586 0.020313 0.052734
0 0.401562 0.466797 0.006250 0.027344
2 0.917188 0.511719 0.162500 0.078125
2 0.850781 0.508789 0.126562 0.072266
2 0.782031 0.492188 0.154688 0.054688
2 0.670312 0.488281 0.112500 0.050781
2 0.626563 0.470703 0.134375 0.054688
2 0.540625 0.481445 0.056250 0.044922
2 0.540625 0.468750 0.071875 0.031250
2 0.294531 0.466797 0.020313 0.019531
2 0.320312 0.467773 0.015625 0.013672
2 0.222656 0.464844 0.014063 0.019531
2 0.203906 0.466797 0.035937 0.031250
2 0.142969 0.475586 0.048438 0.044922
2 0.174219 0.466797 0.023438 0.027344
2 0.100000 0.474609 0.043750 0.042969
2 0.050781 0.471680 0.073438 0.060547
