5 0.484375 0.526367 0.025000 0.041016
11 0.617969 0.481445 0.017188 0.025391
11 0.618750 0.452148 0.021875 0.029297
0 0.528906 0.542969 0.014063 0.042969
0 0.625781 0.567383 0.023438 0.091797
0 0.653906 0.568359 0.020313 0.082031
0 0.602344 0.558594 0.017188 0.085938
0 0.678906 0.528320 0.014063 0.044922
0 0.707031 0.565430 0.017188 0.083984
0 0.736719 0.568359 0.020313 0.074219
0 0.821875 0.571289 0.021875 0.083984
0 0.918750 0.582031 0.018750 0.101562
0 0.946094 0.619141 0.048438 0.128906
2 0.304688 0.571289 0.050000 0.083984
2 0.220312 0.589844 0.121875 0.121094
2 0.399219 0.580078 0.139063 0.160156
