11 0.751563 0.433594 0.021875 0.027344
11 0.750000 0.394531 0.040625 0.046875
11 0.024219 0.395508 0.017188 0.033203
2 0.041406 0.521484 0.082812 0.128906
2 0.110156 0.504883 0.107813 0.099609
2 0.182031 0.497070 0.079687 0.080078
2 0.226562 0.473633 0.031250 0.029297
2 0.267969 0.469727 0.035937 0.025391
2 0.310156 0.481445 0.045312 0.041016
2 0.335156 0.479492 0.023438 0.033203
2 0.353125 0.476562 0.025000 0.031250
2 0.366406 0.473633 0.023438 0.029297
2 0.382031 0.472656 0.020313 0.023438
2 0.396875 0.471680 0.015625 0.017578
2 0.412500 0.468750 0.021875 0.019531
2 0.425000 0.468750 0.009375 0.011719
2 0.667188 0.500000 0.106250 0.093750
2 0.630469 0.481445 0.079687 0.083984
2 0.517969 0.472656 0.032813 0.027344
2 0.467187 0.467773 0.015625 0.009766
2 0.444531 0.467773 0.017188 0.013672
2 0.432031 0.467773 0.007812 0.013672
2 0.482031 0.468750 0.014063 0.007812
2 0.495312 0.466797 0.015625 0.011719
2 0.560156 0.468750 0.023438 0.027344
2 0.589844 0.467773 0.035937 0.041016
2 0.967969 0.467773 0.060937 0.056641
2 0.950781 0.462891 0.095312 0.058594
2 0.891406 0.462891 0.117188 0.054688
2 0.868750 0.458008 0.134375 0.056641
2 0.841406 0.453125 0.123438 0.062500
2 0.800000 0.452148 0.090625 0.056641
2 0.739844 0.462891 0.023438 0.031250
