11 0.472656 0.415039 0.010937 0.013672
11 0.472656 0.423828 0.007812 0.003906
0 0.457813 0.443359 0.009375 0.015625
0 0.471875 0.443359 0.009375 0.015625
0 0.603906 0.488281 0.023438 0.093750
0 0.783594 0.612305 0.079687 0.193359
1 0.525781 0.460938 0.010937 0.019531
1 0.540625 0.520508 0.031250 0.068359
2 0.132812 0.624023 0.265625 0.228516
2 0.280469 0.555664 0.129688 0.154297
2 0.357031 0.513672 0.120313 0.132812
2 0.423438 0.495117 0.037500 0.072266
2 0.444531 0.487305 0.045312 0.064453
2 0.464062 0.476562 0.037500 0.050781
2 0.502344 0.457031 0.029687 0.031250
2 0.567187 0.452148 0.015625 0.017578
2 0.580469 0.462891 0.029687 0.031250
2 0.623437 0.463867 0.025000 0.033203
2 0.966406 0.678711 0.064062 0.193359
2 0.886719 0.603516 0.223438 0.242188
2 0.751563 0.534180 0.078125 0.091797
2 0.714063 0.514648 0.075000 0.072266
2 0.685937 0.500977 0.068750 0.064453
2 0.667188 0.480469 0.053125 0.042969
2 0.832031 0.482422 0.154688 0.054688
0 0.540625 0.488281 0.031250 0.093750
78 0.603125 0.541992 0.012500 0.013672
