11 0.735938 0.306641 0.025000 0.042969
11 0.944531 0.289062 0.020313 0.042969
0 0.804688 0.447266 0.025000 0.093750
0 0.779687 0.446289 0.031250 0.095703
0 0.757031 0.449219 0.023438 0.078125
1 0.527344 0.449219 0.014063 0.031250
2 0.585938 0.450195 0.056250 0.052734
2 0.490625 0.423828 0.015625 0.015625
2 0.466406 0.415039 0.010937 0.009766
2 0.458594 0.423828 0.010937 0.011719
2 0.439844 0.417969 0.010937 0.011719
2 0.390625 0.437500 0.025000 0.023438
2 0.111719 0.462891 0.114062 0.058594
2 0.407031 0.417969 0.017188 0.015625
0 0.526563 0.438477 0.015625 0.044922
