1 0.240625 0.689453 0.071875 0.175781
1 0.482031 0.482422 0.014063 0.035156
2 0.818750 0.587891 0.243750 0.222656
2 0.688281 0.516602 0.089063 0.076172
2 0.639844 0.501953 0.064062 0.070312
2 0.638281 0.484375 0.064062 0.062500
2 0.606250 0.484375 0.031250 0.046875
78 0.703906 0.442383 0.039062 0.033203
2 0.678906 0.441406 0.017188 0.023438
2 0.592969 0.457031 0.026562 0.027344
2 0.606250 0.447266 0.025000 0.027344
2 0.628906 0.432617 0.014063 0.025391
2 0.182031 0.572266 0.195312 0.156250
2 0.277344 0.534180 0.110937 0.115234
2 0.362500 0.494141 0.071875 0.082031
2 0.389062 0.481445 0.053125 0.072266
2 0.417969 0.475586 0.026562 0.060547
2 0.424219 0.466797 0.045312 0.058594
2 0.458594 0.468750 0.035937 0.046875
2 0.482812 0.453125 0.031250 0.031250
2 0.504687 0.450195 0.021875 0.025391
2 0.512500 0.446289 0.021875 0.029297
2 0.525781 0.447266 0.010937 0.023438
2 0.534375 0.445312 0.015625 0.019531
2 0.539844 0.444336 0.010937 0.017578
2 0.566406 0.441406 0.023438 0.019531
2 0.548438 0.442383 0.012500 0.017578
0 0.959375 0.754883 0.078125 0.466797
0 0.235937 0.609375 0.087500 0.230469
0 0.483594 0.469727 0.017188 0.048828
78 0.972656 0.973633 0.051562 0.048828
