9 0.620313 0.374023 0.006250 0.009766
9 0.632812 0.368164 0.006250 0.021484
9 0.460156 0.347656 0.004687 0.019531
0 0.967187 0.450195 0.028125 0.091797
0 0.896875 0.462891 0.028125 0.113281
0 0.833594 0.433594 0.020313 0.074219
0 0.802344 0.430664 0.014063 0.064453
0 0.789062 0.436523 0.018750 0.068359
0 0.746875 0.420898 0.015625 0.044922
0 0.732031 0.420898 0.014063 0.048828
0 0.721875 0.416992 0.012500 0.041016
0 0.699219 0.416992 0.010937 0.044922
0 0.689844 0.417969 0.010937 0.046875
0 0.682813 0.416016 0.009375 0.042969
0 0.652344 0.415039 0.010937 0.033203
0 0.596875 0.403320 0.006250 0.017578
0 0.412500 0.402344 0.012500 0.046875
0 0.436719 0.394531 0.007812 0.027344
0 0.397656 0.398438 0.014063 0.054688
0 0.376563 0.408203 0.021875 0.082031
0 0.337500 0.409180 0.021875 0.087891
0 0.308594 0.403320 0.023438 0.087891
0 0.274219 0.397461 0.023438 0.080078
0 0.235156 0.416992 0.029687 0.130859
0 0.196094 0.412109 0.023438 0.113281
0 0.054688 0.415039 0.028125 0.123047
3 0.529687 0.444336 0.031250 0.068359
2 0.547656 0.403320 0.017188 0.017578
2 0.491406 0.399414 0.054688 0.033203
2 0.532031 0.397461 0.014063 0.021484
