9 0.599219 0.329102 0.014063 0.060547
9 0.471875 0.333008 0.012500 0.033203
9 0.462500 0.333984 0.006250 0.035156
9 0.675000 0.334961 0.009375 0.056641
11 0.267969 0.279297 0.017188 0.023438
11 0.267969 0.342773 0.017188 0.021484
11 0.288281 0.316406 0.020313 0.015625
11 0.288281 0.299805 0.020313 0.017578
11 0.284375 0.274414 0.015625 0.033203
11 0.375781 0.352539 0.007812 0.009766
11 0.375000 0.342773 0.015625 0.005859
7 0.592187 0.386719 0.240625 0.125000
2 0.770312 0.462891 0.143750 0.144531
2 0.555469 0.490234 0.179688 0.218750
2 0.503125 0.384766 0.103125 0.035156
2 0.307812 0.606445 0.615625 0.447266
