9 0.803906 0.176758 0.045312 0.173828
9 0.809375 0.587891 0.031250 0.093750
9 0.771875 0.493164 0.040625 0.068359
9 0.846875 0.494141 0.043750 0.070312
11 0.809375 0.383789 0.112500 0.134766
11 0.700000 0.437500 0.059375 0.074219
11 0.700000 0.543945 0.059375 0.072266
0 0.992188 0.569336 0.012500 0.048828
0 0.964844 0.578125 0.020313 0.074219
0 0.863281 0.571289 0.010937 0.068359
0 0.877344 0.578125 0.017188 0.066406
0 0.893750 0.583984 0.018750 0.074219
0 0.911719 0.584961 0.020313 0.056641
0 0.928125 0.578125 0.025000 0.074219
0 0.778125 0.594727 0.031250 0.087891
0 0.786719 0.559570 0.017188 0.037109
0 0.750000 0.589844 0.028125 0.078125
0 0.728125 0.582031 0.021875 0.074219
0 0.743750 0.561523 0.018750 0.041016
0 0.665625 0.586914 0.018750 0.060547
0 0.516406 0.557617 0.010937 0.029297
0 0.528906 0.562500 0.010937 0.023438
0 0.592187 0.565430 0.012500 0.025391
0 0.604688 0.563477 0.012500 0.025391
0 0.421094 0.556641 0.010937 0.023438
0 0.409375 0.553711 0.012500 0.033203
0 0.341406 0.555664 0.007812 0.021484
0 0.330469 0.559570 0.007812 0.021484
0 0.253906 0.567383 0.014063 0.052734
0 0.221094 0.566406 0.026562 0.054688
0 0.180469 0.568359 0.017188 0.058594
0 0.196094 0.567383 0.026562 0.056641
0 0.163281 0.578125 0.020313 0.054688
0 0.133594 0.591797 0.023438 0.078125
0 0.091406 0.597656 0.023438 0.066406
0 0.111719 0.592773 0.020313 0.068359
0 0.048438 0.599609 0.031250 0.093750
0 0.008594 0.582031 0.017188 0.050781
0 0.539844 0.565430 0.010937 0.017578
2 0.492969 0.563477 0.051562 0.037109
2 0.449219 0.557617 0.045312 0.025391
2 0.437500 0.624023 0.115625 0.111328
2 0.356250 0.574219 0.043750 0.042969
2 0.305469 0.575195 0.054688 0.052734
2 0.275000 0.562500 0.021875 0.027344
2 0.043750 0.690430 0.087500 0.185547
2 0.217188 0.690430 0.284375 0.197266
