0 0.166406 0.443359 0.020313 0.046875
0 0.139063 0.439453 0.028125 0.046875
0 0.426563 0.449219 0.006250 0.023438
0 0.421875 0.449219 0.006250 0.023438
0 0.661719 0.459961 0.014063 0.017578
2 0.369531 0.481445 0.079687 0.080078
2 0.246094 0.502930 0.176563 0.138672
2 0.478125 0.451172 0.015625 0.019531
2 0.492969 0.449219 0.010937 0.011719
2 0.466406 0.445312 0.023438 0.015625
2 0.513281 0.449219 0.014063 0.015625
2 0.528125 0.450195 0.009375 0.013672
2 0.640625 0.494141 0.075000 0.070312
2 0.617188 0.480469 0.059375 0.070312
2 0.588281 0.477539 0.020313 0.044922
2 0.575781 0.469727 0.032813 0.037109
2 0.553906 0.453125 0.020313 0.023438
