9 0.692187 0.326172 0.015625 0.058594
9 0.695312 0.380859 0.015625 0.019531
9 0.766406 0.371094 0.014063 0.027344
9 0.760938 0.310547 0.018750 0.062500
9 0.804688 0.309570 0.018750 0.056641
9 0.987500 0.130859 0.021875 0.128906
9 0.364844 0.182617 0.017188 0.052734
9 0.185156 0.171875 0.017188 0.054688
9 0.419531 0.396484 0.004687 0.011719
9 0.386719 0.395508 0.004687 0.013672
11 0.530469 0.258789 0.089063 0.021484
11 0.150000 0.443359 0.025000 0.039062
11 0.535937 0.410156 0.012500 0.015625
11 0.448437 0.410156 0.015625 0.003906
2 0.435937 0.448242 0.021875 0.017578
2 0.405469 0.446289 0.017188 0.013672
