0 0.941406 0.537109 0.114062 0.382812
0 0.715625 0.500977 0.140625 0.349609
0 0.767188 0.504883 0.128125 0.298828
0 0.415625 0.399414 0.009375 0.033203
0 0.222656 0.377930 0.023438 0.041016
0 0.255469 0.361328 0.020313 0.023438
0 0.326562 0.396484 0.009375 0.031250
0 0.335156 0.396484 0.010937 0.035156
0 0.337500 0.398438 0.009375 0.027344
0 0.352344 0.395508 0.010937 0.033203
1 0.833594 0.546875 0.160938 0.160156
2 0.113281 0.393555 0.070312 0.052734
2 0.178125 0.411133 0.075000 0.076172
2 0.256250 0.423828 0.134375 0.105469
2 0.752344 0.436523 0.239063 0.087891
2 0.937500 0.410156 0.121875 0.078125
2 0.493750 0.419922 0.081250 0.074219
2 0.464062 0.406250 0.053125 0.066406
2 0.442969 0.397461 0.023438 0.048828
2 0.432812 0.397461 0.018750 0.044922
2 0.421875 0.403320 0.009375 0.025391
2 0.383594 0.399414 0.023438 0.025391
2 0.342969 0.399414 0.007812 0.021484
2 0.361719 0.398438 0.007812 0.019531
0 0.836719 0.493164 0.089063 0.228516
