9 0.383594 0.451172 0.004687 0.019531
9 0.567187 0.455078 0.006250 0.019531
0 0.096094 0.497070 0.017188 0.060547
0 0.114844 0.486328 0.020313 0.046875
0 0.152344 0.504883 0.020313 0.068359
0 0.207031 0.493164 0.010937 0.025391
0 0.976562 0.538086 0.040625 0.142578
0 0.892969 0.521484 0.029687 0.070312
1 0.567187 0.532227 0.018750 0.044922
2 0.052344 0.561523 0.104688 0.130859
2 0.555469 0.503906 0.017188 0.031250
2 0.509375 0.494141 0.021875 0.023438
2 0.492969 0.489258 0.014063 0.013672
2 0.478906 0.552734 0.126562 0.125000
0 0.565625 0.519531 0.015625 0.058594
10 0.396875 0.507812 0.006250 0.019531
