9 0.628906 0.429688 0.007812 0.019531
9 0.333594 0.425781 0.007812 0.023438
9 0.346875 0.382812 0.012500 0.039062
9 0.317969 0.460938 0.004687 0.015625
9 0.310156 0.488281 0.004687 0.007812
11 0.628906 0.447266 0.010937 0.011719
11 0.482812 0.446289 0.012500 0.017578
11 0.346094 0.426758 0.020313 0.025391
11 0.275000 0.454102 0.009375 0.013672
11 0.203906 0.471680 0.020313 0.037109
11 0.031250 0.384766 0.012500 0.019531
11 0.031250 0.406250 0.012500 0.011719
11 0.784375 0.410156 0.012500 0.015625
11 0.785156 0.423828 0.014063 0.007812
0 0.498437 0.546875 0.037500 0.140625
0 0.795312 0.480469 0.012500 0.042969
0 0.230469 0.509766 0.014063 0.050781
0 0.126562 0.502930 0.015625 0.048828
0 0.407813 0.493164 0.015625 0.044922
3 0.242969 0.510742 0.032813 0.041016
2 0.126562 0.730469 0.253125 0.406250
2 0.652344 0.662109 0.367188 0.425781
2 0.424219 0.500000 0.095312 0.039062
2 0.201563 0.509766 0.056250 0.039062
2 0.097656 0.513672 0.067187 0.039062
2 0.032031 0.500977 0.064062 0.064453
