11 0.321094 0.402344 0.014063 0.007812
11 0.320312 0.409180 0.009375 0.005859
11 0.321094 0.421875 0.014063 0.019531
0 0.339844 0.457031 0.014063 0.031250
0 0.539062 0.472656 0.015625 0.031250
1 0.386719 0.485352 0.023438 0.037109
1 0.356250 0.485352 0.021875 0.037109
1 0.432031 0.532227 0.035937 0.068359
2 0.562500 0.459961 0.018750 0.021484
2 0.532031 0.458008 0.042188 0.017578
2 0.575781 0.535156 0.151562 0.105469
2 0.846094 0.595703 0.304688 0.265625
0 0.436719 0.506836 0.045312 0.103516
10 0.407813 0.512695 0.012500 0.037109
