11 0.543750 0.450195 0.018750 0.009766
11 0.567969 0.449219 0.020313 0.007812
2 0.116406 0.691406 0.232813 0.308594
2 0.444531 0.516602 0.048438 0.048828
2 0.513281 0.507812 0.035937 0.039062
2 0.536719 0.498047 0.023438 0.023438
2 0.580469 0.498047 0.026562 0.027344
2 0.596875 0.489258 0.018750 0.017578
2 0.603125 0.484375 0.015625 0.015625
2 0.614844 0.481445 0.010937 0.009766
2 0.487500 0.494141 0.012500 0.011719
2 0.506250 0.491211 0.012500 0.009766
2 0.550781 0.490234 0.017188 0.015625
2 0.364063 0.506836 0.031250 0.017578
2 0.261719 0.520508 0.029687 0.021484
