11 0.330469 0.494141 0.023438 0.031250
11 0.910156 0.500000 0.010937 0.015625
0 0.388281 0.553711 0.014063 0.033203
0 0.962500 0.568359 0.018750 0.054688
0 0.956250 0.557617 0.012500 0.048828
0 0.870313 0.552734 0.015625 0.027344
0 0.753906 0.555664 0.007812 0.021484
0 0.371875 0.561523 0.015625 0.060547
3 0.342969 0.584961 0.020313 0.029297
3 0.989062 0.604492 0.018750 0.052734
2 0.483594 0.648438 0.201563 0.175781
2 0.620313 0.579102 0.100000 0.107422
2 0.535937 0.544922 0.078125 0.093750
2 0.444531 0.552734 0.085938 0.097656
2 0.902344 0.622070 0.148438 0.126953
2 0.723437 0.547852 0.025000 0.029297
0 0.342969 0.561523 0.017188 0.033203
