5 0.846875 0.419922 0.303125 0.148438
5 0.514844 0.432617 0.073438 0.056641
5 0.636719 0.433594 0.092188 0.062500
5 0.430469 0.452148 0.095312 0.044922
0 0.920312 0.606445 0.156250 0.529297
0 0.692187 0.471680 0.037500 0.123047
0 0.642188 0.457031 0.021875 0.066406
0 0.664844 0.445312 0.010937 0.046875
0 0.617969 0.461914 0.020313 0.068359
0 0.599219 0.462891 0.017188 0.066406
0 0.571875 0.453125 0.009375 0.035156
0 0.584375 0.452148 0.009375 0.037109
0 0.290625 0.468750 0.009375 0.031250
0 0.128125 0.489258 0.015625 0.029297
0 0.362500 0.464844 0.006250 0.019531
0 0.370312 0.463867 0.006250 0.021484
0 0.375000 0.464844 0.006250 0.019531
2 0.977344 0.488281 0.042188 0.117188
2 0.971094 0.424805 0.054688 0.068359
2 0.835938 0.445312 0.053125 0.097656
2 0.503125 0.508789 0.125000 0.115234
10 0.340625 0.477539 0.006250 0.021484
