1 0.828906 0.557617 0.189062 0.150391
1 0.319531 0.545898 0.142187 0.134766
1 0.184375 0.538086 0.043750 0.099609
1 0.228906 0.527344 0.026562 0.078125
1 0.253906 0.518555 0.032813 0.068359
2 0.549219 0.481445 0.076563 0.080078
2 0.509375 0.481445 0.018750 0.052734
2 0.499219 0.478516 0.017188 0.046875
2 0.486719 0.479492 0.007812 0.033203
2 0.042969 0.506836 0.085938 0.123047
2 0.401562 0.472656 0.028125 0.031250
2 0.373437 0.478516 0.043750 0.042969
2 0.332031 0.475586 0.035937 0.037109
2 0.178906 0.479492 0.082812 0.091797
0 0.820312 0.507812 0.093750 0.203125
0 0.311719 0.498047 0.067187 0.191406
0 0.184375 0.498047 0.043750 0.144531
0 0.228906 0.498047 0.026562 0.093750
0 0.254688 0.484375 0.031250 0.105469
9 0.615625 0.331055 0.012500 0.033203
