9 0.748437 0.324219 0.015625 0.046875
9 0.750000 0.376953 0.009375 0.019531
9 0.575781 0.389648 0.014063 0.017578
9 0.573438 0.342773 0.009375 0.033203
9 0.164062 0.356445 0.009375 0.037109
9 0.163281 0.405273 0.010937 0.017578
11 0.585938 0.370117 0.034375 0.005859
11 0.243750 0.374023 0.012500 0.021484
11 0.247656 0.402344 0.007812 0.011719
0 0.604688 0.454102 0.021875 0.060547
2 0.400781 0.430664 0.017188 0.017578
2 0.385937 0.434570 0.018750 0.021484
2 0.361719 0.441406 0.039062 0.031250
2 0.139063 0.514648 0.234375 0.169922
1 0.539844 0.456055 0.039062 0.033203
