5 0.505469 0.391602 0.057813 0.083984
9 0.332031 0.356445 0.004687 0.009766
9 0.332031 0.371094 0.004687 0.011719
9 0.339844 0.371094 0.004687 0.011719
11 0.139063 0.252930 0.034375 0.091797
11 0.133594 0.333008 0.039062 0.056641
11 0.366406 0.358398 0.017188 0.017578
2 0.039844 0.444336 0.079687 0.138672
2 0.158594 0.413086 0.076563 0.056641
2 0.532031 0.405273 0.017188 0.033203
2 0.556250 0.413086 0.037500 0.041016
2 0.593750 0.404297 0.034375 0.019531
2 0.735156 0.458008 0.151562 0.138672
2 0.903125 0.486328 0.134375 0.085938
2 0.793750 0.421875 0.125000 0.105469
2 0.454688 0.406250 0.031250 0.062500
2 0.410156 0.420898 0.092188 0.095703
2 0.350000 0.411133 0.021875 0.041016
2 0.331250 0.413086 0.031250 0.056641
2 0.297656 0.415039 0.067187 0.056641
2 0.249219 0.401367 0.042188 0.044922
2 0.213281 0.404297 0.054688 0.046875
