9 0.225781 0.391602 0.014063 0.037109
9 0.392188 0.442383 0.015625 0.044922
9 0.384375 0.238281 0.025000 0.089844
9 0.801562 0.364258 0.009375 0.025391
9 0.559375 0.368164 0.009375 0.025391
9 0.585938 0.380859 0.006250 0.019531
9 0.530469 0.347656 0.010937 0.035156
9 0.475000 0.406250 0.009375 0.027344
11 0.142969 0.391602 0.035937 0.013672
11 0.142969 0.407227 0.035937 0.009766
11 0.156250 0.421875 0.037500 0.011719
11 0.530469 0.392578 0.014063 0.015625
11 0.560937 0.399414 0.009375 0.009766
11 0.586719 0.400391 0.010937 0.011719
0 0.081250 0.484375 0.015625 0.062500
0 0.357031 0.458984 0.017188 0.046875
0 0.420312 0.451172 0.012500 0.039062
3 0.357812 0.465820 0.034375 0.033203
2 0.895312 0.544922 0.206250 0.269531
2 0.765625 0.443359 0.040625 0.039062
2 0.590625 0.421875 0.012500 0.015625
2 0.603906 0.416992 0.010937 0.009766
2 0.682031 0.463867 0.204687 0.095703
