9 0.683594 0.384766 0.010937 0.042969
9 0.085156 0.377930 0.014063 0.044922
9 0.560937 0.470703 0.003125 0.011719
9 0.409375 0.459961 0.006250 0.017578
11 0.675781 0.442383 0.026562 0.048828
11 0.091406 0.434570 0.020313 0.033203
0 0.235156 0.490234 0.007812 0.027344
0 0.252344 0.492188 0.007812 0.023438
0 0.346875 0.494141 0.006250 0.023438
0 0.359375 0.494141 0.006250 0.023438
0 0.372656 0.493164 0.004687 0.017578
0 0.702344 0.503906 0.017188 0.046875
0 0.803906 0.524414 0.026562 0.087891
0 0.849219 0.524414 0.023438 0.087891
2 0.510938 0.499023 0.018750 0.021484
