9 0.807031 0.278320 0.020313 0.087891
9 0.816406 0.341797 0.010937 0.027344
9 0.538281 0.294922 0.014063 0.058594
9 0.535156 0.355469 0.020313 0.019531
11 0.870313 0.323242 0.050000 0.013672
0 0.667969 0.457031 0.035937 0.132812
0 0.510156 0.449219 0.026562 0.089844
0 0.248438 0.469727 0.050000 0.111328
0 0.282031 0.465820 0.045312 0.119141
0 0.157812 0.459961 0.046875 0.111328
0 0.069531 0.471680 0.045312 0.107422
0 0.100000 0.458008 0.040625 0.119141
0 0.019531 0.465820 0.039062 0.119141
2 0.439844 0.455078 0.051562 0.054688
2 0.113281 0.458984 0.070312 0.062500
10 0.515625 0.469727 0.012500 0.044922
