9 0.915625 0.393555 0.018750 0.025391
9 0.927344 0.344727 0.014063 0.048828
9 0.870313 0.345703 0.015625 0.046875
9 0.621875 0.372070 0.009375 0.033203
9 0.143750 0.375977 0.012500 0.037109
9 0.632812 0.422852 0.015625 0.017578
0 0.929688 0.477539 0.034375 0.123047
0 0.600781 0.464844 0.010937 0.015625
1 0.163281 0.503906 0.039062 0.070312
1 0.201563 0.503906 0.021875 0.058594
2 0.454688 0.482422 0.143750 0.160156
2 0.359375 0.478516 0.040625 0.054688
2 0.328125 0.481445 0.040625 0.076172
2 0.282813 0.490234 0.103125 0.093750
0 0.164844 0.471680 0.042188 0.087891
0 0.200000 0.475586 0.028125 0.064453
