11 0.915625 0.311523 0.068750 0.087891
0 0.943750 0.539062 0.096875 0.324219
2 0.049219 0.528320 0.098437 0.193359
2 0.220312 0.523438 0.262500 0.160156
2 0.331250 0.481445 0.081250 0.052734
2 0.380469 0.481445 0.042188 0.052734
2 0.417187 0.480469 0.053125 0.046875
2 0.497656 0.477539 0.057813 0.044922
2 0.657813 0.478516 0.181250 0.085938
2 0.846875 0.499023 0.128125 0.060547
2 0.822656 0.473633 0.129688 0.056641
2 0.547656 0.473633 0.048438 0.048828
2 0.092188 0.468750 0.084375 0.066406
2 0.441406 0.477539 0.045312 0.044922
