11 0.106250 0.379883 0.046875 0.017578
11 0.106250 0.361328 0.018750 0.015625
0 0.255469 0.477539 0.017188 0.068359
0 0.269531 0.478516 0.014063 0.062500
0 0.280469 0.478516 0.023438 0.070312
0 0.781250 0.495117 0.028125 0.087891
0 0.414062 0.444336 0.006250 0.017578
0 0.400000 0.445312 0.006250 0.019531
0 0.470313 0.444336 0.006250 0.013672
0 0.464844 0.444336 0.007812 0.013672
2 0.250781 0.432617 0.048438 0.021484
2 0.675000 0.508789 0.090625 0.091797
2 0.621875 0.483398 0.059375 0.056641
2 0.603125 0.478516 0.040625 0.050781
2 0.587500 0.471680 0.015625 0.037109
2 0.581250 0.469727 0.018750 0.033203
2 0.573438 0.462891 0.025000 0.031250
2 0.550000 0.453125 0.025000 0.023438
2 0.536719 0.450195 0.014063 0.021484
2 0.531250 0.448242 0.006250 0.017578
2 0.525000 0.444336 0.009375 0.013672
2 0.518750 0.443359 0.006250 0.011719
2 0.441406 0.457031 0.035937 0.042969
2 0.501563 0.448242 0.021875 0.021484
2 0.491406 0.443359 0.007812 0.007812
2 0.484375 0.442383 0.006250 0.005859
0 0.307031 0.480469 0.029687 0.082031
10 0.409375 0.456055 0.006250 0.013672
78 0.307812 0.525391 0.015625 0.007812
