9 0.181250 0.400391 0.018750 0.054688
9 0.651563 0.387695 0.018750 0.056641
9 0.946875 0.418945 0.018750 0.060547
9 0.714844 0.461914 0.007812 0.025391
9 0.960156 0.545898 0.010937 0.029297
9 0.023438 0.435547 0.009375 0.031250
11 0.648438 0.445312 0.031250 0.039062
11 0.958594 0.467773 0.029687 0.037109
11 0.982031 0.426758 0.020313 0.029297
11 0.983594 0.456055 0.017188 0.029297
11 0.984375 0.486328 0.021875 0.031250
11 0.188281 0.465820 0.026562 0.037109
0 0.100781 0.499023 0.004687 0.013672
0 0.107031 0.502930 0.007812 0.025391
0 0.127344 0.507812 0.007812 0.031250
0 0.138281 0.504883 0.007812 0.033203
0 0.205469 0.536133 0.023438 0.087891
0 0.225000 0.506836 0.006250 0.021484
0 0.231250 0.505859 0.006250 0.023438
0 0.575000 0.520508 0.006250 0.025391
0 0.606250 0.521484 0.006250 0.023438
0 0.617188 0.518555 0.006250 0.025391
0 0.628906 0.520508 0.004687 0.021484
0 0.660937 0.520508 0.006250 0.021484
0 0.671875 0.521484 0.006250 0.019531
0 0.792969 0.525391 0.007812 0.027344
0 0.782813 0.524414 0.006250 0.029297
0 0.773438 0.522461 0.006250 0.029297
0 0.642969 0.523438 0.004687 0.019531
7 0.478906 0.478516 0.142187 0.160156
3 0.078906 0.689453 0.151562 0.214844
2 0.377344 0.591797 0.182812 0.199219
2 0.631250 0.632812 0.153125 0.160156
2 0.449219 0.713867 0.329688 0.326172
2 0.205469 0.545898 0.104688 0.080078
0 0.089063 0.631836 0.100000 0.208984
