9 0.847656 0.267578 0.035937 0.070312
9 0.834375 0.087891 0.040625 0.152344
9 0.785937 0.114258 0.037500 0.130859
9 0.600000 0.326172 0.015625 0.054688
9 0.588281 0.329102 0.014063 0.048828
9 0.478125 0.433594 0.003125 0.007812
9 0.464062 0.431641 0.003125 0.007812
9 0.597656 0.389648 0.010937 0.021484
9 0.385937 0.165039 0.015625 0.060547
9 0.230469 0.150391 0.014063 0.058594
11 0.846094 0.201172 0.032813 0.046875
11 0.605469 0.235352 0.073438 0.021484
11 0.548438 0.463867 0.028125 0.033203
11 0.506250 0.432617 0.006250 0.009766
0 0.752344 0.457031 0.007812 0.023438
7 0.123438 0.436523 0.209375 0.173828
2 0.468750 0.456055 0.009375 0.013672
