11 0.639844 0.415039 0.017188 0.021484
0 0.705469 0.462891 0.010937 0.039062
0 0.713281 0.466797 0.014063 0.042969
0 0.434375 0.455078 0.009375 0.023438
0 0.428906 0.452148 0.007812 0.021484
0 0.568750 0.446289 0.003125 0.009766
1 0.684375 0.467773 0.034375 0.033203
1 0.542969 0.472656 0.010937 0.027344
1 0.553125 0.469727 0.009375 0.021484
7 0.553125 0.436523 0.015625 0.013672
2 0.672656 0.455078 0.029687 0.027344
2 0.588281 0.465820 0.045312 0.052734
2 0.559375 0.453125 0.009375 0.019531
2 0.535937 0.452148 0.009375 0.013672
2 0.504687 0.458008 0.028125 0.033203
2 0.458594 0.459961 0.026562 0.029297
2 0.471875 0.456055 0.012500 0.021484
2 0.478906 0.450195 0.023438 0.017578
2 0.931250 0.756836 0.134375 0.291016
2 0.073438 0.656250 0.146875 0.273438
2 0.659375 0.456055 0.034375 0.033203
2 0.610156 0.451172 0.014063 0.019531
2 0.778906 0.578125 0.176563 0.164062
2 0.695312 0.535156 0.087500 0.105469
0 0.542969 0.463867 0.010937 0.037109
0 0.552344 0.460938 0.010937 0.035156
10 0.336719 0.478516 0.014063 0.019531
