5 0.535937 0.430664 0.040625 0.017578
11 0.072656 0.159180 0.051562 0.021484
0 0.141406 0.424805 0.039062 0.111328
0 0.110937 0.423828 0.018750 0.101562
0 0.124219 0.421875 0.023438 0.101562
0 0.242969 0.416992 0.014063 0.048828
0 0.284375 0.423828 0.012500 0.046875
0 0.951562 0.417969 0.037500 0.148438
1 0.484375 0.432617 0.009375 0.013672
1 0.509375 0.433594 0.012500 0.019531
1 0.720313 0.482422 0.043750 0.117188
1 0.660937 0.455078 0.034375 0.046875
2 0.416406 0.426758 0.042188 0.044922
2 0.443750 0.430664 0.018750 0.033203
2 0.455469 0.427734 0.020313 0.031250
2 0.469531 0.429688 0.010937 0.023438
2 0.478906 0.428711 0.007812 0.021484
2 0.591406 0.437500 0.032813 0.035156
0 0.794531 0.541992 0.039062 0.103516
0 0.485156 0.423828 0.007812 0.027344
0 0.509375 0.425781 0.009375 0.031250
