5 0.622656 0.493164 0.060937 0.072266
9 0.170313 0.482422 0.012500 0.035156
9 0.375000 0.377930 0.021875 0.056641
9 0.840625 0.392578 0.021875 0.058594
9 0.856250 0.498047 0.012500 0.039062
9 0.650000 0.447266 0.009375 0.023438
11 0.258594 0.486328 0.017188 0.015625
11 0.814063 0.449219 0.025000 0.050781
11 0.884375 0.465820 0.012500 0.013672
11 0.885156 0.478516 0.014063 0.007812
0 0.090625 0.555664 0.018750 0.044922
0 0.130469 0.544922 0.014063 0.042969
0 0.175781 0.544922 0.014063 0.042969
0 0.767969 0.507812 0.010937 0.039062
2 0.325781 0.520508 0.042188 0.025391
2 0.519531 0.545898 0.060937 0.064453
2 0.610938 0.553711 0.087500 0.087891
2 0.526563 0.509766 0.034375 0.027344
2 0.743750 0.513672 0.043750 0.039062
2 0.720313 0.514648 0.021875 0.037109
2 0.800781 0.524414 0.048438 0.048828
