0 0.475781 0.461914 0.010937 0.033203
0 0.536719 0.465820 0.007812 0.033203
0 0.548438 0.465820 0.009375 0.033203
2 0.504687 0.453125 0.006250 0.011719
2 0.498437 0.456055 0.009375 0.013672
2 0.489063 0.458008 0.009375 0.017578
2 0.482812 0.458984 0.012500 0.023438
2 0.462500 0.464844 0.015625 0.027344
2 0.445312 0.466797 0.025000 0.031250
2 0.389844 0.458984 0.026562 0.031250
2 0.353906 0.460938 0.057813 0.042969
2 0.309375 0.441406 0.053125 0.023438
2 0.345313 0.489258 0.050000 0.072266
2 0.284375 0.499023 0.112500 0.091797
2 0.067969 0.502930 0.135937 0.115234
2 0.422656 0.469727 0.039062 0.041016
2 0.558594 0.458008 0.017188 0.021484
2 0.578125 0.468750 0.037500 0.042969
2 0.622656 0.492188 0.042188 0.082031
2 0.646094 0.488281 0.070312 0.070312
2 0.657813 0.507812 0.078125 0.089844
2 0.661719 0.527344 0.067187 0.109375
2 0.758594 0.541016 0.185938 0.210938
2 0.510938 0.450195 0.006250 0.009766
2 0.454688 0.448242 0.018750 0.005859
11 0.675781 0.419922 0.026562 0.039062
