11 0.792188 0.333984 0.018750 0.035156
11 0.594531 0.369141 0.007812 0.011719
0 0.474219 0.403320 0.014063 0.033203
0 0.546094 0.381836 0.007812 0.029297
2 0.209375 0.515625 0.168750 0.121094
2 0.321875 0.461914 0.071875 0.076172
2 0.370312 0.428711 0.056250 0.056641
2 0.432812 0.383789 0.021875 0.021484
2 0.471875 0.360352 0.012500 0.013672
2 0.519531 0.380859 0.020313 0.019531
2 0.496094 0.449219 0.057813 0.066406
2 0.603125 0.468750 0.078125 0.085938
2 0.747656 0.537109 0.176563 0.156250
2 0.882031 0.444336 0.114062 0.091797
2 0.439844 0.373047 0.023438 0.023438
