9 0.821875 0.222656 0.028125 0.082031
9 0.817187 0.318359 0.028125 0.039062
9 0.796094 0.321289 0.017188 0.044922
9 0.466406 0.420898 0.007812 0.025391
0 0.720313 0.456055 0.015625 0.056641
0 0.692969 0.461914 0.020313 0.072266
0 0.840625 0.454102 0.037500 0.099609
0 0.867969 0.498047 0.079687 0.210938
1 0.469531 0.471680 0.010937 0.025391
1 0.878906 0.537109 0.129688 0.144531
2 0.343750 0.460938 0.025000 0.031250
2 0.357812 0.459961 0.009375 0.021484
2 0.385156 0.458984 0.014063 0.019531
2 0.392969 0.459961 0.007812 0.025391
2 0.403906 0.458984 0.020313 0.027344
2 0.423438 0.466797 0.034375 0.035156
0 0.469531 0.463867 0.014063 0.033203
2 0.603125 0.483398 0.162500 0.162109
