9 0.443750 0.347656 0.006250 0.019531
9 0.548438 0.393555 0.006250 0.017578
9 0.549219 0.415039 0.004687 0.005859
9 0.582031 0.368164 0.007812 0.025391
11 0.728125 0.320312 0.046875 0.082031
11 0.971094 0.193359 0.054688 0.101562
0 0.894531 0.455078 0.039062 0.125000
0 0.664844 0.442383 0.017188 0.052734
0 0.295312 0.449219 0.009375 0.023438
0 0.285938 0.447266 0.009375 0.027344
2 0.478125 0.458008 0.100000 0.111328
2 0.405469 0.445312 0.026562 0.042969
2 0.371094 0.456055 0.070312 0.064453
2 0.078125 0.541016 0.156250 0.367188
