9 0.632812 0.298828 0.009375 0.031250
9 0.609375 0.305664 0.006250 0.029297
9 0.603125 0.357422 0.015625 0.039062
9 0.561719 0.400391 0.007812 0.019531
9 0.578125 0.401367 0.006250 0.021484
9 0.614062 0.406250 0.009375 0.015625
9 0.415625 0.356445 0.009375 0.025391
9 0.317188 0.349609 0.009375 0.027344
9 0.155469 0.280273 0.017188 0.044922
9 0.012500 0.300781 0.012500 0.039062
9 0.525000 0.404297 0.009375 0.023438
11 0.728906 0.333984 0.023438 0.058594
11 0.679688 0.338867 0.015625 0.017578
11 0.623437 0.299805 0.006250 0.025391
11 0.462500 0.381836 0.028125 0.009766
11 0.330469 0.346680 0.014063 0.017578
0 0.610938 0.467773 0.025000 0.052734
0 0.634375 0.468750 0.018750 0.042969
0 0.673438 0.456055 0.018750 0.060547
0 0.682031 0.458008 0.010937 0.052734
0 0.578906 0.465820 0.017188 0.060547
0 0.554688 0.457031 0.012500 0.035156
0 0.516406 0.468750 0.014063 0.054688
0 0.495312 0.458008 0.006250 0.021484
0 0.502344 0.455078 0.004687 0.023438
2 0.101562 0.485352 0.131250 0.087891
2 0.222656 0.464844 0.089063 0.078125
2 0.275000 0.470703 0.034375 0.050781
2 0.161719 0.465820 0.045312 0.048828
2 0.308594 0.459961 0.032813 0.033203
2 0.332813 0.458008 0.018750 0.025391
2 0.450000 0.465820 0.084375 0.091797
