9 0.768750 0.283203 0.028125 0.082031
9 0.777344 0.357422 0.017188 0.027344
9 0.509375 0.311523 0.015625 0.052734
9 0.505469 0.370117 0.020313 0.021484
11 0.826562 0.340820 0.040625 0.013672
11 0.432812 0.381836 0.009375 0.017578
11 0.772656 0.333008 0.023438 0.013672
0 0.495312 0.448242 0.012500 0.048828
0 0.483594 0.455078 0.020313 0.085938
0 0.028125 0.461914 0.018750 0.060547
0 0.225000 0.457031 0.012500 0.050781
0 0.320312 0.455078 0.018750 0.046875
2 0.345313 0.454102 0.012500 0.013672
2 0.378906 0.457031 0.014063 0.023438
2 0.405469 0.462891 0.048438 0.050781
2 0.078906 0.468750 0.079687 0.066406
2 0.313281 0.456055 0.007812 0.009766
10 0.488281 0.475586 0.010937 0.048828
