11 0.379688 0.434570 0.031250 0.083984
11 0.479687 0.394531 0.053125 0.015625
11 0.116406 0.329102 0.095312 0.115234
11 0.013281 0.312500 0.026562 0.109375
11 0.232031 0.458008 0.010937 0.013672
11 0.339844 0.403320 0.026562 0.013672
7 0.671094 0.470703 0.135937 0.160156
2 0.931250 0.463867 0.034375 0.025391
2 0.914062 0.567383 0.168750 0.142578
2 0.509375 0.450195 0.015625 0.013672
2 0.510938 0.459961 0.018750 0.017578
2 0.557031 0.458984 0.020313 0.023438
2 0.564063 0.465820 0.025000 0.033203
2 0.573438 0.471680 0.031250 0.033203
2 0.599219 0.495117 0.032813 0.033203
2 0.565625 0.517578 0.053125 0.054688
2 0.646875 0.543945 0.121875 0.115234
2 0.454688 0.438477 0.012500 0.013672
2 0.469531 0.435547 0.010937 0.011719
2 0.468750 0.446289 0.015625 0.013672
2 0.403906 0.431641 0.010937 0.011719
2 0.421875 0.435547 0.012500 0.011719
2 0.431250 0.438477 0.009375 0.013672
2 0.425781 0.442383 0.010937 0.013672
2 0.414062 0.448242 0.015625 0.021484
2 0.420312 0.464844 0.018750 0.027344
2 0.412500 0.475586 0.028125 0.033203
2 0.334375 0.439453 0.009375 0.011719
2 0.345313 0.435547 0.009375 0.011719
2 0.337500 0.448242 0.012500 0.009766
2 0.338281 0.460938 0.014063 0.015625
2 0.328906 0.463867 0.014063 0.009766
2 0.304688 0.478516 0.025000 0.023438
2 0.329688 0.482422 0.031250 0.031250
2 0.354687 0.446289 0.012500 0.013672
2 0.360156 0.450195 0.007812 0.013672
2 0.363281 0.456055 0.007812 0.013672
2 0.050781 0.546875 0.101562 0.066406
2 0.142969 0.524414 0.035937 0.048828
2 0.178125 0.514648 0.043750 0.044922
2 0.249219 0.517578 0.057813 0.054688
2 0.259375 0.489258 0.031250 0.025391
2 0.361719 0.503906 0.042188 0.035156
2 0.485938 0.495117 0.043750 0.037109
2 0.484375 0.526367 0.053125 0.064453
2 0.446094 0.560547 0.129688 0.125000
