0 0.157812 0.462891 0.012500 0.023438
0 0.302344 0.458008 0.010937 0.017578
0 0.378125 0.466797 0.009375 0.027344
0 0.401562 0.464844 0.006250 0.019531
0 0.629687 0.472656 0.021875 0.058594
2 0.137500 0.519531 0.134375 0.093750
2 0.250781 0.481445 0.154688 0.072266
2 0.347656 0.475586 0.048438 0.056641
2 0.425781 0.471680 0.026562 0.025391
2 0.437500 0.466797 0.021875 0.027344
2 0.453125 0.467773 0.012500 0.021484
2 0.487500 0.462891 0.018750 0.019531
2 0.503125 0.463867 0.012500 0.013672
2 0.531250 0.459961 0.012500 0.013672
2 0.517188 0.461914 0.009375 0.009766
10 0.591406 0.479492 0.007812 0.021484
