2 0.346094 0.481445 0.076563 0.080078
2 0.395313 0.481445 0.025000 0.048828
2 0.421875 0.473633 0.031250 0.044922
2 0.444531 0.475586 0.017188 0.033203
2 0.456250 0.471680 0.018750 0.033203
2 0.490625 0.467773 0.021875 0.021484
2 0.921094 0.563477 0.154688 0.228516
2 0.842969 0.496094 0.192188 0.187500
2 0.743750 0.498047 0.068750 0.105469
2 0.719531 0.490234 0.054688 0.085938
2 0.690625 0.485352 0.053125 0.072266
2 0.663281 0.478516 0.048438 0.054688
2 0.639062 0.473633 0.031250 0.041016
2 0.614062 0.472656 0.018750 0.035156
2 0.593750 0.467773 0.021875 0.021484
2 0.589844 0.461914 0.020313 0.017578
2 0.562500 0.467773 0.034375 0.037109
