0 0.367969 0.455078 0.010937 0.035156
0 0.374219 0.448242 0.007812 0.029297
0 0.390625 0.444336 0.006250 0.021484
0 0.396094 0.442383 0.004687 0.017578
0 0.429688 0.447266 0.006250 0.019531
0 0.665625 0.459961 0.018750 0.044922
0 0.649219 0.460938 0.014063 0.050781
0 0.907813 0.489258 0.018750 0.091797
2 0.765625 0.524414 0.162500 0.158203
2 0.536719 0.487305 0.148438 0.068359
2 0.407813 0.475586 0.056250 0.052734
2 0.450000 0.453125 0.031250 0.031250
2 0.471875 0.444336 0.018750 0.017578
2 0.488281 0.443359 0.017188 0.015625
2 0.514844 0.445312 0.020313 0.015625
2 0.542969 0.445312 0.023438 0.015625
2 0.570312 0.454102 0.028125 0.029297
2 0.636719 0.448242 0.035937 0.025391
2 0.860938 0.479492 0.075000 0.064453
11 0.988281 0.363281 0.020313 0.050781
