11 0.409375 0.398438 0.018750 0.007812
0 0.146094 0.496094 0.023438 0.082031
0 0.164844 0.492188 0.017188 0.089844
0 0.441406 0.436523 0.007812 0.021484
0 0.464062 0.437500 0.006250 0.019531
0 0.475781 0.435547 0.007812 0.023438
0 0.522656 0.434570 0.007812 0.021484
0 0.643750 0.471680 0.015625 0.064453
0 0.666406 0.472656 0.017188 0.062500
0 0.686719 0.471680 0.014063 0.064453
2 0.125000 0.438477 0.037500 0.021484
2 0.084375 0.442383 0.028125 0.021484
2 0.180469 0.443359 0.048438 0.027344
2 0.238281 0.457031 0.067187 0.046875
2 0.226562 0.468750 0.084375 0.058594
2 0.310156 0.454102 0.032813 0.033203
2 0.503906 0.435547 0.023438 0.023438
10 0.218750 0.514648 0.012500 0.044922
10 0.411719 0.445312 0.004687 0.011719
