9 0.064062 0.368164 0.012500 0.056641
9 0.064844 0.423828 0.017188 0.023438
9 0.690625 0.375000 0.015625 0.058594
9 0.683594 0.433594 0.020313 0.023438
9 0.387500 0.447266 0.006250 0.015625
9 0.583594 0.455078 0.004687 0.011719
11 0.064062 0.402344 0.034375 0.015625
11 0.689844 0.412109 0.035937 0.015625
0 0.092188 0.484375 0.012500 0.062500
0 0.295312 0.482422 0.009375 0.027344
0 0.337500 0.478516 0.006250 0.015625
0 0.353906 0.477539 0.004687 0.013672
0 0.372656 0.478516 0.007812 0.019531
0 0.392969 0.479492 0.010937 0.029297
0 0.421875 0.484375 0.006250 0.019531
0 0.619531 0.474609 0.007812 0.023438
0 0.659375 0.483398 0.009375 0.021484
0 0.692969 0.480469 0.017188 0.039062
0 0.713281 0.521484 0.029687 0.101562
0 0.742969 0.521484 0.023438 0.105469
0 0.756250 0.525391 0.018750 0.109375
1 0.170313 0.508789 0.021875 0.033203
2 0.538281 0.484375 0.010937 0.011719
2 0.515625 0.499023 0.043750 0.048828
2 0.555469 0.494141 0.026562 0.031250
2 0.501563 0.518555 0.062500 0.064453
