9 0.614844 0.330078 0.007812 0.023438
9 0.598437 0.333984 0.006250 0.023438
9 0.659375 0.388672 0.009375 0.035156
9 0.563281 0.409180 0.004687 0.017578
9 0.591406 0.419922 0.007812 0.011719
9 0.576562 0.408203 0.006250 0.019531
9 0.532813 0.411133 0.006250 0.021484
9 0.440625 0.371094 0.006250 0.019531
9 0.357031 0.365234 0.007812 0.019531
9 0.132031 0.335938 0.007812 0.027344
9 0.244531 0.320312 0.010937 0.035156
9 0.619531 0.395508 0.014063 0.033203
9 0.585156 0.381836 0.014063 0.037109
11 0.479687 0.391602 0.021875 0.005859
11 0.367969 0.362305 0.010937 0.013672
11 0.066406 0.373047 0.029687 0.007812
11 0.079687 0.404297 0.012500 0.007812
0 0.612500 0.461914 0.012500 0.033203
0 0.592187 0.464844 0.015625 0.039062
0 0.585156 0.462891 0.014063 0.042969
0 0.558594 0.456055 0.007812 0.029297
0 0.528125 0.463867 0.012500 0.044922
0 0.513281 0.461914 0.017188 0.044922
2 0.944531 0.453125 0.107813 0.078125
2 0.053906 0.465820 0.060937 0.033203
2 0.097656 0.462891 0.039062 0.031250
2 0.150000 0.466797 0.043750 0.023438
2 0.225000 0.476562 0.081250 0.066406
2 0.271875 0.464844 0.025000 0.035156
2 0.310156 0.460938 0.060937 0.054688
2 0.341406 0.463867 0.023438 0.037109
2 0.350781 0.455078 0.026562 0.035156
2 0.368750 0.453125 0.015625 0.019531
2 0.471875 0.460938 0.059375 0.062500
