9 0.889062 0.418945 0.015625 0.017578
9 0.882812 0.363281 0.015625 0.050781
9 0.785937 0.324219 0.034375 0.054688
9 0.803125 0.144531 0.037500 0.136719
9 0.774219 0.170898 0.057813 0.158203
9 0.289062 0.357422 0.015625 0.054688
9 0.450000 0.253906 0.018750 0.054688
9 0.600000 0.362305 0.015625 0.056641
11 0.198437 0.385742 0.009375 0.009766
11 0.200000 0.373047 0.037500 0.015625
0 0.295312 0.449219 0.009375 0.027344
0 0.303906 0.460938 0.014063 0.046875
0 0.315625 0.458008 0.012500 0.044922
0 0.342187 0.460938 0.009375 0.035156
0 0.357031 0.462891 0.004687 0.023438
0 0.369531 0.467773 0.014063 0.041016
0 0.625000 0.473633 0.021875 0.068359
0 0.660156 0.475586 0.020313 0.068359
0 0.667188 0.458008 0.012500 0.041016
0 0.676562 0.475586 0.012500 0.068359
0 0.687500 0.470703 0.018750 0.070312
0 0.799219 0.505859 0.017188 0.085938
0 0.815625 0.503906 0.021875 0.089844
0 0.830469 0.505859 0.020313 0.085938
1 0.178906 0.474609 0.042188 0.039062
1 0.392969 0.490234 0.020313 0.035156
2 0.529687 0.466797 0.021875 0.023438
2 0.444531 0.460938 0.014063 0.015625
2 0.430469 0.460938 0.017188 0.023438
2 0.412500 0.458008 0.018750 0.025391
0 0.392969 0.474609 0.020313 0.050781
10 0.564063 0.492188 0.009375 0.027344
1 0.901563 0.659180 0.106250 0.201172
