9 0.034375 0.241211 0.015625 0.044922
9 0.138281 0.230469 0.029687 0.050781
9 0.060937 0.380859 0.012500 0.046875
9 0.033594 0.378906 0.007812 0.015625
9 0.284375 0.323242 0.018750 0.033203
9 0.432812 0.395508 0.009375 0.029297
9 0.433594 0.423828 0.010937 0.011719
9 0.490625 0.387695 0.009375 0.025391
9 0.491406 0.419922 0.007812 0.011719
11 0.003906 0.289062 0.007812 0.019531
11 0.307031 0.324219 0.010937 0.019531
11 0.376563 0.363281 0.043750 0.011719
11 0.409375 0.344727 0.015625 0.072266
11 0.410938 0.405273 0.012500 0.017578
0 0.692969 0.520508 0.067187 0.111328
0 0.667969 0.501953 0.048438 0.128906
0 0.644531 0.503906 0.045312 0.125000
0 0.448437 0.452148 0.009375 0.021484
0 0.413281 0.462891 0.007812 0.031250
0 0.420312 0.462891 0.009375 0.035156
0 0.402344 0.463867 0.010937 0.025391
0 0.391406 0.464844 0.007812 0.023438
0 0.382031 0.466797 0.007812 0.023438
1 0.347656 0.477539 0.014063 0.033203
2 0.288281 0.466797 0.029687 0.046875
2 0.256250 0.472656 0.059375 0.066406
2 0.166406 0.472656 0.123438 0.109375
2 0.055469 0.478516 0.110937 0.207031
2 0.472656 0.469727 0.092188 0.041016
0 0.346875 0.462891 0.012500 0.050781
10 0.464844 0.483398 0.007812 0.029297
11 0.087500 0.221680 0.031250 0.048828
