9 0.086719 0.458008 0.010937 0.037109
9 0.387500 0.485352 0.009375 0.033203
9 0.657031 0.498047 0.014063 0.031250
11 0.982031 0.510742 0.020313 0.025391
11 0.328125 0.502930 0.015625 0.021484
11 0.328125 0.522461 0.012500 0.017578
11 0.541406 0.500977 0.045312 0.009766
11 0.563281 0.519531 0.042188 0.015625
11 0.646875 0.522461 0.015625 0.021484
11 0.681250 0.516602 0.031250 0.013672
0 0.778125 0.584961 0.031250 0.072266
0 0.513281 0.580078 0.017188 0.066406
0 0.540625 0.578125 0.021875 0.070312
0 0.551562 0.575195 0.015625 0.048828
0 0.153125 0.555664 0.009375 0.037109
0 0.186719 0.553711 0.010937 0.025391
0 0.163281 0.558594 0.007812 0.027344
0 0.886719 0.573242 0.014063 0.041016
0 0.950000 0.569336 0.012500 0.037109
