11 0.751563 0.375977 0.056250 0.068359
1 0.223438 0.572266 0.165625 0.222656
2 0.610938 0.491211 0.078125 0.072266
2 0.575000 0.485352 0.031250 0.056641
2 0.556250 0.482422 0.034375 0.050781
2 0.551562 0.473633 0.046875 0.052734
2 0.524219 0.478516 0.017188 0.031250
2 0.518750 0.474609 0.018750 0.031250
2 0.507031 0.470703 0.017188 0.023438
2 0.482812 0.469727 0.037500 0.029297
2 0.443750 0.474609 0.031250 0.031250
2 0.392969 0.475586 0.014063 0.021484
2 0.403906 0.473633 0.010937 0.017578
2 0.376563 0.473633 0.028125 0.029297
2 0.359375 0.477539 0.021875 0.037109
2 0.342969 0.476562 0.020313 0.050781
2 0.318750 0.475586 0.037500 0.060547
2 0.304688 0.488281 0.025000 0.046875
2 0.201563 0.500000 0.096875 0.078125
0 0.239063 0.510742 0.121875 0.263672
