0 0.100000 0.558594 0.015625 0.039062
0 0.086719 0.567383 0.010937 0.041016
0 0.595313 0.536133 0.006250 0.013672
0 0.607812 0.541016 0.009375 0.023438
0 0.642969 0.545898 0.010937 0.037109
0 0.639844 0.540039 0.007812 0.029297
0 0.652344 0.548828 0.007812 0.035156
0 0.666406 0.549805 0.007812 0.041016
0 0.625781 0.539062 0.004687 0.023438
0 0.712500 0.568359 0.018750 0.070312
0 0.695312 0.570312 0.015625 0.050781
0 0.689063 0.550781 0.012500 0.039062
0 0.702344 0.534180 0.010937 0.021484
0 0.870313 0.611328 0.031250 0.062500
0 0.895312 0.574219 0.028125 0.085938
0 0.908594 0.566406 0.017188 0.078125
0 0.869531 0.553711 0.020313 0.056641
0 0.839844 0.570312 0.010937 0.066406
0 0.957812 0.591797 0.034375 0.089844
0 0.939063 0.590820 0.025000 0.091797
0 0.854688 0.564453 0.012500 0.078125
3 0.540625 0.633789 0.056250 0.119141
2 0.217188 0.637695 0.218750 0.193359
2 0.318750 0.599609 0.068750 0.085938
2 0.379688 0.568359 0.056250 0.058594
2 0.424219 0.557617 0.035937 0.037109
2 0.482031 0.552734 0.039062 0.027344
2 0.490625 0.592773 0.075000 0.083984
2 0.551562 0.551758 0.012500 0.017578
2 0.530469 0.551758 0.007812 0.021484
0 0.537500 0.594727 0.043750 0.103516
