9 0.539844 0.349609 0.010937 0.039062
9 0.546875 0.358398 0.012500 0.037109
9 0.835938 0.335938 0.012500 0.039062
11 0.046875 0.442383 0.034375 0.017578
11 0.045312 0.418945 0.034375 0.017578
11 0.125781 0.409180 0.057813 0.091797
0 0.715625 0.448242 0.015625 0.037109
0 0.901563 0.458008 0.028125 0.091797
7 0.458594 0.458984 0.107813 0.113281
3 0.644531 0.537109 0.048438 0.097656
2 0.177344 0.590820 0.220312 0.216797
2 0.464844 0.497070 0.079687 0.076172
2 0.632812 0.498047 0.084375 0.093750
2 0.668750 0.456055 0.040625 0.041016
2 0.389844 0.472656 0.032813 0.023438
2 0.353125 0.472656 0.040625 0.023438
2 0.086719 0.499023 0.057813 0.037109
2 0.144531 0.493164 0.042188 0.025391
2 0.242188 0.482422 0.025000 0.019531
0 0.646094 0.492188 0.051562 0.117188
