11 0.745313 0.375000 0.018750 0.035156
11 0.547656 0.362305 0.020313 0.025391
11 0.546875 0.383789 0.028125 0.017578
11 0.163281 0.371094 0.035937 0.039062
11 0.160938 0.399414 0.025000 0.013672
1 0.601562 0.512695 0.028125 0.068359
1 0.528906 0.507812 0.014063 0.042969
2 0.197656 0.520508 0.395313 0.240234
2 0.382031 0.478516 0.123438 0.089844
2 0.860156 0.491211 0.129688 0.083984
2 0.778906 0.507812 0.057813 0.035156
2 0.765625 0.496094 0.065625 0.046875
0 0.598437 0.493164 0.034375 0.083984
0 0.533594 0.485352 0.029687 0.064453
