5 0.843750 0.416992 0.309375 0.138672
5 0.433594 0.451172 0.101562 0.042969
5 0.635938 0.429688 0.090625 0.050781
5 0.516406 0.446289 0.064062 0.083984
0 0.128125 0.490234 0.015625 0.027344
0 0.116406 0.494141 0.014063 0.054688
0 0.170313 0.487305 0.012500 0.048828
0 0.379688 0.463867 0.006250 0.021484
0 0.548438 0.459961 0.009375 0.041016
0 0.557031 0.458008 0.010937 0.044922
0 0.572656 0.457031 0.010937 0.046875
0 0.581250 0.458008 0.012500 0.044922
0 0.590625 0.456055 0.015625 0.048828
0 0.600000 0.457031 0.012500 0.054688
0 0.610938 0.458008 0.015625 0.060547
0 0.628906 0.477539 0.023438 0.095703
0 0.653906 0.465820 0.029687 0.115234
0 0.674219 0.431641 0.017188 0.023438
2 0.952344 0.490234 0.092188 0.109375
2 0.912500 0.446289 0.171875 0.142578
2 0.851562 0.443359 0.140625 0.109375
2 0.453906 0.462891 0.029687 0.023438
2 0.476562 0.462891 0.018750 0.023438
10 0.340625 0.478516 0.006250 0.019531
