9 0.269531 0.436523 0.007812 0.025391
9 0.523438 0.434570 0.006250 0.021484
11 0.866406 0.368164 0.017188 0.041016
11 0.867969 0.321289 0.045312 0.052734
11 0.704688 0.414062 0.015625 0.015625
11 0.705469 0.451172 0.014063 0.027344
11 0.589844 0.412109 0.014063 0.035156
11 0.619531 0.423828 0.014063 0.023438
11 0.621094 0.446289 0.010937 0.009766
0 0.903906 0.478516 0.039062 0.125000
0 0.829688 0.467773 0.025000 0.052734
0 0.806250 0.467773 0.021875 0.052734
0 0.759375 0.468750 0.025000 0.054688
0 0.741406 0.463867 0.020313 0.048828
0 0.726562 0.467773 0.012500 0.041016
0 0.563281 0.477539 0.007812 0.025391
0 0.577344 0.474609 0.010937 0.023438
1 0.512500 0.492188 0.009375 0.031250
1 0.494531 0.491211 0.007812 0.033203
2 0.062500 0.528320 0.125000 0.337891
2 0.358594 0.481445 0.089063 0.033203
2 0.448437 0.494141 0.081250 0.082031
0 0.513281 0.481445 0.017188 0.052734
0 0.494531 0.469727 0.014063 0.037109
