1 0.178125 0.500000 0.143750 0.113281
1 0.358594 0.498047 0.107813 0.097656
1 0.507031 0.490234 0.079687 0.089844
1 0.609375 0.477539 0.056250 0.095703
1 0.657031 0.474609 0.045312 0.070312
1 0.688281 0.467773 0.029687 0.064453
1 0.708594 0.467773 0.029687 0.048828
1 0.771875 0.464844 0.040625 0.054688
1 0.927344 0.444336 0.029687 0.044922
2 0.468750 0.423828 0.250000 0.113281
0 0.162500 0.460938 0.059375 0.167969
0 0.363281 0.456055 0.051562 0.138672
0 0.507812 0.462891 0.050000 0.132812
0 0.606250 0.432617 0.053125 0.130859
0 0.656250 0.439453 0.043750 0.105469
0 0.683594 0.427734 0.032813 0.101562
0 0.710156 0.436523 0.026562 0.080078
0 0.771094 0.435547 0.032813 0.082031
0 0.930469 0.421875 0.023438 0.078125
11 0.442188 0.305664 0.034375 0.064453
