11 0.162500 0.212891 0.040625 0.066406
0 0.711719 0.412109 0.010937 0.066406
1 0.260156 0.412109 0.057813 0.042969
1 0.039844 0.397461 0.048438 0.099609
2 0.138281 0.386719 0.185938 0.132812
2 0.487500 0.402344 0.093750 0.082031
2 0.540625 0.409180 0.034375 0.060547
2 0.567969 0.409180 0.039062 0.044922
2 0.576562 0.393555 0.031250 0.029297
2 0.607031 0.408203 0.042188 0.039062
2 0.630469 0.407227 0.017188 0.037109
2 0.656250 0.409180 0.031250 0.029297
2 0.675781 0.406250 0.026562 0.031250
2 0.783594 0.414062 0.039062 0.046875
2 0.828906 0.409180 0.026562 0.041016
2 0.975000 0.419922 0.046875 0.144531
2 0.935937 0.415039 0.071875 0.119141
0 0.700781 0.405273 0.020313 0.080078
0 0.744531 0.412109 0.039062 0.109375
78 0.700781 0.444336 0.014063 0.009766
78 0.740625 0.465820 0.015625 0.009766
