9 0.578125 0.447266 0.003125 0.003906
9 0.535156 0.399414 0.004687 0.005859
9 0.471875 0.432617 0.003125 0.005859
9 0.533594 0.418945 0.004687 0.005859
0 0.618750 0.470703 0.006250 0.011719
0 0.589063 0.471680 0.006250 0.025391
0 0.552344 0.470703 0.004687 0.015625
1 0.674219 0.566406 0.039062 0.089844
2 0.483594 0.469727 0.020313 0.017578
2 0.464062 0.474609 0.021875 0.023438
2 0.449219 0.476562 0.014063 0.023438
2 0.429688 0.474609 0.031250 0.035156
2 0.370312 0.484375 0.031250 0.042969
2 0.339844 0.484375 0.048438 0.058594
2 0.316406 0.488281 0.042188 0.054688
2 0.285156 0.489258 0.051562 0.064453
2 0.239844 0.499023 0.076563 0.072266
2 0.172656 0.504883 0.092188 0.083984
2 0.074219 0.516602 0.148438 0.107422
2 0.527344 0.468750 0.007812 0.007812
2 0.514062 0.468750 0.006250 0.007812
2 0.508594 0.468750 0.004687 0.007812
0 0.671094 0.532227 0.039062 0.126953
10 0.832031 0.589844 0.032813 0.078125
