9 0.175781 0.359375 0.010937 0.039062
9 0.761719 0.356445 0.014063 0.037109
9 0.799219 0.384766 0.017188 0.023438
11 0.193750 0.377930 0.012500 0.025391
11 0.803906 0.366211 0.029687 0.013672
11 0.621094 0.388672 0.007812 0.015625
2 0.914062 0.570312 0.168750 0.375000
2 0.535937 0.442383 0.037500 0.021484
2 0.513281 0.447266 0.020313 0.031250
2 0.500781 0.450195 0.014063 0.025391
2 0.431250 0.449219 0.025000 0.023438
2 0.350000 0.455078 0.021875 0.039062
2 0.379688 0.461914 0.059375 0.052734
2 0.328906 0.455078 0.035937 0.054688
2 0.289844 0.458008 0.070312 0.068359
2 0.092188 0.474609 0.184375 0.105469
2 0.657813 0.597656 0.456250 0.335938
