11 0.178125 0.398438 0.012500 0.015625
11 0.178906 0.420898 0.007812 0.013672
11 0.218750 0.407227 0.012500 0.013672
11 0.217969 0.425781 0.007812 0.011719
11 0.021094 0.375000 0.014063 0.023438
11 0.776563 0.288086 0.021875 0.052734
0 0.436719 0.464844 0.017188 0.042969
0 0.617188 0.472656 0.025000 0.074219
0 0.619531 0.440430 0.023438 0.037109
1 0.662500 0.507812 0.040625 0.105469
1 0.679688 0.506836 0.043750 0.095703
1 0.711719 0.507812 0.054688 0.097656
1 0.743750 0.507812 0.059375 0.105469
1 0.931250 0.556641 0.134375 0.246094
1 0.306250 0.485352 0.015625 0.041016
2 0.120313 0.493164 0.125000 0.087891
2 0.242969 0.480469 0.064062 0.054688
2 0.278906 0.477539 0.032813 0.044922
2 0.300781 0.474609 0.035937 0.042969
2 0.326562 0.473633 0.021875 0.033203
2 0.339844 0.466797 0.026562 0.031250
0 0.306250 0.473633 0.018750 0.052734
