11 0.460156 0.311523 0.045312 0.060547
11 0.953125 0.219727 0.062500 0.021484
11 0.953906 0.241211 0.032813 0.021484
11 0.955469 0.278320 0.007812 0.041016
2 0.392188 0.442383 0.106250 0.095703
2 0.334375 0.426758 0.050000 0.060547
2 0.306250 0.417969 0.031250 0.046875
2 0.307812 0.422852 0.015625 0.033203
2 0.289844 0.414062 0.014063 0.031250
2 0.267969 0.414062 0.023438 0.023438
2 0.012500 0.425781 0.025000 0.074219
2 0.040625 0.429688 0.050000 0.054688
2 0.067187 0.428711 0.028125 0.048828
2 0.090625 0.427734 0.034375 0.039062
2 0.105469 0.420898 0.048438 0.048828
2 0.135156 0.423828 0.014063 0.031250
2 0.153125 0.419922 0.028125 0.031250
2 0.182812 0.416992 0.028125 0.025391
2 0.206250 0.416016 0.021875 0.023438
