0 0.532813 0.472656 0.028125 0.113281
0 0.453125 0.454102 0.009375 0.044922
2 0.935156 0.491211 0.126562 0.091797
2 0.846875 0.461914 0.209375 0.107422
2 0.677344 0.465820 0.092188 0.044922
2 0.661719 0.456055 0.110937 0.048828
2 0.604688 0.456055 0.053125 0.033203
2 0.378125 0.446289 0.034375 0.033203
2 0.315625 0.453125 0.031250 0.031250
2 0.250000 0.448242 0.021875 0.021484
2 0.221094 0.451172 0.026562 0.027344
2 0.184375 0.454102 0.043750 0.044922
2 0.160156 0.455078 0.026562 0.042969
2 0.120313 0.457031 0.046875 0.039062
2 0.054688 0.461914 0.084375 0.060547
