9 0.700000 0.383789 0.028125 0.048828
9 0.632031 0.421875 0.010937 0.031250
9 0.071875 0.451172 0.012500 0.019531
9 0.269531 0.426758 0.010937 0.033203
11 0.878125 0.338867 0.034375 0.064453
0 0.985156 0.530273 0.026562 0.087891
0 0.948438 0.504883 0.053125 0.064453
0 0.932031 0.497070 0.020313 0.052734
0 0.859375 0.506836 0.034375 0.064453
0 0.835156 0.501953 0.026562 0.074219
0 0.646875 0.509766 0.021875 0.042969
0 0.637500 0.493164 0.009375 0.025391
0 0.625781 0.490234 0.004687 0.011719
0 0.612500 0.489258 0.006250 0.017578
0 0.596094 0.485352 0.004687 0.013672
0 0.260156 0.507812 0.014063 0.062500
0 0.251563 0.509766 0.009375 0.058594
0 0.090625 0.515625 0.028125 0.093750
0 0.072656 0.514648 0.020313 0.091797
0 0.328125 0.488281 0.003125 0.015625
0 0.397656 0.482422 0.007812 0.015625
2 0.546875 0.653320 0.325000 0.322266
2 0.517969 0.483398 0.067187 0.021484
2 0.442969 0.507812 0.045312 0.046875
2 0.385937 0.508789 0.040625 0.041016
2 0.407031 0.504883 0.020313 0.033203
