9 0.567969 0.439453 0.004687 0.011719
9 0.379688 0.445312 0.006250 0.015625
11 0.575000 0.430664 0.009375 0.017578
11 0.828906 0.387695 0.042188 0.041016
11 0.825781 0.337891 0.039062 0.054688
0 0.262500 0.477539 0.015625 0.056641
0 0.287500 0.479492 0.012500 0.044922
0 0.416406 0.476562 0.007812 0.023438
2 0.943750 0.547852 0.109375 0.205078
2 0.826562 0.511719 0.225000 0.183594
2 0.685156 0.494141 0.095312 0.097656
2 0.632031 0.491211 0.054688 0.072266
2 0.606250 0.484375 0.050000 0.066406
2 0.574219 0.481445 0.032813 0.048828
2 0.553125 0.477539 0.031250 0.041016
2 0.504687 0.479492 0.021875 0.021484
2 0.477344 0.477539 0.014063 0.017578
2 0.462500 0.479492 0.018750 0.021484
2 0.439844 0.479492 0.020313 0.017578
