11 0.414062 0.427734 0.009375 0.015625
0 0.205469 0.469727 0.017188 0.029297
0 0.217188 0.468750 0.012500 0.027344
1 0.025000 0.668945 0.050000 0.138672
2 0.112500 0.599609 0.178125 0.140625
2 0.191406 0.548828 0.139063 0.128906
2 0.271094 0.541016 0.057813 0.085938
2 0.304688 0.524414 0.062500 0.076172
2 0.337500 0.473633 0.053125 0.033203
2 0.385937 0.463867 0.040625 0.025391
2 0.445312 0.484375 0.053125 0.039062
2 0.860156 0.520508 0.098437 0.134766
2 0.760938 0.588867 0.225000 0.208984
2 0.688281 0.537109 0.164062 0.167969
2 0.615625 0.507812 0.065625 0.101562
2 0.486719 0.474609 0.029687 0.031250
2 0.504687 0.471680 0.015625 0.029297
2 0.517188 0.467773 0.015625 0.025391
2 0.535156 0.466797 0.023438 0.027344
2 0.569531 0.466797 0.010937 0.023438
2 0.570312 0.466797 0.015625 0.027344
2 0.560937 0.464844 0.012500 0.023438
2 0.585938 0.462891 0.018750 0.019531
0 0.021094 0.616211 0.042188 0.193359
0 0.132031 0.503906 0.020313 0.054688
0 0.578906 0.477539 0.014063 0.029297
1 0.571094 0.495117 0.023438 0.021484
