11 0.682031 0.360352 0.029687 0.029297
11 0.597656 0.376953 0.010937 0.019531
11 0.597656 0.391602 0.010937 0.009766
0 0.577344 0.425781 0.010937 0.031250
0 0.584375 0.421875 0.009375 0.035156
0 0.604688 0.423828 0.009375 0.027344
0 0.613281 0.445312 0.010937 0.042969
0 0.621094 0.432617 0.010937 0.033203
0 0.632812 0.433594 0.009375 0.031250
0 0.666406 0.438477 0.014063 0.048828
0 0.675781 0.431641 0.007812 0.039062
0 0.695312 0.453125 0.018750 0.070312
0 0.706250 0.441406 0.012500 0.050781
0 0.719531 0.451172 0.020313 0.070312
0 0.736719 0.448242 0.017188 0.072266
0 0.775781 0.451172 0.020313 0.066406
0 0.799219 0.456055 0.020313 0.068359
2 0.487500 0.428711 0.021875 0.025391
2 0.457813 0.448242 0.062500 0.060547
2 0.075781 0.445312 0.104688 0.070312
