9 0.574219 0.414062 0.007812 0.023438
9 0.746875 0.412109 0.006250 0.015625
0 0.914062 0.437500 0.006250 0.023438
0 0.937500 0.441406 0.006250 0.023438
7 0.434375 0.494141 0.109375 0.156250
3 0.530469 0.512695 0.029687 0.052734
3 0.509375 0.506836 0.018750 0.044922
3 0.373437 0.541016 0.034375 0.058594
2 0.742188 0.520508 0.103125 0.095703
2 0.683594 0.481445 0.039062 0.041016
2 0.624219 0.482422 0.032813 0.035156
2 0.674219 0.476562 0.026562 0.039062
2 0.545312 0.491211 0.028125 0.033203
2 0.494531 0.500000 0.017188 0.035156
2 0.554688 0.482422 0.028125 0.035156
2 0.529687 0.476562 0.015625 0.015625
2 0.503906 0.490234 0.023438 0.035156
2 0.575781 0.475586 0.020313 0.025391
2 0.589844 0.469727 0.017188 0.025391
2 0.596094 0.463867 0.017188 0.021484
2 0.602344 0.456055 0.010937 0.013672
2 0.653125 0.446289 0.015625 0.009766
2 0.610156 0.453125 0.007812 0.007812
0 0.528906 0.501953 0.026562 0.058594
0 0.509375 0.498047 0.018750 0.046875
0 0.374219 0.519531 0.032813 0.066406
