5 0.553906 0.452148 0.042188 0.052734
5 0.620313 0.446289 0.065625 0.025391
5 0.744531 0.448242 0.173437 0.060547
5 0.462500 0.449219 0.087500 0.031250
0 0.960938 0.515625 0.034375 0.136719
0 0.934375 0.507812 0.031250 0.125000
0 0.910156 0.518555 0.045312 0.154297
0 0.881250 0.506836 0.028125 0.111328
0 0.857812 0.504883 0.028125 0.107422
0 0.785937 0.503906 0.053125 0.109375
0 0.825000 0.500977 0.018750 0.111328
0 0.739844 0.485352 0.020313 0.072266
0 0.619531 0.472656 0.014063 0.050781
0 0.635938 0.473633 0.012500 0.044922
0 0.652344 0.474609 0.014063 0.046875
0 0.665625 0.471680 0.012500 0.048828
0 0.609375 0.461914 0.006250 0.025391
0 0.600000 0.462891 0.006250 0.023438
0 0.385156 0.453125 0.007812 0.023438
0 0.330469 0.455078 0.007812 0.019531
0 0.207031 0.477539 0.023438 0.068359
0 0.173437 0.472656 0.015625 0.074219
0 0.182031 0.470703 0.020313 0.070312
2 0.581250 0.479492 0.040625 0.041016
2 0.769531 0.478516 0.060937 0.054688
2 0.478906 0.458008 0.014063 0.017578
2 0.492969 0.459961 0.023438 0.021484
0 0.687500 0.504883 0.037500 0.130859
10 0.023438 0.518555 0.028125 0.060547
78 0.682813 0.574219 0.018750 0.007812
1 0.782031 0.524414 0.032813 0.064453
1 0.826562 0.526367 0.015625 0.064453
