1 0.692187 0.557617 0.090625 0.158203
1 0.567187 0.538086 0.037500 0.091797
1 0.524219 0.546875 0.057813 0.128906
1 0.417187 0.483398 0.021875 0.080078
1 0.362500 0.476562 0.012500 0.042969
1 0.337500 0.466797 0.009375 0.054688
1 0.314844 0.475586 0.007812 0.025391
1 0.396875 0.483398 0.015625 0.041016
2 0.075000 0.443359 0.103125 0.097656
2 0.128125 0.438477 0.059375 0.099609
0 0.691406 0.484375 0.089063 0.250000
0 0.560156 0.450195 0.039062 0.119141
0 0.528125 0.487305 0.065625 0.193359
0 0.412500 0.443359 0.046875 0.136719
0 0.361719 0.446289 0.026562 0.080078
0 0.335938 0.434570 0.028125 0.091797
0 0.314844 0.456055 0.017188 0.048828
