5 0.530469 0.500977 0.045312 0.017578
0 0.046875 0.499023 0.025000 0.115234
0 0.065625 0.499023 0.031250 0.119141
0 0.091406 0.500977 0.026562 0.123047
0 0.233594 0.493164 0.017188 0.064453
0 0.260937 0.495117 0.015625 0.056641
1 0.476562 0.504883 0.012500 0.013672
1 0.502344 0.505859 0.010937 0.015625
1 0.766406 0.569336 0.057813 0.130859
1 0.834375 0.568359 0.075000 0.136719
2 0.406250 0.497070 0.046875 0.048828
2 0.435937 0.501953 0.021875 0.035156
2 0.446875 0.498047 0.021875 0.031250
2 0.462500 0.499023 0.009375 0.025391
2 0.590625 0.508789 0.034375 0.037109
0 0.477344 0.496094 0.010937 0.031250
0 0.501563 0.496094 0.009375 0.031250
10 0.912500 0.683594 0.065625 0.140625
2 0.952344 0.530273 0.092188 0.083984
1 0.278125 0.509766 0.015625 0.039062
1 0.304688 0.502930 0.025000 0.052734
