5 0.523438 0.433594 0.075000 0.062500
5 0.635156 0.430664 0.089063 0.044922
5 0.823438 0.426758 0.271875 0.146484
5 0.434375 0.454102 0.103125 0.033203
0 0.943750 0.624023 0.109375 0.607422
0 0.682031 0.475586 0.039062 0.119141
0 0.641406 0.459961 0.020313 0.064453
0 0.599219 0.466797 0.014063 0.062500
0 0.619531 0.467773 0.014063 0.056641
0 0.610938 0.451172 0.009375 0.035156
0 0.583594 0.457031 0.010937 0.039062
0 0.571094 0.456055 0.007812 0.033203
0 0.288281 0.470703 0.010937 0.031250
0 0.128906 0.491211 0.014063 0.029297
0 0.362500 0.465820 0.006250 0.021484
0 0.370312 0.466797 0.006250 0.019531
0 0.375781 0.466797 0.004687 0.019531
2 0.503906 0.512695 0.126562 0.115234
2 0.900000 0.450195 0.184375 0.126953
10 0.341406 0.479492 0.004687 0.017578
0 0.110937 0.500000 0.025000 0.046875
