9 0.802344 0.299805 0.017188 0.060547
9 0.814844 0.366211 0.014063 0.025391
9 0.563281 0.377930 0.017188 0.021484
9 0.546875 0.384766 0.012500 0.015625
9 0.567187 0.324219 0.012500 0.054688
11 0.864062 0.349609 0.037500 0.015625
11 0.811719 0.338867 0.017188 0.017578
0 0.401562 0.471680 0.037500 0.103516
0 0.412500 0.472656 0.028125 0.101562
0 0.540625 0.459961 0.021875 0.080078
0 0.579688 0.454102 0.031250 0.083984
0 0.241406 0.571289 0.170313 0.466797
0 0.175781 0.574219 0.176563 0.488281
2 0.422656 0.460938 0.007812 0.007812
2 0.476562 0.467773 0.046875 0.048828
2 0.078125 0.497070 0.156250 0.201172
2 0.432812 0.459961 0.009375 0.009766
2 0.440625 0.460938 0.006250 0.007812
10 0.547656 0.479492 0.014063 0.041016
