5 0.308594 0.398438 0.035937 0.046875
9 0.707812 0.188477 0.021875 0.068359
9 0.733594 0.180664 0.017188 0.064453
11 0.539844 0.362305 0.010937 0.017578
11 0.092969 0.331055 0.023438 0.025391
0 0.556250 0.418945 0.012500 0.044922
0 0.568750 0.426758 0.018750 0.080078
0 0.770312 0.393555 0.009375 0.017578
0 0.811719 0.394531 0.010937 0.023438
0 0.682813 0.399414 0.012500 0.029297
2 0.425000 0.410156 0.018750 0.019531
2 0.396094 0.409180 0.017188 0.021484
2 0.353906 0.413086 0.076563 0.083984
2 0.253125 0.416992 0.050000 0.044922
2 0.493750 0.420898 0.068750 0.068359
0 0.442969 0.409180 0.007812 0.021484
10 0.676562 0.474609 0.021875 0.078125
