5 0.510938 0.513672 0.012500 0.019531
0 0.904687 0.549805 0.009375 0.037109
0 0.947656 0.544922 0.010937 0.039062
0 0.957812 0.543945 0.012500 0.041016
0 0.716406 0.535156 0.007812 0.039062
0 0.033594 0.555664 0.007812 0.044922
0 0.040625 0.555664 0.009375 0.044922
0 0.050781 0.559570 0.014063 0.044922
0 0.267969 0.537109 0.007812 0.023438
0 0.115625 0.547852 0.006250 0.025391
0 0.121094 0.546875 0.004687 0.023438
0 0.125781 0.544922 0.004687 0.023438
0 0.164844 0.545898 0.007812 0.033203
0 0.170313 0.545898 0.006250 0.029297
0 0.232031 0.550781 0.010937 0.031250
0 0.239063 0.546875 0.009375 0.031250
0 0.768750 0.529297 0.006250 0.019531
0 0.787500 0.528320 0.006250 0.017578
0 0.815625 0.529297 0.006250 0.015625
0 0.823438 0.529297 0.006250 0.015625
0 0.656250 0.531250 0.006250 0.011719
3 0.981250 0.638672 0.034375 0.203125
3 0.950781 0.628906 0.095312 0.156250
3 0.911719 0.614258 0.085938 0.146484
2 0.292187 0.545898 0.037500 0.037109
2 0.428906 0.532227 0.020313 0.021484
2 0.446094 0.530273 0.014063 0.017578
2 0.406250 0.535156 0.025000 0.019531
2 0.329688 0.578125 0.103125 0.097656
2 0.482812 0.530273 0.015625 0.013672
2 0.519531 0.531250 0.014063 0.015625
2 0.542188 0.536133 0.021875 0.021484
2 0.571875 0.538086 0.025000 0.033203
2 0.588281 0.541992 0.032813 0.029297
2 0.642969 0.577148 0.085938 0.080078
2 0.615625 0.543945 0.037500 0.033203
2 0.445312 0.748047 0.381250 0.425781
2 0.507812 0.524414 0.012500 0.017578
2 0.496875 0.523438 0.009375 0.019531
