1 0.461719 0.520508 0.014063 0.029297
1 0.475000 0.525391 0.012500 0.031250
1 0.500000 0.526367 0.018750 0.041016
1 0.517969 0.534180 0.017188 0.048828
1 0.528125 0.528320 0.015625 0.052734
1 0.597656 0.548828 0.035937 0.070312
1 0.892188 0.601562 0.096875 0.152344
2 0.075000 0.488281 0.115625 0.070312
2 0.015625 0.555664 0.031250 0.263672
2 0.771094 0.537109 0.060937 0.054688
0 0.460938 0.507812 0.012500 0.042969
0 0.475781 0.512695 0.014063 0.044922
0 0.500000 0.512695 0.018750 0.056641
0 0.519531 0.514648 0.020313 0.072266
0 0.529687 0.505859 0.015625 0.062500
0 0.600000 0.521484 0.037500 0.085938
0 0.888281 0.541992 0.082812 0.193359
78 0.649219 0.508789 0.189062 0.146484
