9 0.421875 0.424805 0.003125 0.009766
9 0.382031 0.416992 0.004687 0.009766
9 0.357031 0.420898 0.004687 0.009766
11 0.973437 0.238281 0.050000 0.093750
11 0.556250 0.377930 0.021875 0.029297
11 0.560156 0.406250 0.017188 0.011719
11 0.432812 0.430664 0.012500 0.005859
11 0.585938 0.393555 0.018750 0.029297
11 0.035156 0.390625 0.029687 0.031250
11 0.035156 0.420898 0.017188 0.009766
1 0.577344 0.500000 0.029687 0.054688
2 0.441406 0.461914 0.010937 0.021484
2 0.451562 0.462891 0.018750 0.023438
2 0.416406 0.462891 0.014063 0.015625
2 0.385156 0.463867 0.023438 0.021484
78 0.360156 0.455078 0.020313 0.035156
2 0.223438 0.503906 0.165625 0.128906
0 0.578125 0.473633 0.028125 0.087891
11 0.153125 0.416992 0.012500 0.017578
11 0.521875 0.420898 0.018750 0.005859
