9 0.657813 0.413086 0.006250 0.017578
9 0.080469 0.389648 0.007812 0.025391
9 0.150781 0.412109 0.007812 0.023438
11 0.793750 0.375000 0.018750 0.023438
11 0.795312 0.437500 0.018750 0.039062
11 0.614062 0.388672 0.018750 0.042969
11 0.613281 0.425781 0.014063 0.027344
11 0.332813 0.428711 0.009375 0.013672
11 0.275000 0.417969 0.012500 0.027344
11 0.226562 0.416016 0.012500 0.019531
0 0.733594 0.454102 0.007812 0.025391
0 0.744531 0.450195 0.020313 0.033203
0 0.579688 0.465820 0.018750 0.037109
0 0.926562 0.463867 0.028125 0.083984
0 0.315625 0.465820 0.006250 0.021484
1 0.096875 0.520508 0.037500 0.087891
2 0.403125 0.466797 0.025000 0.027344
2 0.370312 0.473633 0.050000 0.048828
2 0.200781 0.506836 0.195312 0.173828
2 0.454688 0.480469 0.090625 0.101562
2 0.639062 0.507812 0.121875 0.109375
0 0.103906 0.489258 0.048438 0.115234
