11 0.592969 0.429688 0.017188 0.011719
11 0.568750 0.373047 0.009375 0.019531
11 0.536719 0.368164 0.020313 0.029297
11 0.494531 0.403320 0.004687 0.009766
11 0.496094 0.388672 0.007812 0.015625
2 0.088281 0.443359 0.085938 0.058594
2 0.209375 0.458984 0.075000 0.082031
2 0.271875 0.449219 0.050000 0.046875
2 0.293750 0.440430 0.046875 0.052734
2 0.322656 0.441406 0.017188 0.042969
2 0.332813 0.435547 0.028125 0.039062
2 0.365625 0.439453 0.018750 0.019531
2 0.378125 0.439453 0.015625 0.015625
2 0.528125 0.457031 0.065625 0.058594
2 0.495312 0.448242 0.034375 0.044922
2 0.469531 0.439453 0.023438 0.027344
2 0.478125 0.450195 0.012500 0.029297
