9 0.980469 0.325195 0.017188 0.048828
9 0.606250 0.353516 0.015625 0.042969
9 0.060937 0.366211 0.018750 0.048828
11 0.600000 0.406250 0.025000 0.042969
11 0.251563 0.421875 0.015625 0.023438
0 0.926562 0.483398 0.037500 0.111328
0 0.980469 0.488281 0.035937 0.191406
0 0.967187 0.477539 0.031250 0.173828
0 0.807813 0.483398 0.031250 0.060547
0 0.767969 0.467773 0.029687 0.099609
0 0.746875 0.470703 0.021875 0.093750
1 0.235156 0.502930 0.023438 0.044922
2 0.440625 0.482422 0.106250 0.121094
2 0.366406 0.481445 0.048438 0.048828
2 0.303125 0.496094 0.090625 0.070312
2 0.057813 0.524414 0.115625 0.287109
0 0.235937 0.484375 0.025000 0.066406
10 0.584375 0.500977 0.012500 0.037109
