11 0.057813 0.320312 0.034375 0.062500
11 0.584375 0.378906 0.012500 0.019531
11 0.904687 0.369141 0.009375 0.015625
1 0.517188 0.451172 0.025000 0.054688
1 0.484375 0.457031 0.025000 0.042969
1 0.449219 0.458008 0.029687 0.048828
1 0.417969 0.457031 0.023438 0.054688
1 0.391406 0.461914 0.023438 0.052734
1 0.346875 0.464844 0.037500 0.062500
1 0.333594 0.466797 0.017188 0.050781
1 0.278906 0.473633 0.057813 0.072266
1 0.242969 0.477539 0.054688 0.064453
1 0.309375 0.469727 0.025000 0.056641
1 0.180469 0.480469 0.051562 0.078125
1 0.155469 0.482422 0.023438 0.074219
1 0.092969 0.489258 0.067187 0.083984
1 0.037500 0.488281 0.050000 0.082031
2 0.107031 0.421875 0.214062 0.093750
2 0.582812 0.430664 0.040625 0.033203
2 0.882031 0.428711 0.073438 0.080078
0 0.521094 0.429688 0.029687 0.078125
0 0.486719 0.439453 0.026562 0.066406
0 0.449219 0.440430 0.029687 0.068359
0 0.418750 0.423828 0.028125 0.074219
0 0.402344 0.433594 0.020313 0.078125
0 0.360156 0.440430 0.026562 0.103516
0 0.343750 0.439453 0.028125 0.054688
0 0.310156 0.451172 0.029687 0.097656
0 0.278125 0.450195 0.040625 0.111328
0 0.244531 0.449219 0.039062 0.074219
0 0.265625 0.431641 0.021875 0.039062
0 0.212500 0.460938 0.028125 0.097656
0 0.184375 0.444336 0.059375 0.103516
0 0.092188 0.455078 0.053125 0.109375
0 0.045312 0.444336 0.043750 0.126953
2 0.630469 0.416016 0.054688 0.035156
