0 0.171875 0.486328 0.040625 0.144531
0 0.153125 0.485352 0.025000 0.119141
0 0.881250 0.505859 0.040625 0.109375
2 0.082031 0.540039 0.164062 0.248047
2 0.285156 0.500000 0.129688 0.105469
2 0.337500 0.483398 0.075000 0.095703
2 0.378906 0.484375 0.026562 0.062500
2 0.387500 0.467773 0.053125 0.076172
2 0.422656 0.471680 0.029687 0.044922
2 0.434375 0.472656 0.015625 0.035156
2 0.438281 0.469727 0.023438 0.037109
2 0.452344 0.466797 0.020313 0.035156
2 0.463281 0.465820 0.014063 0.025391
2 0.472656 0.458008 0.026562 0.033203
2 0.494531 0.458984 0.017188 0.015625
2 0.500781 0.456055 0.010937 0.013672
2 0.509375 0.458008 0.006250 0.009766
2 0.514844 0.458008 0.004687 0.009766
2 0.557813 0.463867 0.015625 0.013672
2 0.549219 0.459961 0.007812 0.013672
2 0.574219 0.467773 0.017188 0.029297
2 0.588281 0.469727 0.026562 0.041016
2 0.617188 0.481445 0.059375 0.064453
2 0.781250 0.494141 0.081250 0.089844
2 0.745313 0.493164 0.065625 0.068359
2 0.713281 0.482422 0.054688 0.050781
2 0.657031 0.474609 0.029687 0.035156
2 0.971875 0.506836 0.053125 0.087891
