9 0.390625 0.305664 0.009375 0.033203
9 0.528125 0.368164 0.009375 0.033203
9 0.025000 0.363281 0.012500 0.039062
9 0.185156 0.285156 0.014063 0.039062
9 0.382812 0.381836 0.006250 0.017578
9 0.041406 0.416016 0.007812 0.011719
11 0.372656 0.376953 0.010937 0.015625
0 0.921094 0.464844 0.070312 0.179688
0 0.893750 0.462891 0.034375 0.164062
0 0.844531 0.466797 0.051562 0.179688
0 0.826562 0.416992 0.031250 0.080078
0 0.937500 0.461914 0.031250 0.166016
0 0.651563 0.444336 0.021875 0.052734
0 0.706250 0.458008 0.015625 0.083984
0 0.718750 0.458008 0.018750 0.087891
0 0.481250 0.460938 0.012500 0.039062
0 0.506250 0.446289 0.012500 0.025391
0 0.784375 0.433594 0.015625 0.042969
0 0.615625 0.456055 0.012500 0.029297
1 0.968750 0.531250 0.059375 0.203125
2 0.439063 0.460938 0.018750 0.023438
2 0.423438 0.466797 0.028125 0.027344
2 0.380469 0.461914 0.020313 0.017578
2 0.291406 0.469727 0.039062 0.037109
