11 0.169531 0.403320 0.026562 0.033203
0 0.087500 0.505859 0.025000 0.093750
0 0.395313 0.457031 0.006250 0.019531
1 0.114844 0.532227 0.032813 0.056641
1 0.363281 0.620117 0.070312 0.146484
2 0.272656 0.494141 0.070312 0.070312
2 0.307031 0.492188 0.017188 0.050781
2 0.319531 0.488281 0.017188 0.046875
2 0.327344 0.482422 0.017188 0.039062
2 0.329688 0.462891 0.031250 0.031250
2 0.373437 0.464844 0.015625 0.023438
2 0.382812 0.460938 0.015625 0.023438
2 0.418750 0.464844 0.021875 0.023438
2 0.535937 0.500000 0.062500 0.074219
2 0.475000 0.474609 0.021875 0.054688
2 0.464062 0.473633 0.012500 0.037109
2 0.411719 0.450195 0.010937 0.009766
2 0.427344 0.452148 0.010937 0.009766
2 0.442188 0.450195 0.012500 0.009766
2 0.404687 0.465820 0.009375 0.021484
2 0.262500 0.455078 0.031250 0.011719
0 0.114844 0.504883 0.029687 0.091797
0 0.360938 0.556641 0.071875 0.207031
0 0.497656 0.547852 0.054688 0.201172
78 0.496094 0.653320 0.023438 0.025391
78 0.522656 0.455078 0.042188 0.039062
11 0.170313 0.424805 0.015625 0.009766
