9 0.261719 0.416992 0.004687 0.013672
9 0.228125 0.418945 0.003125 0.013672
11 0.828125 0.273438 0.028125 0.050781
11 0.464844 0.394531 0.023438 0.031250
11 0.466406 0.413086 0.017188 0.005859
11 0.466406 0.421875 0.017188 0.007812
11 0.407031 0.427734 0.014063 0.019531
0 0.771875 0.460938 0.018750 0.070312
0 0.597656 0.460938 0.014063 0.046875
1 0.782813 0.510742 0.093750 0.095703
1 0.763281 0.493164 0.098437 0.103516
2 0.403906 0.475586 0.045312 0.041016
2 0.378125 0.470703 0.028125 0.031250
2 0.339062 0.472656 0.037500 0.046875
2 0.358594 0.468750 0.014063 0.027344
2 0.293750 0.493164 0.096875 0.083984
2 0.167187 0.475586 0.037500 0.033203
2 0.108594 0.487305 0.095312 0.083984
2 0.046875 0.538086 0.093750 0.259766
