5 0.328125 0.478516 0.121875 0.136719
11 0.832812 0.391602 0.018750 0.037109
11 0.590625 0.471680 0.015625 0.017578
11 0.592187 0.452148 0.015625 0.021484
11 0.528906 0.470703 0.004687 0.011719
11 0.257031 0.422852 0.010937 0.021484
0 0.814063 0.533203 0.021875 0.097656
2 0.124219 0.553711 0.226562 0.177734
2 0.410156 0.502930 0.014063 0.013672
2 0.449219 0.501953 0.014063 0.015625
2 0.707031 0.541992 0.142187 0.138672
2 0.616406 0.516602 0.085938 0.095703
2 0.569531 0.517578 0.039062 0.062500
2 0.550781 0.511719 0.035937 0.050781
2 0.532813 0.508789 0.021875 0.041016
2 0.521094 0.509766 0.017188 0.031250
2 0.507812 0.503906 0.015625 0.027344
2 0.496094 0.503906 0.014063 0.015625
2 0.481250 0.502930 0.015625 0.017578
