9 0.043750 0.353516 0.012500 0.050781
9 0.047656 0.408203 0.029687 0.046875
9 0.728125 0.356445 0.012500 0.048828
11 0.717187 0.415039 0.025000 0.048828
11 0.643750 0.414062 0.009375 0.019531
11 0.643750 0.391602 0.015625 0.025391
0 0.564844 0.477539 0.007812 0.029297
0 0.278125 0.461914 0.003125 0.009766
0 0.284375 0.462891 0.006250 0.007812
0 0.300781 0.468750 0.004687 0.015625
0 0.308594 0.468750 0.007812 0.019531
0 0.038281 0.504883 0.026562 0.103516
0 0.759375 0.500977 0.021875 0.107422
0 0.810156 0.500000 0.023438 0.113281
0 0.796875 0.502930 0.028125 0.123047
0 0.853125 0.501953 0.021875 0.097656
0 0.865625 0.498047 0.028125 0.121094
2 0.422656 0.472656 0.007812 0.007812
2 0.414062 0.472656 0.009375 0.007812
2 0.405469 0.472656 0.007812 0.007812
2 0.380469 0.474609 0.014063 0.023438
2 0.365625 0.475586 0.025000 0.025391
2 0.325781 0.483398 0.048438 0.033203
2 0.279687 0.490234 0.059375 0.046875
2 0.482812 0.491211 0.115625 0.095703
10 0.696875 0.522461 0.015625 0.048828
