0 0.947656 0.527344 0.085938 0.250000
0 0.855469 0.508789 0.079687 0.263672
0 0.791406 0.516602 0.060937 0.271484
0 0.683594 0.489258 0.032813 0.099609
0 0.641406 0.485352 0.035937 0.111328
0 0.596094 0.479492 0.029687 0.107422
0 0.576562 0.482422 0.018750 0.097656
0 0.561719 0.476562 0.029687 0.109375
0 0.539062 0.480469 0.028125 0.097656
0 0.520312 0.484375 0.015625 0.058594
0 0.508594 0.484375 0.014063 0.046875
0 0.494531 0.483398 0.014063 0.044922
0 0.482031 0.485352 0.010937 0.041016
0 0.470313 0.481445 0.012500 0.041016
1 0.725781 0.504883 0.042188 0.076172
2 0.211719 0.500977 0.157812 0.142578
2 0.421875 0.491211 0.034375 0.037109
2 0.390625 0.490234 0.028125 0.039062
2 0.353125 0.483398 0.062500 0.060547
