9 0.034375 0.364258 0.015625 0.056641
9 0.036719 0.424805 0.017188 0.021484
9 0.385937 0.450195 0.006250 0.017578
9 0.586719 0.456055 0.004687 0.013672
9 0.705469 0.369141 0.017188 0.058594
9 0.697656 0.435547 0.023438 0.027344
11 0.036719 0.402344 0.042188 0.015625
11 0.705469 0.409180 0.042188 0.017578
0 0.231250 0.487305 0.006250 0.044922
0 0.289844 0.480469 0.007812 0.023438
0 0.335938 0.482422 0.006250 0.015625
0 0.353125 0.480469 0.006250 0.011719
0 0.371094 0.481445 0.007812 0.017578
0 0.390625 0.476562 0.006250 0.019531
0 0.394531 0.480469 0.007812 0.031250
0 0.425781 0.529297 0.045312 0.109375
0 0.408594 0.484375 0.004687 0.019531
0 0.450000 0.527344 0.046875 0.125000
0 0.443750 0.529297 0.040625 0.109375
0 0.642969 0.489258 0.010937 0.021484
0 0.652344 0.491211 0.004687 0.017578
0 0.671875 0.487305 0.009375 0.021484
0 0.705469 0.488281 0.007812 0.023438
0 0.932031 0.512695 0.026562 0.095703
0 0.950781 0.517578 0.023438 0.085938
1 0.157031 0.514648 0.023438 0.041016
2 0.528125 0.490234 0.015625 0.015625
2 0.522656 0.496094 0.017188 0.023438
2 0.504687 0.499023 0.025000 0.025391
2 0.557813 0.497070 0.028125 0.029297
