9 0.246094 0.280273 0.020313 0.083984
9 0.235937 0.367188 0.028125 0.035156
9 0.963281 0.329102 0.023438 0.076172
9 0.967187 0.410156 0.025000 0.031250
9 0.038281 0.236328 0.032813 0.089844
9 0.035937 0.342773 0.025000 0.044922
11 0.652344 0.438477 0.007812 0.013672
11 0.594531 0.427734 0.010937 0.015625
0 0.171875 0.495117 0.034375 0.142578
0 0.192969 0.484375 0.035937 0.144531
0 0.032031 0.480469 0.032813 0.152344
7 0.550000 0.452148 0.050000 0.072266
7 0.449219 0.455078 0.014063 0.019531
2 0.664844 0.499023 0.064062 0.064453
2 0.626563 0.490234 0.059375 0.054688
2 0.600000 0.485352 0.025000 0.044922
2 0.589844 0.480469 0.039062 0.046875
2 0.575000 0.476562 0.037500 0.046875
2 0.554688 0.480469 0.018750 0.031250
2 0.522656 0.469727 0.014063 0.025391
2 0.515625 0.465820 0.021875 0.025391
2 0.483594 0.475586 0.042188 0.041016
2 0.455469 0.460938 0.020313 0.023438
2 0.431250 0.467773 0.012500 0.033203
2 0.414844 0.470703 0.032813 0.039062
2 0.401562 0.483398 0.056250 0.056641
78 0.731250 0.469727 0.103125 0.154297
