5 0.516406 0.447266 0.060937 0.085938
5 0.433594 0.455078 0.095312 0.042969
5 0.671875 0.437500 0.178125 0.121094
5 0.886719 0.386719 0.223438 0.070312
0 0.096094 0.492188 0.007812 0.046875
0 0.103906 0.486328 0.010937 0.058594
0 0.113281 0.497070 0.007812 0.041016
0 0.171094 0.486328 0.014063 0.046875
0 0.362500 0.464844 0.006250 0.019531
0 0.367969 0.463867 0.004687 0.021484
0 0.372656 0.462891 0.004687 0.019531
0 0.378906 0.463867 0.004687 0.021484
0 0.384375 0.463867 0.006250 0.021484
0 0.465625 0.463867 0.012500 0.044922
0 0.559375 0.454102 0.009375 0.037109
0 0.550781 0.459961 0.010937 0.041016
0 0.577344 0.458008 0.010937 0.044922
0 0.624219 0.464844 0.023438 0.101562
0 0.642969 0.467773 0.017188 0.091797
0 0.755469 0.473633 0.045312 0.162109
0 0.128125 0.491211 0.015625 0.029297
0 0.115625 0.479492 0.009375 0.025391
2 0.451562 0.463867 0.015625 0.025391
2 0.478906 0.462891 0.017188 0.023438
2 0.776563 0.433594 0.125000 0.066406
2 0.850000 0.448242 0.140625 0.103516
2 0.914062 0.447266 0.168750 0.132812
2 0.952344 0.487305 0.092188 0.111328
0 0.429688 0.472656 0.018750 0.066406
10 0.340625 0.477539 0.006250 0.017578
78 0.430469 0.508789 0.010937 0.005859
