5 0.516406 0.449219 0.060937 0.085938
5 0.432031 0.454102 0.095312 0.041016
5 0.815625 0.433594 0.259375 0.113281
0 0.850781 0.552734 0.207813 0.457031
0 0.667969 0.464844 0.023438 0.085938
0 0.646875 0.468750 0.028125 0.089844
0 0.639062 0.464844 0.018750 0.082031
0 0.597656 0.457031 0.017188 0.050781
0 0.607812 0.456055 0.009375 0.041016
0 0.617188 0.456055 0.009375 0.037109
0 0.623437 0.449219 0.012500 0.042969
0 0.548438 0.458984 0.009375 0.039062
0 0.556250 0.458984 0.012500 0.042969
0 0.585156 0.454102 0.010937 0.037109
0 0.576562 0.458984 0.015625 0.042969
0 0.379688 0.467773 0.012500 0.037109
0 0.371875 0.464844 0.006250 0.023438
0 0.109375 0.495117 0.018750 0.044922
0 0.142187 0.493164 0.012500 0.056641
0 0.157031 0.496094 0.017188 0.050781
2 0.453906 0.465820 0.032813 0.029297
2 0.478906 0.462891 0.017188 0.023438
2 0.425781 0.464844 0.026562 0.019531
2 0.777344 0.444336 0.129688 0.091797
10 0.340625 0.478516 0.006250 0.019531
