11 0.452344 0.491211 0.014063 0.029297
11 0.461719 0.311523 0.039062 0.064453
11 0.721094 0.483398 0.007812 0.013672
0 0.364844 0.471680 0.020313 0.064453
1 0.414844 0.498047 0.026562 0.054688
2 0.511719 0.474609 0.082812 0.042969
2 0.555469 0.472656 0.039062 0.042969
2 0.612500 0.474609 0.056250 0.054688
2 0.685937 0.482422 0.028125 0.039062
2 0.736719 0.469727 0.107813 0.060547
2 0.848437 0.468750 0.062500 0.054688
2 0.922656 0.489258 0.110937 0.126953
2 0.985156 0.476562 0.026562 0.066406
0 0.412500 0.476562 0.031250 0.074219
78 0.627344 0.460938 0.082812 0.050781
