5 0.415625 0.575195 0.093750 0.095703
9 0.298438 0.499023 0.012500 0.033203
9 0.292187 0.587891 0.009375 0.011719
11 0.232031 0.476562 0.048438 0.015625
11 0.228125 0.496094 0.043750 0.019531
11 0.227344 0.518555 0.045312 0.017578
11 0.227344 0.536133 0.042188 0.013672
11 0.263281 0.499023 0.023438 0.025391
11 0.264062 0.518555 0.025000 0.009766
11 0.835156 0.482422 0.035937 0.023438
11 0.828125 0.450195 0.015625 0.029297
11 0.836719 0.512695 0.026562 0.033203
11 0.699219 0.522461 0.035937 0.048828
0 0.979688 0.605469 0.037500 0.089844
0 0.851562 0.600586 0.018750 0.060547
0 0.839063 0.599609 0.012500 0.062500
0 0.844531 0.598633 0.010937 0.052734
0 0.750781 0.595703 0.010937 0.050781
0 0.689063 0.583984 0.009375 0.019531
0 0.698438 0.583984 0.009375 0.019531
0 0.607031 0.591797 0.010937 0.031250
0 0.583594 0.584961 0.007812 0.021484
0 0.594531 0.587891 0.007812 0.023438
0 0.219531 0.578125 0.023438 0.046875
3 0.556250 0.622070 0.031250 0.048828
3 0.228906 0.605469 0.070312 0.062500
2 0.048438 0.702148 0.096875 0.197266
2 0.484375 0.615234 0.103125 0.085938
0 0.555469 0.607422 0.026562 0.054688
