11 0.367188 0.442383 0.009375 0.013672
0 0.765625 0.499023 0.040625 0.134766
0 0.715625 0.508789 0.050000 0.162109
0 0.590625 0.487305 0.025000 0.095703
0 0.438281 0.480469 0.023438 0.054688
0 0.322656 0.484375 0.020313 0.066406
0 0.297656 0.479492 0.017188 0.072266
2 0.035156 0.465820 0.070312 0.037109
2 0.174219 0.483398 0.085938 0.068359
2 0.118750 0.461914 0.046875 0.037109
2 0.222656 0.469727 0.045312 0.041016
2 0.339062 0.458984 0.031250 0.011719
2 0.379688 0.475586 0.053125 0.037109
2 0.460156 0.476562 0.032813 0.031250
2 0.490625 0.476562 0.028125 0.027344
2 0.802344 0.483398 0.245312 0.111328
72 0.418750 0.490234 0.021875 0.035156
0 0.925000 0.532227 0.028125 0.138672
