9 0.930469 0.284180 0.017188 0.107422
9 0.792188 0.252930 0.025000 0.099609
9 0.767188 0.207031 0.015625 0.046875
9 0.716406 0.228516 0.010937 0.042969
9 0.650000 0.383789 0.009375 0.033203
9 0.625781 0.388672 0.007812 0.031250
9 0.632031 0.423828 0.007812 0.011719
9 0.805469 0.362305 0.020313 0.041016
9 0.942187 0.380859 0.015625 0.031250
9 0.571875 0.387695 0.012500 0.017578
9 0.421094 0.332031 0.014063 0.035156
9 0.288281 0.325195 0.014063 0.037109
11 0.740625 0.216797 0.012500 0.042969
11 0.871875 0.257812 0.043750 0.042969
11 0.306250 0.321289 0.018750 0.025391
11 0.485938 0.363281 0.040625 0.007812
0 0.618750 0.466797 0.015625 0.046875
2 0.294531 0.466797 0.054688 0.035156
2 0.250781 0.482422 0.139063 0.054688
2 0.175000 0.479492 0.043750 0.037109
2 0.103125 0.502930 0.134375 0.103516
2 0.020313 0.516602 0.037500 0.126953
2 0.461719 0.505859 0.282813 0.281250
